65006 73.24 61.42 1.21e-19 0.86673
65000 64.69 66.09 1.35e-19 0.83609
65003 69.32 63.82 1.28e-19 0.84963
63197 -35.09 66.19 1.35e-19 0.83622
64142 -154.30 75.50 1.04e-19 0.91652
63191 -39.22 67.15 1.34e-19 0.83811
65213 -57.99 77.44 1.36e-19 0.83272
65210 -61.92 74.59 1.32e-19 0.84194
65294 86.94 86.84 1.39e-19 0.82688
65291 15.00 89.00 1.40e-19 0.82597
65288 -56.94 86.84 1.39e-19 0.82688
65075 -57.47 61.57 1.11e-19 0.89384
62987 15.00 -74.00 -8.56e-21 -0.00856
65072 81.77 60.39 1.13e-19 0.88922
65486 -149.69 78.56 1.13e-19 0.88918
65069 78.69 63.02 1.21e-19 0.86815
65420 135.13 79.58 1.24e-19 0.86075
62981 15.00 -90.00 -1.46e-20 -0.01464
65483 -136.50 77.35 1.11e-19 0.89390
65156 -25.98 80.83 1.45e-19 0.81715
65426 125.59 73.95 1.15e-19 0.88204
65480 -126.21 75.54 1.08e-19 0.90155
63281 -2.95 47.55 1.12e-19 0.89234
63287 -1.51 45.84 1.07e-19 0.90518
65150 -45.89 76.23 1.40e-19 0.82619
65390 -91.61 68.04 1.03e-19 0.91732
63227 -18.77 60.10 1.33e-19 0.83873
65393 -93.21 71.02 1.10e-19 0.89781
65396 -95.59 73.95 1.15e-19 0.88204
63221 -21.51 61.46 1.34e-19 0.83665
63443 45.48 49.24 1.11e-19 0.89541
64046 20.50 70.00 1.48e-19 0.81503
64082 20.50 48.00 1.16e-19 0.88112
64043 20.50 72.00 1.47e-19 0.81690
64040 20.50 74.00 1.47e-19 0.81850
64781 -30.59 55.29 1.16e-19 0.87908
64778 -34.18 53.14 1.08e-19 0.90163
64784 -26.57 57.31 1.24e-19 0.86073
64079 20.50 50.00 1.21e-19 0.86748
64787 -22.08 59.16 1.30e-19 0.84593
64919 -2.88 70.09 1.47e-19 0.81417
64925 15.00 71.00 1.47e-19 0.81634
64922 5.86 70.77 1.48e-19 0.81510
64439 54.68 50.43 1.08e-19 0.90265
64445 61.37 46.31 9.16e-20 0.95762
64442 58.18 48.44 1.00e-19 0.92772
63119 -95.35 67.98 1.01e-19 0.92474
63125 -90.61 68.69 1.05e-19 0.91057
63377 68.74 63.99 1.29e-19 0.84816
64544 53.49 54.84 1.20e-19 0.86977
64187 23.29 43.52 1.02e-19 0.91995
64325 -18.58 49.61 1.10e-19 0.89771
63776 -159.50 74.00 9.87e-20 0.93227
64181 15.00 44.00 1.05e-19 0.91312
64178 10.84 43.88 1.04e-19 0.91483
64184 19.16 43.88 1.04e-19 0.91483
64013 -159.50 88.00 1.35e-19 0.83609
64250 37.26 46.89 1.08e-19 0.90258
64253 41.20 45.58 1.02e-19 0.91978
64073 20.50 54.00 1.30e-19 0.84533
64070 20.50 56.00 1.34e-19 0.83664
65246 94.74 71.70 1.26e-19 0.85422
65492 179.69 78.56 1.13e-19 0.88918
65243 91.92 74.59 1.32e-19 0.84194
65495 166.50 77.35 1.11e-19 0.89390
64076 20.50 52.00 1.26e-19 0.85558
65240 87.99 77.44 1.36e-19 0.83272
64208 23.74 46.51 1.11e-19 0.89392
64457 -27.42 52.92 1.13e-19 0.88918
65177 81.53 73.61 1.35e-19 0.83459
64166 11.03 40.88 9.50e-20 0.94515
64163 15.00 38.00 8.62e-20 0.97892
65171 67.87 78.68 1.43e-19 0.82052
64094 20.50 40.00 9.21e-20 0.95568
65174 75.89 76.23 1.40e-19 0.82619
64160 15.00 35.00 7.67e-20 1.02082
65387 -90.51 65.03 9.60e-20 0.94133
63257 -9.72 54.13 1.26e-19 0.85625
65297 96.36 83.93 1.38e-19 0.82966
63251 -11.73 55.69 1.28e-19 0.85036
65381 113.36 62.69 9.46e-20 0.94680
65384 113.42 59.64 8.62e-20 0.97901
65357 139.00 86.38 1.34e-19 0.83717
65348 -94.24 83.64 1.33e-19 0.84039
65351 -109.00 86.38 1.34e-19 0.83717
64091 20.50 42.00 9.83e-20 0.93372
65354 -165.00 88.00 1.35e-19 0.83612
63179 -48.39 68.69 1.31e-19 0.84422
63185 -43.65 67.98 1.33e-19 0.84072
63323 105.02 69.92 1.17e-19 0.87665
65342 -86.22 77.76 1.26e-19 0.85417
65345 -88.82 80.73 1.30e-19 0.84600
65339 -84.82 74.77 1.22e-19 0.86529
65045 15.00 77.00 1.47e-19 0.81634
65042 1.88 76.67 1.48e-19 0.81510
65039 -10.07 75.72 1.47e-19 0.81417
63407 54.89 57.20 1.25e-19 0.85878
65423 129.24 76.82 1.20e-19 0.86982
64823 52.08 59.16 1.30e-19 0.84593
65489 -165.00 79.00 1.13e-19 0.88778
64820 47.07 60.82 1.35e-19 0.83454
64967 -29.19 68.20 1.40e-19 0.82595
64964 -34.69 66.09 1.35e-19 0.83609
63401 57.23 58.68 1.26e-19 0.85492
63095 40.40 47.00 1.07e-19 0.90601
64961 -39.32 63.82 1.28e-19 0.84963
64958 -43.24 61.42 1.21e-19 0.86673
64826 56.57 57.31 1.24e-19 0.86073
65063 70.62 68.01 1.34e-19 0.83717
65126 84.80 64.32 1.19e-19 0.87221
65060 65.21 70.32 1.39e-19 0.82690
65123 81.58 67.01 1.26e-19 0.85446
65066 75.03 65.56 1.28e-19 0.85080
65120 77.61 69.63 1.33e-19 0.84039
64592 57.42 52.92 1.13e-19 0.88918
64499 49.14 56.59 1.26e-19 0.85415
65519 -154.87 72.69 9.50e-20 0.94503
65522 -165.00 73.00 9.55e-20 0.94329
65525 -175.13 72.69 9.50e-20 0.94503
63293 -0.15 44.10 1.03e-19 0.91962
64055 20.50 64.00 1.46e-19 0.81629
64052 20.50 66.00 1.47e-19 0.81460
64466 -14.37 58.15 1.32e-19 0.84195
64049 20.50 68.00 1.48e-19 0.81419
64463 -19.14 56.59 1.26e-19 0.85415
64460 -23.49 54.84 1.20e-19 0.86977
64889 60.17 59.65 1.26e-19 0.85450
64895 67.82 55.26 1.11e-19 0.89377
64892 64.24 57.52 1.19e-19 0.87216
65225 -22.03 85.01 1.43e-19 0.81974
64376 58.87 43.83 8.62e-20 0.97901
64004 -159.50 82.00 1.21e-19 0.86659
64370 52.30 47.83 1.02e-19 0.91973
64007 -159.50 84.00 1.26e-19 0.85481
64373 55.72 45.90 9.46e-20 0.94667
64229 5.74 49.49 1.19e-19 0.87220
64235 15.00 50.00 1.21e-19 0.86675
64232 10.34 49.87 1.21e-19 0.86806
64109 -154.30 85.50 1.30e-19 0.84684
64115 -154.30 83.50 1.25e-19 0.85726
64112 -154.30 84.50 1.28e-19 0.85185
63809 -159.50 76.00 1.05e-19 0.91280
64283 15.00 53.00 1.28e-19 0.84964
64280 10.03 52.87 1.28e-19 0.85090
64286 19.97 52.87 1.28e-19 0.85090
65312 105.25 69.00 1.15e-19 0.88202
65315 106.03 66.00 1.08e-19 0.90271
65309 104.36 72.00 1.22e-19 0.86532
65306 103.29 74.99 1.27e-19 0.85205
65198 -70.10 62.89 1.05e-19 0.91263
65201 -68.64 65.84 1.13e-19 0.88914
65204 -66.90 68.78 1.20e-19 0.86984
65207 -64.74 71.70 1.26e-19 0.85422
65300 99.91 80.96 1.35e-19 0.83457
65303 101.91 77.98 1.32e-19 0.84194
65078 -54.80 64.32 1.19e-19 0.87221
65081 -51.58 67.01 1.26e-19 0.85446
65411 -165.00 85.00 1.28e-19 0.84964
65084 -47.61 69.63 1.33e-19 0.84039
65087 -42.61 72.15 1.38e-19 0.82966
64859 -7.85 66.25 1.45e-19 0.81717
64865 7.04 67.80 1.47e-19 0.81418
65417 145.34 82.12 1.26e-19 0.85452
63329 99.62 69.66 1.20e-19 0.86961
63335 94.39 69.25 1.22e-19 0.86378
63449 43.95 47.55 1.07e-19 0.90670
63455 42.51 45.84 1.03e-19 0.91973
64994 52.64 70.09 1.44e-19 0.81899
64988 35.87 72.94 1.48e-19 0.81423
64991 44.88 71.70 1.46e-19 0.81512
63215 -24.50 62.76 1.35e-19 0.83539
65153 -37.87 78.68 1.43e-19 0.82052
64997 59.19 68.20 1.40e-19 0.82595
63209 -27.74 63.99 1.35e-19 0.83494
64934 40.90 69.01 1.46e-19 0.81554
64016 14.04 90.00 1.38e-19 0.82899
64931 32.88 70.09 1.47e-19 0.81417
63431 48.85 52.53 1.17e-19 0.87709
64928 24.14 70.77 1.48e-19 0.81510
64010 -159.50 86.00 1.31e-19 0.84467
63473 -159.50 70.00 8.63e-20 0.97838
64937 48.05 67.59 1.43e-19 0.81972
63437 47.11 50.90 1.14e-19 0.88556
65132 -65.42 59.53 9.98e-20 0.92848
65135 -63.62 62.41 1.08e-19 0.90149
65129 87.47 61.57 1.11e-19 0.89384
64772 64.20 48.66 9.62e-20 0.94092
64775 -37.39 50.87 9.98e-20 0.92866
64415 15.00 59.00 1.40e-19 0.82597
64412 9.19 58.85 1.39e-19 0.82688
64409 3.49 58.40 1.38e-19 0.82968
63137 -80.38 69.66 1.14e-19 0.88636
63131 -85.61 69.25 1.10e-19 0.89770
64316 -22.30 47.83 1.02e-19 0.91973
64313 -25.72 45.90 9.46e-20 0.94667
64310 -28.87 43.83 8.62e-20 0.97901
63155 -64.02 69.92 1.24e-19 0.86040
63149 -69.50 70.00 1.21e-19 0.86784
64259 -20.22 45.15 9.61e-20 0.94134
64265 -12.75 48.42 1.10e-19 0.89769
64262 -16.62 46.88 1.03e-19 0.91742
65327 -83.36 62.69 9.46e-20 0.94680
57281 15.00 -74.00 -8.56e-21 -0.00856
64100 -154.30 88.50 1.36e-19 0.83411
64103 -154.30 87.50 1.34e-19 0.83798
65237 82.04 80.22 1.40e-19 0.82620
65234 71.87 82.83 1.42e-19 0.82200
64106 -154.30 86.50 1.32e-19 0.84222
65231 52.03 85.01 1.43e-19 0.81974
65228 15.00 86.00 1.44e-19 0.81901
65267 -76.03 66.00 1.08e-19 0.90271
64088 20.50 44.00 1.04e-19 0.91409
64193 2.01 45.89 1.08e-19 0.90147
64190 -2.11 45.05 1.05e-19 0.91276
64157 -154.30 77.50 1.09e-19 0.89883
64154 -154.30 71.50 9.13e-20 0.95856
64151 -154.30 72.50 9.44e-20 0.94715
64148 -154.30 73.50 9.75e-20 0.93636
64196 6.26 46.51 1.11e-19 0.89392
64982 15.00 74.00 1.46e-19 0.82147
64985 25.77 73.73 1.47e-19 0.81634
65369 114.82 74.77 1.22e-19 0.86529
64979 4.23 73.73 1.47e-19 0.81634
65375 113.60 68.75 1.10e-19 0.89775
65372 114.03 71.77 1.16e-19 0.87976
65366 116.22 77.76 1.26e-19 0.85417
65360 124.24 83.64 1.33e-19 0.84039
65363 118.82 80.73 1.30e-19 0.84600
65459 174.45 81.43 1.21e-19 0.86815
65462 158.42 79.90 1.19e-19 0.87218
65465 147.41 77.77 1.16e-19 0.87916
63173 -53.39 69.25 1.29e-19 0.84858
65036 -20.23 74.26 1.46e-19 0.81554
65270 -75.25 69.00 1.15e-19 0.88202
65273 -74.36 72.00 1.22e-19 0.86532
64952 71.94 57.20 1.13e-19 0.88925
65276 -73.29 74.99 1.27e-19 0.85205
65030 -35.21 70.32 1.39e-19 0.82690
65033 -28.52 72.43 1.43e-19 0.81973
64808 22.07 64.82 1.46e-19 0.81555
64811 28.94 64.29 1.45e-19 0.81717
65501 148.54 73.33 1.05e-19 0.91268
63353 80.22 67.15 1.27e-19 0.85206
64817 41.53 62.26 1.40e-19 0.82623
63005 15.00 -90.00 -1.46e-20 -0.01464
63389 62.51 61.46 1.28e-19 0.84975
62999 15.00 -74.00 -8.56e-21 -0.00856
63395 59.77 60.10 1.28e-19 0.85187
65507 -152.81 75.64 1.04e-19 0.91470
65054 50.23 74.26 1.46e-19 0.81554
65096 -16.27 78.38 1.47e-19 0.81476
65051 40.07 75.72 1.47e-19 0.81417
65048 28.12 76.67 1.48e-19 0.81510
65090 -36.13 74.51 1.42e-19 0.82199
65093 -27.58 76.63 1.45e-19 0.81715
65057 58.52 72.43 1.43e-19 0.81973
64496 44.37 58.15 1.32e-19 0.84195
64490 33.56 60.56 1.40e-19 0.82623
64493 39.17 59.48 1.36e-19 0.83272
63017 15.00 -90.00 -1.46e-20 -0.01464
63305 121.38 69.66 1.07e-19 0.90435
63011 15.00 -74.00 -8.56e-21 -0.00856
63299 126.61 69.25 1.04e-19 0.91634
64058 20.50 62.00 1.44e-19 0.81931
64061 20.50 60.00 1.41e-19 0.82368
64067 20.50 58.00 1.38e-19 0.82944
64802 7.93 64.82 1.46e-19 0.81555
64805 15.00 65.00 1.46e-19 0.81512
64799 1.06 64.29 1.45e-19 0.81717
64907 -29.72 63.95 1.34e-19 0.83719
64904 -34.39 61.83 1.28e-19 0.85081
64898 -41.94 57.20 1.13e-19 0.88925
64901 -38.43 59.57 1.21e-19 0.86804
64829 60.59 55.29 1.16e-19 0.87908
64379 -31.37 46.31 9.16e-20 0.95762
64367 48.58 49.61 1.10e-19 0.89771
64364 44.55 51.21 1.16e-19 0.87973
64361 40.23 52.61 1.22e-19 0.86529
64358 35.61 53.80 1.27e-19 0.85425
63371 72.27 65.14 1.29e-19 0.84861
63101 -146.50 74.10 1.00e-19 0.92731
63107 41.70 76.00 1.47e-19 0.81422
63968 -159.50 80.00 1.16e-19 0.88010
64343 9.65 55.86 1.34e-19 0.83720
63365 76.09 66.19 1.28e-19 0.84984
64247 33.10 47.99 1.13e-19 0.88923
64340 4.38 55.44 1.33e-19 0.84045
64244 28.75 48.86 1.16e-19 0.87919
64238 19.66 49.87 1.21e-19 0.86806
64346 15.00 56.00 1.35e-19 0.83612
64241 24.26 49.49 1.19e-19 0.87220
64268 -8.62 49.77 1.15e-19 0.88204
64271 -4.25 50.90 1.20e-19 0.86973
64274 0.34 51.81 1.24e-19 0.86075
64277 5.12 52.47 1.26e-19 0.85455
65264 -76.74 62.99 1.00e-19 0.92771
65261 -77.40 59.97 9.16e-20 0.95761
65258 101.35 59.93 9.62e-20 0.94092
65324 -83.42 59.64 8.62e-20 0.97901
65321 107.40 59.97 9.16e-20 0.95761
65318 106.74 62.99 1.00e-19 0.92771
64145 -154.30 74.50 1.01e-19 0.92616
65189 93.62 62.41 1.08e-19 0.90149
65195 -71.35 59.93 9.62e-20 0.94092
64139 -154.30 76.50 1.06e-19 0.90742
65441 -105.01 72.61 1.08e-19 0.90265
65438 -101.49 69.80 1.02e-19 0.91985
65444 -110.04 75.29 1.13e-19 0.88917
65447 -117.41 77.77 1.16e-19 0.87916
63341 89.39 68.69 1.24e-19 0.85896
63347 84.65 67.98 1.26e-19 0.85503
65018 -45.03 65.56 1.28e-19 0.85080
65027 -40.62 68.01 1.34e-19 0.83717
65159 -8.31 82.40 1.46e-19 0.81555
63239 -16.23 58.68 1.32e-19 0.84169
63245 -13.89 57.20 1.30e-19 0.84544
65165 38.31 82.40 1.46e-19 0.81555
63419 50.72 54.13 1.20e-19 0.86992
64943 59.72 63.95 1.34e-19 0.83719
64946 64.39 61.83 1.28e-19 0.85081
64847 -30.17 59.65 1.26e-19 0.85450
65141 -58.92 68.10 1.24e-19 0.86071
65138 -61.49 65.27 1.16e-19 0.87910
64838 67.39 50.87 9.98e-20 0.92866
64841 -37.82 55.26 1.11e-19 0.89377
64844 -34.24 57.52 1.19e-19 0.87216
64478 8.63 61.84 1.43e-19 0.81974
64481 15.00 62.00 1.44e-19 0.81901
64484 21.37 61.84 1.43e-19 0.81974
64487 27.59 61.35 1.42e-19 0.82200
64421 26.51 58.40 1.38e-19 0.82968
64424 32.00 57.66 1.35e-19 0.83457
64853 -20.33 63.41 1.38e-19 0.82965
64850 -25.56 61.63 1.33e-19 0.84046
64856 -14.43 64.97 1.42e-19 0.82202
63143 -74.98 69.92 1.17e-19 0.87659
64307 50.22 45.15 9.61e-20 0.94134
64298 38.62 49.77 1.15e-19 0.88204
64301 42.75 48.42 1.10e-19 0.89769
64304 46.62 46.88 1.03e-19 0.91742
64874 30.65 67.20 1.47e-19 0.81475
64868 15.00 68.00 1.48e-19 0.81423
64871 22.96 67.80 1.47e-19 0.81418
64877 37.85 66.25 1.45e-19 0.81717
64022 20.50 86.00 1.44e-19 0.81905
64025 20.50 84.00 1.46e-19 0.81613
64397 -16.66 53.94 1.22e-19 0.86538
64019 20.50 88.00 1.41e-19 0.82333
64394 -20.85 52.27 1.15e-19 0.88202
64388 -28.18 48.44 1.00e-19 0.92772
64391 -24.68 50.43 1.08e-19 0.90265
64214 32.11 45.05 1.05e-19 0.91276
64097 -154.30 89.50 1.37e-19 0.83061
64211 27.99 45.89 1.08e-19 0.90147
65219 -52.04 80.22 1.40e-19 0.82620
64217 -11.20 45.58 1.02e-19 0.91978
65222 -41.87 82.83 1.42e-19 0.82200
64427 37.23 56.66 1.32e-19 0.84197
64199 10.61 46.88 1.13e-19 0.88937
64202 15.00 47.00 1.13e-19 0.88778
64205 19.39 46.88 1.13e-19 0.88937
64976 -5.87 72.94 1.48e-19 0.81423
64973 -14.88 71.70 1.46e-19 0.81512
64970 -22.64 70.09 1.44e-19 0.81899
65450 -128.42 79.90 1.19e-19 0.87218
65453 -144.45 81.43 1.21e-19 0.86815
65162 15.00 83.00 1.46e-19 0.81512
63203 -31.27 65.14 1.35e-19 0.83523
65279 -71.91 77.98 1.32e-19 0.84194
65285 -66.36 83.93 1.38e-19 0.82966
65282 -69.91 80.96 1.35e-19 0.83457
65471 135.01 72.61 1.08e-19 0.90265
65468 140.04 75.29 1.13e-19 0.88917
65474 131.49 69.80 1.02e-19 0.91985
65477 -118.54 73.33 1.05e-19 0.91268
62993 15.00 -90.00 -1.46e-20 -0.01464
64940 54.30 65.88 1.39e-19 0.82686
65099 -1.81 79.57 1.47e-19 0.81417
65105 31.81 79.57 1.47e-19 0.81417
65102 15.00 80.00 1.48e-19 0.81423
64688 60.98 50.85 1.05e-19 0.91265
65405 -115.34 82.12 1.26e-19 0.85452
65402 -105.13 79.58 1.24e-19 0.86075
65399 -99.24 76.82 1.20e-19 0.86982
63269 -6.11 50.90 1.19e-19 0.87156
63275 -4.48 49.24 1.16e-19 0.88123
64037 20.50 76.00 1.47e-19 0.81705
64034 20.50 78.00 1.48e-19 0.81513
64028 20.50 82.00 1.47e-19 0.81453
64031 20.50 80.00 1.48e-19 0.81421
64916 -10.90 69.01 1.46e-19 0.81554
64793 -11.53 62.26 1.40e-19 0.82623
64790 -17.07 60.82 1.35e-19 0.83454
64910 -24.30 65.88 1.39e-19 0.82686
64913 -18.05 67.59 1.43e-19 0.81972
64796 -5.47 63.42 1.43e-19 0.82051
65144 -55.70 70.89 1.30e-19 0.84603
64430 42.12 55.41 1.27e-19 0.85211
64433 46.66 53.94 1.22e-19 0.86538
64349 20.35 55.86 1.34e-19 0.83720
64352 25.62 55.44 1.33e-19 0.84045
64355 30.72 54.74 1.30e-19 0.84595
63383 65.50 62.76 1.29e-19 0.84850
63113 -138.30 76.00 1.07e-19 0.90570
64436 50.85 52.27 1.15e-19 0.88202
64334 -5.61 53.80 1.27e-19 0.85425
65504 -141.78 74.62 1.02e-19 0.91976
64331 -10.23 52.61 1.22e-19 0.86529
64328 -14.55 51.21 1.16e-19 0.87973
64169 15.00 41.00 9.55e-20 0.94329
64172 18.97 40.88 9.50e-20 0.94515
64175 6.71 43.52 1.02e-19 0.91995
64337 -0.72 54.74 1.30e-19 0.84595
64814 35.47 63.42 1.43e-19 0.82051
65147 -51.53 73.61 1.35e-19 0.83459
65249 96.90 68.78 1.20e-19 0.86984
64085 20.50 46.00 1.10e-19 0.89661
65336 -84.03 71.77 1.16e-19 0.87976
65252 98.64 65.84 1.13e-19 0.88914
65255 100.10 62.89 1.05e-19 0.91263
65330 -83.40 65.72 1.02e-19 0.91983
65333 -83.60 68.75 1.10e-19 0.89775
64418 20.81 58.85 1.39e-19 0.82688
64133 -154.30 79.50 1.15e-19 0.88315
65186 91.49 65.27 1.16e-19 0.87910
64136 -154.30 78.50 1.12e-19 0.89075
65183 88.92 68.10 1.24e-19 0.86071
65180 85.70 70.89 1.30e-19 0.84603
65192 95.42 59.53 9.98e-20 0.92848
65414 164.13 84.15 1.28e-19 0.85090
65432 121.61 68.04 1.03e-19 0.91732
65435 120.51 65.03 9.60e-20 0.94133
63263 -7.85 52.53 1.23e-19 0.86326
65429 123.21 71.02 1.10e-19 0.89781
65408 -134.13 84.15 1.28e-19 0.85090
63317 110.50 70.00 1.14e-19 0.88464
63311 115.98 69.92 1.11e-19 0.89399
65009 76.59 58.92 1.13e-19 0.88768
65015 -48.69 63.02 1.21e-19 0.86815
65012 -51.77 60.39 1.13e-19 0.88922
65528 -165.00 70.00 8.62e-20 0.97892
65531 -165.00 67.00 7.67e-20 1.02082
63413 52.73 55.69 1.22e-19 0.86386
64955 -46.59 58.92 1.13e-19 0.88768
64949 68.43 59.57 1.21e-19 0.86804
65111 57.58 76.63 1.45e-19 0.81715
65168 55.98 80.83 1.45e-19 0.81715
65108 46.27 78.38 1.47e-19 0.81476
65114 66.13 74.51 1.42e-19 0.82199
65117 72.61 72.15 1.38e-19 0.82966
64862 -0.65 67.20 1.47e-19 0.81475
64835 64.18 53.14 1.08e-19 0.90163
65456 -165.00 82.00 1.21e-19 0.86675
64469 -9.17 59.48 1.36e-19 0.83272
64475 2.41 61.35 1.42e-19 0.82200
64472 -3.56 60.56 1.40e-19 0.82623
65513 -177.19 75.64 1.04e-19 0.91470
65510 -165.00 76.00 1.05e-19 0.91312
65516 171.78 74.62 1.02e-19 0.91976
64451 -34.20 48.66 9.62e-20 0.94092
64454 -30.98 50.85 1.05e-19 0.91265
63905 -159.50 78.00 1.11e-19 0.89546
64289 24.88 52.47 1.26e-19 0.85455
64295 34.25 50.90 1.20e-19 0.86973
64292 29.66 51.81 1.24e-19 0.86075
64883 50.33 63.41 1.38e-19 0.82965
64880 44.43 64.97 1.42e-19 0.82202
65498 156.21 75.54 1.08e-19 0.90155
63584 -159.50 72.00 9.25e-20 0.95406
64886 55.56 61.63 1.33e-19 0.84046
64406 -2.00 57.66 1.35e-19 0.83457
65378 113.40 65.72 1.02e-19 0.91983
64403 -7.23 56.66 1.32e-19 0.84197
64400 -12.12 55.41 1.27e-19 0.85211
64223 -3.10 47.99 1.13e-19 0.88923
64220 -7.26 46.89 1.08e-19 0.90258
64118 -154.30 82.50 1.23e-19 0.86309
64121 -154.30 81.50 1.20e-19 0.86933
64226 1.25 48.86 1.16e-19 0.87919
64124 -154.30 80.50 1.18e-19 0.87602
63161 -58.62 69.66 1.27e-19 0.85392
