65006 73.24 61.42 1.29e-19 0.92501
65000 64.69 66.09 1.49e-19 0.92556
65003 69.32 63.82 1.40e-19 0.92467
63197 -35.09 66.19 1.49e-19 0.92553
64142 -154.30 75.50 1.05e-19 0.93004
63191 -39.22 67.15 1.48e-19 0.92542
65213 -57.99 77.44 1.52e-19 0.92614
65210 -61.92 74.59 1.45e-19 0.92500
65294 86.94 86.84 1.56e-19 0.92757
65291 15.00 89.00 1.57e-19 0.92785
65288 -56.94 86.84 1.56e-19 0.92757
65075 -57.47 61.57 1.15e-19 0.92732
62987 15.00 -74.00 5.34e-20 0.05343
65072 81.77 60.39 1.17e-19 0.92674
65486 -149.69 78.56 1.17e-19 0.92670
65069 78.69 63.02 1.29e-19 0.92520
65420 135.13 79.58 1.33e-19 0.92479
62981 15.00 -90.00 9.89e-20 0.09890
65483 -136.50 77.35 1.15e-19 0.92740
65156 -25.98 80.83 1.66e-19 0.93316
65426 125.59 73.95 1.21e-19 0.92616
65480 -126.21 75.54 1.12e-19 0.92816
63281 -2.95 47.55 1.16e-19 0.92706
63287 -1.51 45.84 1.10e-19 0.92868
65150 -45.89 76.23 1.57e-19 0.92776
65390 -91.61 68.04 1.05e-19 0.93013
63227 -18.77 60.10 1.47e-19 0.92532
65393 -93.21 71.02 1.13e-19 0.92785
65396 -95.59 73.95 1.21e-19 0.92616
63221 -21.51 61.46 1.49e-19 0.92552
63443 45.48 49.24 1.14e-19 0.92742
64046 20.50 70.00 1.72e-19 0.94688
64082 20.50 48.00 1.22e-19 0.92606
64043 20.50 72.00 1.72e-19 0.95184
64040 20.50 74.00 1.71e-19 0.95503
64781 -30.59 55.29 1.23e-19 0.92582
64778 -34.18 53.14 1.12e-19 0.92827
64784 -26.57 57.31 1.33e-19 0.92477
64079 20.50 50.00 1.29e-19 0.92508
64787 -22.08 59.16 1.42e-19 0.92469
64919 -2.88 70.09 1.70e-19 0.94107
64925 15.00 71.00 1.72e-19 0.95057
64922 5.86 70.77 1.72e-19 0.94714
64439 54.68 50.43 1.11e-19 0.92832
64445 61.37 46.31 8.95e-20 0.93601
64442 58.18 48.44 1.01e-19 0.93167
63119 -95.35 67.98 1.02e-19 0.93114
63125 -90.61 68.69 1.08e-19 0.92939
63377 68.74 63.99 1.41e-19 0.92470
64544 53.49 54.84 1.28e-19 0.92514
64187 23.29 43.52 1.04e-19 0.93059
64325 -18.58 49.61 1.13e-19 0.92771
63776 -159.50 74.00 9.87e-20 0.93221
64181 15.00 44.00 1.07e-19 0.92960
64178 10.84 43.88 1.06e-19 0.92986
64184 19.16 43.88 1.06e-19 0.92986
64013 -159.50 88.00 1.49e-19 0.92562
64250 37.26 46.89 1.11e-19 0.92822
64253 41.20 45.58 1.04e-19 0.93036
64073 20.50 54.00 1.43e-19 0.92482
64070 20.50 56.00 1.49e-19 0.92555
65246 94.74 71.70 1.37e-19 0.92469
65492 179.69 78.56 1.17e-19 0.92670
65243 91.92 74.59 1.45e-19 0.92500
65495 166.50 77.35 1.15e-19 0.92740
64076 20.50 52.00 1.36e-19 0.92466
65240 87.99 77.44 1.52e-19 0.92614
64208 23.74 46.51 1.15e-19 0.92743
64457 -27.42 52.92 1.18e-19 0.92682
65177 81.53 73.61 1.50e-19 0.92584
64166 11.03 40.88 9.39e-20 0.93407
64163 15.00 38.00 8.27e-20 0.93935
65171 67.87 78.68 1.62e-19 0.93036
64094 20.50 40.00 9.02e-20 0.93569
65174 75.89 76.23 1.57e-19 0.92776
64160 15.00 35.00 7.11e-20 0.94623
65387 -90.51 65.03 9.52e-20 0.93344
63257 -9.72 54.13 1.36e-19 0.92472
65297 96.36 83.93 1.54e-19 0.92679
63251 -11.73 55.69 1.39e-19 0.92473
65381 113.36 62.69 9.33e-20 0.93444
65384 113.42 59.64 8.27e-20 0.93946
65357 139.00 86.38 1.48e-19 0.92547
65348 -94.24 83.64 1.46e-19 0.92511
65351 -109.00 86.38 1.48e-19 0.92547
64091 20.50 42.00 9.81e-20 0.93242
65354 -165.00 88.00 1.49e-19 0.92561
63179 -48.39 68.69 1.43e-19 0.92491
63185 -43.65 67.98 1.46e-19 0.92513
63323 105.02 69.92 1.24e-19 0.92578
65342 -86.22 77.76 1.37e-19 0.92461
65345 -88.82 80.73 1.42e-19 0.92479
65339 -84.82 74.77 1.30e-19 0.92493
65045 15.00 77.00 1.72e-19 0.95057
65042 1.88 76.67 1.72e-19 0.94713
65039 -10.07 75.72 1.70e-19 0.94108
63407 54.89 57.20 1.34e-19 0.92465
65423 129.24 76.82 1.28e-19 0.92522
64823 52.08 59.16 1.42e-19 0.92469
65489 -165.00 79.00 1.18e-19 0.92668
64820 47.07 60.82 1.50e-19 0.92576
64967 -29.19 68.20 1.57e-19 0.92782
64964 -34.69 66.09 1.49e-19 0.92556
63401 57.23 58.68 1.37e-19 0.92474
63095 40.40 47.00 1.10e-19 0.92870
64961 -39.32 63.82 1.40e-19 0.92467
64958 -43.24 61.42 1.29e-19 0.92501
64826 56.57 57.31 1.33e-19 0.92477
65063 70.62 68.01 1.48e-19 0.92546
65126 84.80 64.32 1.26e-19 0.92542
65060 65.21 70.32 1.56e-19 0.92760
65123 81.58 67.01 1.37e-19 0.92462
65066 75.03 65.56 1.39e-19 0.92461
65120 77.61 69.63 1.46e-19 0.92512
64592 57.42 52.92 1.18e-19 0.92682
64499 49.14 56.59 1.37e-19 0.92458
65519 -154.87 72.69 9.39e-20 0.93391
65522 -165.00 73.00 9.46e-20 0.93382
65525 -175.13 72.69 9.39e-20 0.93391
63293 -0.15 44.10 1.04e-19 0.93053
64055 20.50 64.00 1.67e-19 0.93425
64052 20.50 66.00 1.69e-19 0.93790
64466 -14.37 58.15 1.45e-19 0.92502
64049 20.50 68.00 1.71e-19 0.94213
64463 -19.14 56.59 1.37e-19 0.92458
64460 -23.49 54.84 1.28e-19 0.92514
64889 60.17 59.65 1.37e-19 0.92467
64895 67.82 55.26 1.15e-19 0.92723
64892 64.24 57.52 1.26e-19 0.92534
65225 -22.03 85.01 1.63e-19 0.93093
64376 58.87 43.83 8.27e-20 0.93947
64004 -159.50 82.00 1.30e-19 0.92503
64370 52.30 47.83 1.04e-19 0.93029
64007 -159.50 84.00 1.37e-19 0.92466
64373 55.72 45.90 9.33e-20 0.93427
64229 5.74 49.49 1.26e-19 0.92540
64235 15.00 50.00 1.29e-19 0.92504
64232 10.34 49.87 1.29e-19 0.92507
64109 -154.30 85.50 1.42e-19 0.92476
64115 -154.30 83.50 1.35e-19 0.92469
64112 -154.30 84.50 1.38e-19 0.92465
63809 -159.50 76.00 1.07e-19 0.92956
64283 15.00 53.00 1.40e-19 0.92468
64280 10.03 52.87 1.39e-19 0.92476
64286 19.97 52.87 1.39e-19 0.92476
65312 105.25 69.00 1.21e-19 0.92613
65315 106.03 66.00 1.11e-19 0.92840
65309 104.36 72.00 1.30e-19 0.92498
65306 103.29 74.99 1.38e-19 0.92461
65198 -70.10 62.89 1.07e-19 0.92943
65201 -68.64 65.84 1.18e-19 0.92676
65204 -66.90 68.78 1.28e-19 0.92524
65207 -64.74 71.70 1.37e-19 0.92469
65300 99.91 80.96 1.50e-19 0.92580
65303 101.91 77.98 1.45e-19 0.92501
65078 -54.80 64.32 1.26e-19 0.92542
65081 -51.58 67.01 1.37e-19 0.92462
65411 -165.00 85.00 1.40e-19 0.92468
65084 -47.61 69.63 1.46e-19 0.92512
65087 -42.61 72.15 1.54e-19 0.92678
64859 -7.85 66.25 1.66e-19 0.93320
64865 7.04 67.80 1.70e-19 0.94109
65417 145.34 82.12 1.37e-19 0.92470
63329 99.62 69.66 1.28e-19 0.92515
63335 94.39 69.25 1.31e-19 0.92489
63449 43.95 47.55 1.09e-19 0.92870
63455 42.51 45.84 1.04e-19 0.93055
64994 52.64 70.09 1.64e-19 0.93139
64988 35.87 72.94 1.71e-19 0.94273
64991 44.88 71.70 1.68e-19 0.93637
63215 -24.50 62.76 1.50e-19 0.92566
65153 -37.87 78.68 1.62e-19 0.93036
64997 59.19 68.20 1.57e-19 0.92782
63209 -27.74 63.99 1.50e-19 0.92577
64934 40.90 69.01 1.68e-19 0.93543
64016 14.04 90.00 1.55e-19 0.92696
64931 32.88 70.09 1.70e-19 0.94107
63431 48.85 52.53 1.24e-19 0.92569
64928 24.14 70.77 1.72e-19 0.94714
64010 -159.50 86.00 1.43e-19 0.92485
63473 -159.50 70.00 8.28e-20 0.93927
64937 48.05 67.59 1.63e-19 0.93089
63437 47.11 50.90 1.19e-19 0.92640
65132 -65.42 59.53 1.00e-19 0.93163
65135 -63.62 62.41 1.12e-19 0.92807
65129 87.47 61.57 1.15e-19 0.92732
64772 64.20 48.66 9.54e-20 0.93342
64775 -37.39 50.87 1.00e-19 0.93186
64415 15.00 59.00 1.57e-19 0.92785
64412 9.19 58.85 1.56e-19 0.92758
64409 3.49 58.40 1.54e-19 0.92681
63137 -80.38 69.66 1.19e-19 0.92642
63131 -85.61 69.25 1.13e-19 0.92768
64316 -22.30 47.83 1.04e-19 0.93029
64313 -25.72 45.90 9.33e-20 0.93427
64310 -28.87 43.83 8.27e-20 0.93947
63155 -64.02 69.92 1.33e-19 0.92484
63149 -69.50 70.00 1.29e-19 0.92510
64259 -20.22 45.15 9.52e-20 0.93346
64265 -12.75 48.42 1.13e-19 0.92769
64262 -16.62 46.88 1.05e-19 0.93025
65327 -83.36 62.69 9.33e-20 0.93444
57281 15.00 -74.00 5.34e-20 0.05343
64100 -154.30 88.50 1.51e-19 0.92591
64103 -154.30 87.50 1.48e-19 0.92539
65237 82.04 80.22 1.57e-19 0.92777
65234 71.87 82.83 1.61e-19 0.92953
64106 -154.30 86.50 1.45e-19 0.92500
65231 52.03 85.01 1.63e-19 0.93093
65228 15.00 86.00 1.64e-19 0.93142
65267 -76.03 66.00 1.11e-19 0.92840
64088 20.50 44.00 1.06e-19 0.92972
64193 2.01 45.89 1.12e-19 0.92805
64190 -2.11 45.05 1.07e-19 0.92960
64157 -154.30 77.50 1.13e-19 0.92786
64154 -154.30 71.50 8.92e-20 0.93614
64151 -154.30 72.50 9.32e-20 0.93440
64148 -154.30 73.50 9.71e-20 0.93280
64196 6.26 46.51 1.15e-19 0.92743
64982 15.00 74.00 1.71e-19 0.95999
64985 25.77 73.73 1.72e-19 0.95058
65369 114.82 74.77 1.30e-19 0.92493
64979 4.23 73.73 1.72e-19 0.95058
65375 113.60 68.75 1.13e-19 0.92777
65372 114.03 71.77 1.22e-19 0.92603
65366 116.22 77.76 1.37e-19 0.92461
65360 124.24 83.64 1.46e-19 0.92511
65363 118.82 80.73 1.42e-19 0.92479
65459 174.45 81.43 1.29e-19 0.92519
65462 158.42 79.90 1.26e-19 0.92537
65465 147.41 77.77 1.23e-19 0.92594
63173 -53.39 69.25 1.41e-19 0.92470
65036 -20.23 74.26 1.68e-19 0.93544
65270 -75.25 69.00 1.21e-19 0.92613
65273 -74.36 72.00 1.30e-19 0.92498
64952 71.94 57.20 1.17e-19 0.92679
65276 -73.29 74.99 1.38e-19 0.92461
65030 -35.21 70.32 1.56e-19 0.92760
65033 -28.52 72.43 1.63e-19 0.93092
64808 22.07 64.82 1.68e-19 0.93545
64811 28.94 64.29 1.66e-19 0.93319
65501 148.54 73.33 1.07e-19 0.92949
63353 80.22 67.15 1.38e-19 0.92471
64817 41.53 62.26 1.57e-19 0.92782
63389 62.51 61.46 1.40e-19 0.92465
63395 59.77 60.10 1.38e-19 0.92466
65507 -152.81 75.64 1.06e-19 0.92968
65054 50.23 74.26 1.68e-19 0.93544
65096 -16.27 78.38 1.69e-19 0.93733
65051 40.07 75.72 1.70e-19 0.94108
65048 28.12 76.67 1.72e-19 0.94713
65090 -36.13 74.51 1.61e-19 0.92951
65093 -27.58 76.63 1.66e-19 0.93316
65057 58.52 72.43 1.63e-19 0.93092
64496 44.37 58.15 1.45e-19 0.92502
64490 33.56 60.56 1.57e-19 0.92781
64493 39.17 59.48 1.52e-19 0.92613
63305 121.38 69.66 1.10e-19 0.92838
63299 126.61 69.25 1.05e-19 0.92997
64058 20.50 62.00 1.63e-19 0.93120
64061 20.50 60.00 1.59e-19 0.92873
64067 20.50 58.00 1.54e-19 0.92685
64802 7.93 64.82 1.68e-19 0.93545
64805 15.00 65.00 1.68e-19 0.93637
64799 1.06 64.29 1.66e-19 0.93319
64907 -29.72 63.95 1.48e-19 0.92549
64904 -34.39 61.83 1.39e-19 0.92462
64898 -41.94 57.20 1.17e-19 0.92679
64901 -38.43 59.57 1.29e-19 0.92504
64829 60.59 55.29 1.23e-19 0.92582
64379 -31.37 46.31 8.95e-20 0.93601
64367 48.58 49.61 1.13e-19 0.92771
64364 44.55 51.21 1.22e-19 0.92599
64361 40.23 52.61 1.30e-19 0.92493
64358 35.61 53.80 1.37e-19 0.92473
63371 72.27 65.14 1.40e-19 0.92471
63101 -146.50 74.10 1.01e-19 0.93151
63107 41.70 76.00 1.70e-19 0.94017
63968 -159.50 80.00 1.22e-19 0.92597
64343 9.65 55.86 1.48e-19 0.92551
63365 76.09 66.19 1.40e-19 0.92460
64247 33.10 47.99 1.18e-19 0.92688
64340 4.38 55.44 1.46e-19 0.92520
64244 28.75 48.86 1.23e-19 0.92597
64238 19.66 49.87 1.29e-19 0.92507
64346 15.00 56.00 1.49e-19 0.92561
64241 24.26 49.49 1.26e-19 0.92540
64268 -8.62 49.77 1.21e-19 0.92615
64271 -4.25 50.90 1.28e-19 0.92509
64274 0.34 51.81 1.33e-19 0.92481
64277 5.12 52.47 1.37e-19 0.92474
65264 -76.74 62.99 1.01e-19 0.93166
65261 -77.40 59.97 8.95e-20 0.93600
65258 101.35 59.93 9.54e-20 0.93341
65324 -83.42 59.64 8.27e-20 0.93946
65321 107.40 59.97 8.95e-20 0.93600
65318 106.74 62.99 1.01e-19 0.93166
64145 -154.30 74.50 1.01e-19 0.93135
65189 93.62 62.41 1.12e-19 0.92807
65195 -71.35 59.93 9.54e-20 0.93341
64139 -154.30 76.50 1.09e-19 0.92888
65441 -105.01 72.61 1.11e-19 0.92832
65438 -101.49 69.80 1.04e-19 0.93045
65444 -110.04 75.29 1.18e-19 0.92680
65447 -117.41 77.77 1.23e-19 0.92594
63341 89.39 68.69 1.34e-19 0.92477
63347 84.65 67.98 1.36e-19 0.92467
65018 -45.03 65.56 1.39e-19 0.92461
65027 -40.62 68.01 1.48e-19 0.92546
65159 -8.31 82.40 1.68e-19 0.93544
63239 -16.23 58.68 1.45e-19 0.92511
63245 -13.89 57.20 1.43e-19 0.92474
65165 38.31 82.40 1.68e-19 0.93544
63419 50.72 54.13 1.28e-19 0.92527
64943 59.72 63.95 1.48e-19 0.92549
64946 64.39 61.83 1.39e-19 0.92462
64847 -30.17 59.65 1.37e-19 0.92467
65141 -58.92 68.10 1.33e-19 0.92474
65138 -61.49 65.27 1.23e-19 0.92585
64838 67.39 50.87 1.00e-19 0.93186
64841 -37.82 55.26 1.15e-19 0.92723
64844 -34.24 57.52 1.26e-19 0.92534
64478 8.63 61.84 1.63e-19 0.93094
64481 15.00 62.00 1.64e-19 0.93142
64484 21.37 61.84 1.63e-19 0.93094
64487 27.59 61.35 1.61e-19 0.92953
64421 26.51 58.40 1.54e-19 0.92681
64424 32.00 57.66 1.50e-19 0.92581
64853 -20.33 63.41 1.54e-19 0.92677
64850 -25.56 61.63 1.46e-19 0.92521
64856 -14.43 64.97 1.61e-19 0.92956
63143 -74.98 69.92 1.24e-19 0.92578
64307 50.22 45.15 9.52e-20 0.93346
64298 38.62 49.77 1.21e-19 0.92615
64301 42.75 48.42 1.13e-19 0.92769
64304 46.62 46.88 1.05e-19 0.93025
64874 30.65 67.20 1.69e-19 0.93731
64868 15.00 68.00 1.71e-19 0.94273
64871 22.96 67.80 1.70e-19 0.94109
64877 37.85 66.25 1.66e-19 0.93320
64022 20.50 86.00 1.63e-19 0.93139
64025 20.50 84.00 1.67e-19 0.93449
64397 -16.66 53.94 1.30e-19 0.92506
64019 20.50 88.00 1.59e-19 0.92888
64394 -20.85 52.27 1.21e-19 0.92613
64388 -28.18 48.44 1.01e-19 0.93167
64391 -24.68 50.43 1.11e-19 0.92832
64214 32.11 45.05 1.07e-19 0.92960
64097 -154.30 89.50 1.53e-19 0.92658
64211 27.99 45.89 1.12e-19 0.92805
65219 -52.04 80.22 1.57e-19 0.92777
64217 -11.20 45.58 1.04e-19 0.93036
65222 -41.87 82.83 1.61e-19 0.92953
64427 37.23 56.66 1.45e-19 0.92505
64199 10.61 46.88 1.18e-19 0.92695
64202 15.00 47.00 1.18e-19 0.92668
64205 19.39 46.88 1.18e-19 0.92695
64976 -5.87 72.94 1.71e-19 0.94273
64973 -14.88 71.70 1.68e-19 0.93637
64970 -22.64 70.09 1.64e-19 0.93139
65450 -128.42 79.90 1.26e-19 0.92537
65453 -144.45 81.43 1.29e-19 0.92519
65162 15.00 83.00 1.68e-19 0.93637
63203 -31.27 65.14 1.50e-19 0.92574
65279 -71.91 77.98 1.45e-19 0.92501
65285 -66.36 83.93 1.54e-19 0.92679
65282 -69.91 80.96 1.50e-19 0.92580
65471 135.01 72.61 1.11e-19 0.92832
65468 140.04 75.29 1.18e-19 0.92680
65474 131.49 69.80 1.04e-19 0.93045
65477 -118.54 73.33 1.07e-19 0.92949
62993 15.00 -90.00 9.89e-20 0.09890
64940 54.30 65.88 1.56e-19 0.92754
65099 -1.81 79.57 1.70e-19 0.94109
65105 31.81 79.57 1.70e-19 0.94109
65102 15.00 80.00 1.71e-19 0.94273
64688 60.98 50.85 1.07e-19 0.92945
65405 -115.34 82.12 1.37e-19 0.92470
65402 -105.13 79.58 1.33e-19 0.92479
65399 -99.24 76.82 1.28e-19 0.92522
63269 -6.11 50.90 1.27e-19 0.92526
63275 -4.48 49.24 1.22e-19 0.92602
64037 20.50 76.00 1.72e-19 0.95217
64034 20.50 78.00 1.72e-19 0.94722
64028 20.50 82.00 1.69e-19 0.93818
64031 20.50 80.00 1.71e-19 0.94245
64916 -10.90 69.01 1.68e-19 0.93543
64793 -11.53 62.26 1.57e-19 0.92782
64790 -17.07 60.82 1.50e-19 0.92576
64910 -24.30 65.88 1.56e-19 0.92754
64913 -18.05 67.59 1.63e-19 0.93089
64796 -5.47 63.42 1.62e-19 0.93034
65144 -55.70 70.89 1.42e-19 0.92483
64430 42.12 55.41 1.38e-19 0.92470
64433 46.66 53.94 1.30e-19 0.92506
64349 20.35 55.86 1.48e-19 0.92551
64352 25.62 55.44 1.46e-19 0.92520
64355 30.72 54.74 1.42e-19 0.92471
63383 65.50 62.76 1.41e-19 0.92464
63113 -138.30 76.00 1.10e-19 0.92867
64436 50.85 52.27 1.21e-19 0.92613
64334 -5.61 53.80 1.37e-19 0.92473
65504 -141.78 74.62 1.04e-19 0.93033
64331 -10.23 52.61 1.30e-19 0.92493
64328 -14.55 51.21 1.22e-19 0.92599
64169 15.00 41.00 9.46e-20 0.93382
64172 18.97 40.88 9.39e-20 0.93407
64175 6.71 43.52 1.04e-19 0.93059
64337 -0.72 54.74 1.42e-19 0.92471
64814 35.47 63.42 1.62e-19 0.93034
65147 -51.53 73.61 1.50e-19 0.92584
65249 96.90 68.78 1.28e-19 0.92524
64085 20.50 46.00 1.14e-19 0.92760
65336 -84.03 71.77 1.22e-19 0.92603
65252 98.64 65.84 1.18e-19 0.92676
65255 100.10 62.89 1.07e-19 0.92943
65330 -83.40 65.72 1.04e-19 0.93043
65333 -83.60 68.75 1.13e-19 0.92777
64418 20.81 58.85 1.56e-19 0.92758
64133 -154.30 79.50 1.21e-19 0.92624
65186 91.49 65.27 1.23e-19 0.92585
64136 -154.30 78.50 1.17e-19 0.92698
65183 88.92 68.10 1.33e-19 0.92474
65180 85.70 70.89 1.42e-19 0.92483
65192 95.42 59.53 1.00e-19 0.93163
65414 164.13 84.15 1.39e-19 0.92476
65432 121.61 68.04 1.05e-19 0.93013
65435 120.51 65.03 9.52e-20 0.93344
63263 -7.85 52.53 1.31e-19 0.92484
65429 123.21 71.02 1.13e-19 0.92785
65408 -134.13 84.15 1.39e-19 0.92476
63317 110.50 70.00 1.20e-19 0.92637
63311 115.98 69.92 1.15e-19 0.92743
65009 76.59 58.92 1.18e-19 0.92654
65015 -48.69 63.02 1.29e-19 0.92520
65012 -51.77 60.39 1.17e-19 0.92674
65528 -165.00 70.00 8.27e-20 0.93935
65531 -165.00 67.00 7.11e-20 0.94623
63413 52.73 55.69 1.31e-19 0.92497
64955 -46.59 58.92 1.18e-19 0.92654
64949 68.43 59.57 1.29e-19 0.92504
65111 57.58 76.63 1.66e-19 0.93316
65168 55.98 80.83 1.66e-19 0.93316
65108 46.27 78.38 1.69e-19 0.93733
65114 66.13 74.51 1.61e-19 0.92951
65117 72.61 72.15 1.54e-19 0.92678
64862 -0.65 67.20 1.69e-19 0.93731
64835 64.18 53.14 1.12e-19 0.92827
65456 -165.00 82.00 1.29e-19 0.92504
64469 -9.17 59.48 1.52e-19 0.92613
64475 2.41 61.35 1.61e-19 0.92953
64472 -3.56 60.56 1.57e-19 0.92781
65513 -177.19 75.64 1.06e-19 0.92968
65510 -165.00 76.00 1.07e-19 0.92960
65516 171.78 74.62 1.04e-19 0.93033
64451 -34.20 48.66 9.54e-20 0.93342
64454 -30.98 50.85 1.07e-19 0.92945
63905 -159.50 78.00 1.14e-19 0.92748
64289 24.88 52.47 1.37e-19 0.92474
64295 34.25 50.90 1.28e-19 0.92509
64292 29.66 51.81 1.33e-19 0.92481
64883 50.33 63.41 1.54e-19 0.92677
64880 44.43 64.97 1.61e-19 0.92956
65498 156.21 75.54 1.12e-19 0.92816
63584 -159.50 72.00 9.07e-20 0.93545
64886 55.56 61.63 1.46e-19 0.92521
64406 -2.00 57.66 1.50e-19 0.92581
65378 113.40 65.72 1.04e-19 0.93043
64403 -7.23 56.66 1.45e-19 0.92505
64400 -12.12 55.41 1.38e-19 0.92470
64223 -3.10 47.99 1.18e-19 0.92688
64220 -7.26 46.89 1.11e-19 0.92822
64118 -154.30 82.50 1.32e-19 0.92487
64121 -154.30 81.50 1.28e-19 0.92518
64226 1.25 48.86 1.23e-19 0.92597
64124 -154.30 80.50 1.24e-19 0.92564
63161 -58.62 69.66 1.37e-19 0.92461
