63095 40.40 47.00 1.25e-19 1.05820
63101 -146.50 74.10 1.14e-19 1.02450
63107 41.70 76.00 1.86e-19 1.09809
63113 -138.30 76.00 1.25e-19 1.05869
63119 -95.35 67.98 1.15e-19 1.02854
63125 -90.61 68.69 1.23e-19 1.05122
63131 -85.61 69.25 1.30e-19 1.07112
63137 -80.38 69.66 1.37e-19 1.08843
63143 -74.98 69.92 1.44e-19 1.10325
63149 -69.50 70.00 1.49e-19 1.11543
63155 -64.02 69.92 1.55e-19 1.12529
63161 -58.62 69.66 1.59e-19 1.13291
63173 -53.39 69.25 1.63e-19 1.13862
63179 -48.39 68.69 1.67e-19 1.14267
63185 -43.65 67.98 1.69e-19 1.14535
63191 -39.22 67.15 1.71e-19 1.14700
63197 -35.09 66.19 1.73e-19 1.14790
63203 -31.27 65.14 1.73e-19 1.14834
63209 -27.74 63.99 1.74e-19 1.14844
63215 -24.50 62.76 1.73e-19 1.14826
63221 -21.51 61.46 1.72e-19 1.14772
63227 -18.77 60.10 1.71e-19 1.14662
63239 -16.23 58.68 1.68e-19 1.14469
63245 -13.89 57.20 1.66e-19 1.14153
63251 -11.73 55.69 1.62e-19 1.13688
63257 -9.72 54.13 1.58e-19 1.13031
63263 -7.85 52.53 1.53e-19 1.12149
63269 -6.11 50.90 1.47e-19 1.11020
63275 -4.48 49.24 1.40e-19 1.09622
63281 -2.95 47.55 1.33e-19 1.07937
63287 -1.51 45.84 1.26e-19 1.05963
63293 -0.15 44.10 1.18e-19 1.03682
63299 126.61 69.25 1.19e-19 1.04179
63305 121.38 69.66 1.26e-19 1.06058
63311 115.98 69.92 1.32e-19 1.07713
63317 110.50 70.00 1.38e-19 1.09121
63323 105.02 69.92 1.43e-19 1.10316
63329 99.62 69.66 1.48e-19 1.11293
63335 94.39 69.25 1.52e-19 1.12085
63341 89.39 68.69 1.56e-19 1.12704
63347 84.65 67.98 1.59e-19 1.13170
63353 80.22 67.15 1.61e-19 1.13507
63365 76.09 66.19 1.62e-19 1.13729
63371 72.27 65.14 1.63e-19 1.13860
63377 68.74 63.99 1.64e-19 1.13904
63383 65.50 62.76 1.63e-19 1.13865
63389 62.51 61.46 1.62e-19 1.13742
63395 59.77 60.10 1.61e-19 1.13522
63401 57.23 58.68 1.59e-19 1.13189
63407 54.89 57.20 1.56e-19 1.12713
63413 52.73 55.69 1.52e-19 1.12084
63419 50.72 54.13 1.48e-19 1.11265
63431 48.85 52.53 1.43e-19 1.10233
63437 47.11 50.90 1.38e-19 1.08973
63443 45.48 49.24 1.31e-19 1.07466
63449 43.95 47.55 1.25e-19 1.05696
63455 42.51 45.84 1.18e-19 1.03666
63473 -159.50 70.00 9.07e-20 0.94535
63584 -159.50 72.00 1.01e-19 0.98249
63776 -159.50 74.00 1.11e-19 1.01665
63809 -159.50 76.00 1.21e-19 1.04748
63905 -159.50 78.00 1.31e-19 1.07468
63968 -159.50 80.00 1.41e-19 1.09797
64004 -159.50 82.00 1.50e-19 1.11712
64007 -159.50 84.00 1.59e-19 1.13193
64010 -159.50 86.00 1.66e-19 1.14225
64013 -159.50 88.00 1.73e-19 1.14798
64016 14.04 90.00 1.78e-19 1.14907
64019 20.50 88.00 1.82e-19 1.14550
64022 20.50 86.00 1.85e-19 1.13733
64025 20.50 84.00 1.86e-19 1.12468
64028 20.50 82.00 1.86e-19 1.10774
64031 20.50 80.00 1.85e-19 1.08684
64034 20.50 78.00 1.82e-19 1.06264
64037 20.50 76.00 1.79e-19 1.03722
64040 20.50 74.00 1.77e-19 1.02252
64043 20.50 72.00 1.79e-19 1.03892
64046 20.50 70.00 1.83e-19 1.06441
64049 20.50 68.00 1.85e-19 1.08842
64052 20.50 66.00 1.86e-19 1.10906
64055 20.50 64.00 1.86e-19 1.12571
64058 20.50 62.00 1.85e-19 1.13805
64061 20.50 60.00 1.82e-19 1.14590
64067 20.50 58.00 1.78e-19 1.14914
64070 20.50 56.00 1.72e-19 1.14773
64073 20.50 54.00 1.66e-19 1.14168
64076 20.50 52.00 1.58e-19 1.13104
64079 20.50 50.00 1.50e-19 1.11592
64082 20.50 48.00 1.40e-19 1.09647
64085 20.50 46.00 1.31e-19 1.07290
64088 20.50 44.00 1.21e-19 1.04544
64091 20.50 42.00 1.10e-19 1.01437
64094 20.50 40.00 1.00e-19 0.97999
64097 -154.30 89.50 1.77e-19 1.14923
64100 -154.30 88.50 1.74e-19 1.14871
64103 -154.30 87.50 1.71e-19 1.14705
64106 -154.30 86.50 1.68e-19 1.14425
64109 -154.30 85.50 1.65e-19 1.14031
64112 -154.30 84.50 1.61e-19 1.13524
64115 -154.30 83.50 1.57e-19 1.12905
64118 -154.30 82.50 1.53e-19 1.12176
64121 -154.30 81.50 1.48e-19 1.11338
64124 -154.30 80.50 1.44e-19 1.10394
64133 -154.30 79.50 1.39e-19 1.09345
64136 -154.30 78.50 1.34e-19 1.08194
64139 -154.30 76.50 1.24e-19 1.05598
64142 -154.30 75.50 1.19e-19 1.04160
64145 -154.30 74.50 1.14e-19 1.02632
64148 -154.30 73.50 1.09e-19 1.01019
64151 -154.30 72.50 1.04e-19 0.99325
64154 -154.30 71.50 9.89e-20 0.97554
64157 -154.30 77.50 1.29e-19 1.06944
64160 15.00 35.00 7.57e-20 0.88388
64163 15.00 38.00 9.05e-20 0.94453
64166 11.03 40.88 1.05e-19 0.99633
64169 15.00 41.00 1.06e-19 0.99930
64172 18.97 40.88 1.05e-19 0.99633
64175 6.71 43.52 1.18e-19 1.03631
64178 10.84 43.88 1.20e-19 1.04433
64181 15.00 44.00 1.21e-19 1.04697
64184 19.16 43.88 1.20e-19 1.04433
64187 23.29 43.52 1.18e-19 1.03631
64190 -2.11 45.05 1.21e-19 1.04763
64193 2.01 45.89 1.28e-19 1.06513
64196 6.26 46.51 1.32e-19 1.07726
64199 10.61 46.88 1.35e-19 1.08424
64202 15.00 47.00 1.36e-19 1.08647
64205 19.39 46.88 1.35e-19 1.08424
64208 23.74 46.51 1.32e-19 1.07726
64211 27.99 45.89 1.28e-19 1.06513
64214 32.11 45.05 1.21e-19 1.04763
64217 -11.20 45.58 1.18e-19 1.03621
64220 -7.26 46.89 1.27e-19 1.06346
64223 -3.10 47.99 1.35e-19 1.08437
64226 1.25 48.86 1.42e-19 1.09944
64229 5.74 49.49 1.46e-19 1.10943
64232 10.34 49.87 1.49e-19 1.11507
64235 15.00 50.00 1.50e-19 1.11691
64238 19.66 49.87 1.49e-19 1.11507
64241 24.26 49.49 1.46e-19 1.10943
64244 28.75 48.86 1.42e-19 1.09944
64247 33.10 47.99 1.35e-19 1.08437
64250 37.26 46.89 1.27e-19 1.06346
64253 41.20 45.58 1.18e-19 1.03621
64259 -20.22 45.15 1.07e-19 1.00223
64262 -16.62 46.88 1.19e-19 1.04033
64265 -12.75 48.42 1.30e-19 1.07115
64268 -8.62 49.77 1.40e-19 1.09513
64271 -4.25 50.90 1.48e-19 1.11267
64274 0.34 51.81 1.54e-19 1.12478
64277 5.12 52.47 1.59e-19 1.13233
64280 10.03 52.87 1.62e-19 1.13635
64283 15.00 53.00 1.62e-19 1.13757
64286 19.97 52.87 1.62e-19 1.13635
64289 24.88 52.47 1.59e-19 1.13233
64292 29.66 51.81 1.54e-19 1.12478
64295 34.25 50.90 1.48e-19 1.11267
64298 38.62 49.77 1.40e-19 1.09513
64301 42.75 48.42 1.30e-19 1.07115
64304 46.62 46.88 1.19e-19 1.04033
64307 50.22 45.15 1.07e-19 1.00223
64310 -28.87 43.83 9.05e-20 0.94458
64313 -25.72 45.90 1.04e-19 0.99391
64316 -22.30 47.83 1.18e-19 1.03618
64325 -18.58 49.61 1.30e-19 1.07116
64328 -14.55 51.21 1.41e-19 1.09860
64331 -10.23 52.61 1.51e-19 1.11882
64334 -5.61 53.80 1.59e-19 1.13266
64337 -0.72 54.74 1.65e-19 1.14106
64340 4.38 55.44 1.69e-19 1.14556
64343 9.65 55.86 1.72e-19 1.14747
64346 15.00 56.00 1.73e-19 1.14797
64349 20.35 55.86 1.72e-19 1.14747
64352 25.62 55.44 1.69e-19 1.14556
64355 30.72 54.74 1.65e-19 1.14106
64358 35.61 53.80 1.59e-19 1.13266
64361 40.23 52.61 1.51e-19 1.11882
64364 44.55 51.21 1.41e-19 1.09860
64367 48.58 49.61 1.30e-19 1.07116
64370 52.30 47.83 1.18e-19 1.03618
64373 55.72 45.90 1.04e-19 0.99391
64376 58.87 43.83 9.05e-20 0.94458
64379 -31.37 46.31 9.93e-20 0.97702
64388 -28.18 48.44 1.14e-19 1.02405
64391 -24.68 50.43 1.27e-19 1.06351
64394 -20.85 52.27 1.40e-19 1.09512
64397 -16.66 53.94 1.51e-19 1.11886
64400 -12.12 55.41 1.61e-19 1.13501
64403 -7.23 56.66 1.68e-19 1.14445
64406 -2.00 57.66 1.74e-19 1.14856
64409 3.49 58.40 1.78e-19 1.14917
64412 9.19 58.85 1.80e-19 1.14836
64415 15.00 59.00 1.80e-19 1.14785
64418 20.81 58.85 1.80e-19 1.14836
64421 26.51 58.40 1.78e-19 1.14917
64424 32.00 57.66 1.74e-19 1.14856
64427 37.23 56.66 1.68e-19 1.14445
64430 42.12 55.41 1.61e-19 1.13501
64433 46.66 53.94 1.51e-19 1.11886
64436 50.85 52.27 1.40e-19 1.09512
64439 54.68 50.43 1.27e-19 1.06351
64442 58.18 48.44 1.14e-19 1.02405
64445 61.37 46.31 9.93e-20 0.97702
64451 -34.20 48.66 1.07e-19 1.00292
64454 -30.98 50.85 1.21e-19 1.04757
64457 -27.42 52.92 1.35e-19 1.08434
64460 -23.49 54.84 1.48e-19 1.11269
64463 -19.14 56.59 1.59e-19 1.13262
64466 -14.37 58.15 1.68e-19 1.14445
64469 -9.17 59.48 1.75e-19 1.14904
64472 -3.56 60.56 1.80e-19 1.14799
64475 2.41 61.35 1.83e-19 1.14368
64478 8.63 61.84 1.85e-19 1.13911
64481 15.00 62.00 1.85e-19 1.13720
64484 21.37 61.84 1.85e-19 1.13911
64487 27.59 61.35 1.83e-19 1.14368
64490 33.56 60.56 1.80e-19 1.14799
64493 39.17 59.48 1.75e-19 1.14904
64496 44.37 58.15 1.68e-19 1.14445
64499 49.14 56.59 1.59e-19 1.13262
64544 53.49 54.84 1.48e-19 1.11269
64592 57.42 52.92 1.35e-19 1.08434
64688 60.98 50.85 1.21e-19 1.04757
64772 64.20 48.66 1.07e-19 1.00292
64775 -37.39 50.87 1.13e-19 1.02267
64778 -34.18 53.14 1.28e-19 1.06522
64781 -30.59 55.29 1.42e-19 1.09938
64784 -26.57 57.31 1.54e-19 1.12477
64787 -22.08 59.16 1.65e-19 1.14106
64790 -17.07 60.82 1.74e-19 1.14856
64793 -11.53 62.26 1.80e-19 1.14799
64796 -5.47 63.42 1.84e-19 1.14100
64799 1.06 64.29 1.86e-19 1.13031
64802 7.93 64.82 1.87e-19 1.12040
64805 15.00 65.00 1.87e-19 1.11624
64808 22.07 64.82 1.87e-19 1.12040
64811 28.94 64.29 1.86e-19 1.13031
64814 35.47 63.42 1.84e-19 1.14100
64817 41.53 62.26 1.80e-19 1.14799
64820 47.07 60.82 1.74e-19 1.14856
64823 52.08 59.16 1.65e-19 1.14106
64826 56.57 57.31 1.54e-19 1.12477
64829 60.59 55.29 1.42e-19 1.09938
64835 64.18 53.14 1.28e-19 1.06522
64838 67.39 50.87 1.13e-19 1.02267
64841 -37.82 55.26 1.32e-19 1.07718
64844 -34.24 57.52 1.46e-19 1.10941
64847 -30.17 59.65 1.59e-19 1.13231
64850 -25.56 61.63 1.69e-19 1.14556
64853 -20.33 63.41 1.78e-19 1.14917
64856 -14.43 64.97 1.83e-19 1.14367
64859 -7.85 66.25 1.86e-19 1.13031
64862 -0.65 67.20 1.87e-19 1.11181
64865 7.04 67.80 1.86e-19 1.09360
64868 15.00 68.00 1.85e-19 1.08543
64871 22.96 67.80 1.86e-19 1.09360
64874 30.65 67.20 1.87e-19 1.11181
64877 37.85 66.25 1.86e-19 1.13031
64880 44.43 64.97 1.83e-19 1.14367
64883 50.33 63.41 1.78e-19 1.14917
64886 55.56 61.63 1.69e-19 1.14556
64889 60.17 59.65 1.59e-19 1.13231
64892 64.24 57.52 1.46e-19 1.10941
64895 67.82 55.26 1.32e-19 1.07718
64898 -41.94 57.20 1.35e-19 1.08417
64901 -38.43 59.57 1.49e-19 1.11506
64904 -34.39 61.83 1.62e-19 1.13631
64907 -29.72 63.95 1.72e-19 1.14747
64910 -24.30 65.88 1.80e-19 1.14836
64913 -18.05 67.59 1.85e-19 1.13913
64916 -10.90 69.01 1.87e-19 1.12042
64919 -2.88 70.09 1.86e-19 1.09364
64922 5.86 70.77 1.83e-19 1.06308
64925 15.00 71.00 1.80e-19 1.04544
64928 24.14 70.77 1.83e-19 1.06308
64931 32.88 70.09 1.86e-19 1.09364
64934 40.90 69.01 1.87e-19 1.12042
64937 48.05 67.59 1.85e-19 1.13913
64940 54.30 65.88 1.80e-19 1.14836
64943 59.72 63.95 1.72e-19 1.14747
64946 64.39 61.83 1.62e-19 1.13631
64949 68.43 59.57 1.49e-19 1.11506
64952 71.94 57.20 1.35e-19 1.08417
64955 -46.59 58.92 1.36e-19 1.08642
64958 -43.24 61.42 1.50e-19 1.11690
64961 -39.32 63.82 1.62e-19 1.13757
64964 -34.69 66.09 1.73e-19 1.14796
64967 -29.19 68.20 1.80e-19 1.14786
64970 -22.64 70.09 1.85e-19 1.13722
64973 -14.88 71.70 1.87e-19 1.11624
64976 -5.87 72.94 1.85e-19 1.08542
64979 4.23 73.73 1.80e-19 1.04546
64982 15.00 74.00 1.73e-19 0.99715
64985 25.77 73.73 1.80e-19 1.04546
64988 35.87 72.94 1.85e-19 1.08542
64991 44.88 71.70 1.87e-19 1.11624
64994 52.64 70.09 1.85e-19 1.13722
64997 59.19 68.20 1.80e-19 1.14786
65000 64.69 66.09 1.73e-19 1.14796
65003 69.32 63.82 1.62e-19 1.13757
65006 73.24 61.42 1.50e-19 1.11690
65009 76.59 58.92 1.36e-19 1.08642
65012 -51.77 60.39 1.35e-19 1.08415
65015 -48.69 63.02 1.49e-19 1.11511
65018 -45.03 65.56 1.62e-19 1.13631
65027 -40.62 68.01 1.72e-19 1.14747
65030 -35.21 70.32 1.80e-19 1.14835
65033 -28.52 72.43 1.85e-19 1.13912
65036 -20.23 74.26 1.87e-19 1.12041
65039 -10.07 75.72 1.86e-19 1.09361
65042 1.88 76.67 1.83e-19 1.06311
65045 15.00 77.00 1.80e-19 1.04544
65048 28.12 76.67 1.83e-19 1.06311
65051 40.07 75.72 1.86e-19 1.09361
65054 50.23 74.26 1.87e-19 1.12041
65057 58.52 72.43 1.85e-19 1.13912
65060 65.21 70.32 1.80e-19 1.14835
65063 70.62 68.01 1.72e-19 1.14747
65066 75.03 65.56 1.62e-19 1.13631
65069 78.69 63.02 1.49e-19 1.11511
65072 81.77 60.39 1.35e-19 1.08415
65075 -57.47 61.57 1.32e-19 1.07722
65078 -54.80 64.32 1.46e-19 1.10944
65081 -51.58 67.01 1.59e-19 1.13230
65084 -47.61 69.63 1.69e-19 1.14554
65087 -42.61 72.15 1.78e-19 1.14917
65090 -36.13 74.51 1.83e-19 1.14369
65093 -27.58 76.63 1.86e-19 1.13033
65096 -16.27 78.38 1.87e-19 1.11178
65099 -1.81 79.57 1.86e-19 1.09360
65102 15.00 80.00 1.85e-19 1.08543
65105 31.81 79.57 1.86e-19 1.09360
65108 46.27 78.38 1.87e-19 1.11178
65111 57.58 76.63 1.86e-19 1.13033
65114 66.13 74.51 1.83e-19 1.14369
65117 72.61 72.15 1.78e-19 1.14917
65120 77.61 69.63 1.69e-19 1.14554
65123 81.58 67.01 1.59e-19 1.13230
65126 84.80 64.32 1.46e-19 1.10944
65129 87.47 61.57 1.32e-19 1.07722
65132 -65.42 59.53 1.13e-19 1.02257
65135 -63.62 62.41 1.28e-19 1.06514
65138 -61.49 65.27 1.42e-19 1.09939
65141 -58.92 68.10 1.54e-19 1.12476
65144 -55.70 70.89 1.65e-19 1.14109
65147 -51.53 73.61 1.74e-19 1.14856
65150 -45.89 76.23 1.80e-19 1.14800
65153 -37.87 78.68 1.84e-19 1.14099
65156 -25.98 80.83 1.86e-19 1.13034
65159 -8.31 82.40 1.87e-19 1.12041
65162 15.00 83.00 1.87e-19 1.11624
65165 38.31 82.40 1.87e-19 1.12041
65168 55.98 80.83 1.86e-19 1.13034
65171 67.87 78.68 1.84e-19 1.14099
65174 75.89 76.23 1.80e-19 1.14800
65177 81.53 73.61 1.74e-19 1.14856
65180 85.70 70.89 1.65e-19 1.14109
65183 88.92 68.10 1.54e-19 1.12476
65186 91.49 65.27 1.42e-19 1.09939
65189 93.62 62.41 1.28e-19 1.06514
65192 95.42 59.53 1.13e-19 1.02257
65195 -71.35 59.93 1.07e-19 1.00292
65198 -70.10 62.89 1.21e-19 1.04756
65201 -68.64 65.84 1.35e-19 1.08432
65204 -66.90 68.78 1.48e-19 1.11272
65207 -64.74 71.70 1.59e-19 1.13264
65210 -61.92 74.59 1.68e-19 1.14445
65213 -57.99 77.44 1.75e-19 1.14904
65219 -52.04 80.22 1.80e-19 1.14800
65222 -41.87 82.83 1.83e-19 1.14368
65225 -22.03 85.01 1.85e-19 1.13912
65228 15.00 86.00 1.85e-19 1.13720
65231 52.03 85.01 1.85e-19 1.13912
65234 71.87 82.83 1.83e-19 1.14368
65237 82.04 80.22 1.80e-19 1.14800
65240 87.99 77.44 1.75e-19 1.14904
65243 91.92 74.59 1.68e-19 1.14445
65246 94.74 71.70 1.59e-19 1.13264
65249 96.90 68.78 1.48e-19 1.11272
65252 98.64 65.84 1.35e-19 1.08432
65255 100.10 62.89 1.21e-19 1.04756
65258 101.35 59.93 1.07e-19 1.00292
65261 -77.40 59.97 9.93e-20 0.97702
65264 -76.74 62.99 1.14e-19 1.02404
65267 -76.03 66.00 1.27e-19 1.06354
65270 -75.25 69.00 1.40e-19 1.09512
65273 -74.36 72.00 1.51e-19 1.11884
65276 -73.29 74.99 1.61e-19 1.13499
65279 -71.91 77.98 1.68e-19 1.14445
65282 -69.91 80.96 1.74e-19 1.14856
65285 -66.36 83.93 1.78e-19 1.14917
65288 -56.94 86.84 1.80e-19 1.14836
65291 15.00 89.00 1.80e-19 1.14785
65294 86.94 86.84 1.80e-19 1.14836
65297 96.36 83.93 1.78e-19 1.14917
65300 99.91 80.96 1.74e-19 1.14856
65303 101.91 77.98 1.68e-19 1.14445
65306 103.29 74.99 1.61e-19 1.13499
65309 104.36 72.00 1.51e-19 1.11884
65312 105.25 69.00 1.40e-19 1.09512
65315 106.03 66.00 1.27e-19 1.06354
65318 106.74 62.99 1.14e-19 1.02404
65321 107.40 59.97 9.93e-20 0.97702
65324 -83.42 59.64 9.05e-20 0.94458
65327 -83.36 62.69 1.04e-19 0.99398
65330 -83.40 65.72 1.18e-19 1.03624
65333 -83.60 68.75 1.30e-19 1.07118
65336 -84.03 71.77 1.41e-19 1.09862
65339 -84.82 74.77 1.51e-19 1.11882
65342 -86.22 77.76 1.59e-19 1.13262
65345 -88.82 80.73 1.65e-19 1.14108
65348 -94.24 83.64 1.69e-19 1.14554
65351 -109.00 86.38 1.72e-19 1.14747
65354 -165.00 88.00 1.73e-19 1.14797
65357 139.00 86.38 1.72e-19 1.14747
65360 124.24 83.64 1.69e-19 1.14554
65363 118.82 80.73 1.65e-19 1.14108
65366 116.22 77.76 1.59e-19 1.13262
65369 114.82 74.77 1.51e-19 1.11882
65372 114.03 71.77 1.41e-19 1.09862
65375 113.60 68.75 1.30e-19 1.07118
65378 113.40 65.72 1.18e-19 1.03624
65381 113.36 62.69 1.04e-19 0.99398
65384 113.42 59.64 9.05e-20 0.94458
65387 -90.51 65.03 1.07e-19 1.00223
65390 -91.61 68.04 1.19e-19 1.04028
65393 -93.21 71.02 1.30e-19 1.07121
65396 -95.59 73.95 1.40e-19 1.09513
65399 -99.24 76.82 1.48e-19 1.11272
65402 -105.13 79.58 1.54e-19 1.12478
65405 -115.34 82.12 1.59e-19 1.13232
65408 -134.13 84.15 1.62e-19 1.13635
65411 -165.00 85.00 1.62e-19 1.13757
65414 164.13 84.15 1.62e-19 1.13635
65417 145.34 82.12 1.59e-19 1.13232
65420 135.13 79.58 1.54e-19 1.12478
65423 129.24 76.82 1.48e-19 1.11272
65426 125.59 73.95 1.40e-19 1.09513
65429 123.21 71.02 1.30e-19 1.07121
65432 121.61 68.04 1.19e-19 1.04028
65435 120.51 65.03 1.07e-19 1.00223
65438 -101.49 69.80 1.18e-19 1.03625
65441 -105.01 72.61 1.27e-19 1.06351
65444 -110.04 75.29 1.35e-19 1.08434
65447 -117.41 77.77 1.42e-19 1.09943
65450 -128.42 79.90 1.46e-19 1.10943
65453 -144.45 81.43 1.49e-19 1.11511
65456 -165.00 82.00 1.50e-19 1.11691
65459 174.45 81.43 1.49e-19 1.11511
65462 158.42 79.90 1.46e-19 1.10943
65465 147.41 77.77 1.42e-19 1.09943
65468 140.04 75.29 1.35e-19 1.08434
65471 135.01 72.61 1.27e-19 1.06351
65474 131.49 69.80 1.18e-19 1.03625
65477 -118.54 73.33 1.21e-19 1.04758
65480 -126.21 75.54 1.28e-19 1.06517
65483 -136.50 77.35 1.32e-19 1.07725
65486 -149.69 78.56 1.35e-19 1.08414
65489 -165.00 79.00 1.36e-19 1.08647
65492 179.69 78.56 1.35e-19 1.08414
65495 166.50 77.35 1.32e-19 1.07725
65498 156.21 75.54 1.28e-19 1.06517
65501 148.54 73.33 1.21e-19 1.04758
65504 -141.78 74.62 1.18e-19 1.03620
65507 -152.81 75.64 1.20e-19 1.04426
65510 -165.00 76.00 1.21e-19 1.04697
65513 -177.19 75.64 1.20e-19 1.04426
65516 171.78 74.62 1.18e-19 1.03620
65519 -154.87 72.69 1.05e-19 0.99626
65522 -165.00 73.00 1.06e-19 0.99930
65525 -175.13 72.69 1.05e-19 0.99626
65528 -165.00 70.00 9.05e-20 0.94453
65531 -165.00 67.00 7.57e-20 0.88388
57281 15.00 -74.00 2.00e-20 -0.00612
62981 15.00 -90.00 6.32e-20 -0.01364
