65006 73.24 61.42 1.23e-19 0.87932
65000 64.69 66.09 1.39e-19 0.86283
65003 69.32 63.82 1.32e-19 0.86992
63197 -35.09 66.19 1.39e-19 0.86289
64142 -154.30 75.50 1.03e-19 0.90779
63191 -39.22 67.15 1.38e-19 0.86389
65213 -57.99 77.44 1.41e-19 0.86119
65210 -61.92 74.59 1.36e-19 0.86583
65294 86.94 86.84 1.45e-19 0.85849
65291 15.00 89.00 1.45e-19 0.85809
65288 -56.94 86.84 1.45e-19 0.85849
65075 -57.47 61.57 1.11e-19 0.89473
62987 15.00 -74.00 6.20e-20 0.06201
65072 81.77 60.39 1.13e-19 0.89204
65486 -149.69 78.56 1.13e-19 0.89200
65069 78.69 63.02 1.22e-19 0.88017
65420 135.13 79.58 1.26e-19 0.87600
62981 15.00 -90.00 1.11e-19 0.11127
65483 -136.50 77.35 1.11e-19 0.89480
65156 -25.98 80.83 1.52e-19 0.85509
65426 125.59 73.95 1.16e-19 0.88799
65480 -126.21 75.54 1.08e-19 0.89915
63281 -2.95 47.55 1.12e-19 0.89383
63287 -1.51 45.84 1.07e-19 0.90128
65150 -45.89 76.23 1.45e-19 0.85817
65390 -91.61 68.04 1.02e-19 0.90824
63227 -18.77 60.10 1.38e-19 0.86420
65393 -93.21 71.02 1.10e-19 0.89705
65396 -95.59 73.95 1.16e-19 0.88799
63221 -21.51 61.46 1.39e-19 0.86312
63443 45.48 49.24 1.11e-19 0.89560
64046 20.50 70.00 1.56e-19 0.85880
64082 20.50 48.00 1.17e-19 0.88745
64043 20.50 72.00 1.55e-19 0.86160
64040 20.50 74.00 1.55e-19 0.86363
64781 -30.59 55.29 1.17e-19 0.88627
64778 -34.18 53.14 1.08e-19 0.89924
64784 -26.57 57.31 1.26e-19 0.87599
64079 20.50 50.00 1.23e-19 0.87975
64787 -22.08 59.16 1.33e-19 0.86790
64919 -2.88 70.09 1.55e-19 0.85625
64925 15.00 71.00 1.56e-19 0.86084
64922 5.86 70.77 1.56e-19 0.85893
64439 54.68 50.43 1.08e-19 0.89980
64445 61.37 46.31 8.91e-20 0.93157
64442 58.18 48.44 9.87e-20 0.91431
63119 -95.35 67.98 9.96e-20 0.91253
63125 -90.61 68.69 1.05e-19 0.90440
63377 68.74 63.99 1.32e-19 0.86912
64544 53.49 54.84 1.22e-19 0.88101
64187 23.29 43.52 1.01e-19 0.90981
64325 -18.58 49.61 1.10e-19 0.89693
63776 -159.50 74.00 9.71e-20 0.91690
64181 15.00 44.00 1.04e-19 0.90583
64178 10.84 43.88 1.03e-19 0.90683
64184 19.16 43.88 1.03e-19 0.90683
64013 -159.50 88.00 1.39e-19 0.86285
64250 37.26 46.89 1.08e-19 0.89971
64253 41.20 45.58 1.01e-19 0.90962
64073 20.50 54.00 1.34e-19 0.86762
64070 20.50 56.00 1.39e-19 0.86313
65246 94.74 71.70 1.29e-19 0.87242
65492 179.69 78.56 1.13e-19 0.89200
65243 91.92 74.59 1.36e-19 0.86583
65495 166.50 77.35 1.11e-19 0.89480
64076 20.50 52.00 1.28e-19 0.87315
65240 87.99 77.44 1.41e-19 0.86119
64208 23.74 46.51 1.11e-19 0.89483
64457 -27.42 52.92 1.13e-19 0.89206
65177 81.53 73.61 1.40e-19 0.86211
64166 11.03 40.88 9.29e-20 0.92433
64163 15.00 38.00 8.31e-20 0.94386
65171 67.87 78.68 1.49e-19 0.85597
64094 20.50 40.00 8.97e-20 0.93044
65174 75.89 76.23 1.45e-19 0.85817
64160 15.00 35.00 7.27e-20 0.96791
65387 -90.51 65.03 9.41e-20 0.92209
63257 -9.72 54.13 1.28e-19 0.87354
65297 96.36 83.93 1.43e-19 0.85974
63251 -11.73 55.69 1.31e-19 0.87034
65381 113.36 62.69 9.24e-20 0.92535
65384 113.42 59.64 8.31e-20 0.94395
65357 139.00 86.38 1.38e-19 0.86339
65348 -94.24 83.64 1.37e-19 0.86502
65351 -109.00 86.38 1.38e-19 0.86339
64091 20.50 42.00 9.66e-20 0.91773
65354 -165.00 88.00 1.39e-19 0.86287
63179 -48.39 68.69 1.34e-19 0.86705
63185 -43.65 67.98 1.36e-19 0.86521
63323 105.02 69.92 1.19e-19 0.88496
65342 -86.22 77.76 1.29e-19 0.87236
65345 -88.82 80.73 1.33e-19 0.86798
65339 -84.82 74.77 1.24e-19 0.87851
65045 15.00 77.00 1.56e-19 0.86084
65042 1.88 76.67 1.56e-19 0.85893
65039 -10.07 75.72 1.55e-19 0.85626
63407 54.89 57.20 1.27e-19 0.87488
65423 129.24 76.82 1.22e-19 0.88107
64823 52.08 59.16 1.33e-19 0.86790
65489 -165.00 79.00 1.14e-19 0.89125
64820 47.07 60.82 1.40e-19 0.86205
64967 -29.19 68.20 1.45e-19 0.85806
64964 -34.69 66.09 1.39e-19 0.86283
63401 57.23 58.68 1.29e-19 0.87283
63095 40.40 47.00 1.06e-19 0.90172
64961 -39.32 63.82 1.32e-19 0.86992
64958 -43.24 61.42 1.23e-19 0.87932
64826 56.57 57.31 1.26e-19 0.87599
65063 70.62 68.01 1.38e-19 0.86339
65126 84.80 64.32 1.21e-19 0.88243
65060 65.21 70.32 1.45e-19 0.85851
65123 81.58 67.01 1.29e-19 0.87253
65066 75.03 65.56 1.31e-19 0.87053
65120 77.61 69.63 1.37e-19 0.86503
64592 57.42 52.92 1.13e-19 0.89206
64499 49.14 56.59 1.29e-19 0.87234
65519 -154.87 72.69 9.29e-20 0.92420
65522 -165.00 73.00 9.35e-20 0.92327
65525 -175.13 72.69 9.29e-20 0.92420
63293 -0.15 44.10 1.01e-19 0.90961
64055 20.50 64.00 1.52e-19 0.85501
64052 20.50 66.00 1.54e-19 0.85537
64466 -14.37 58.15 1.36e-19 0.86585
64049 20.50 68.00 1.55e-19 0.85664
64463 -19.14 56.59 1.29e-19 0.87234
64460 -23.49 54.84 1.22e-19 0.88101
64889 60.17 59.65 1.29e-19 0.87257
64895 67.82 55.26 1.11e-19 0.89466
64892 64.24 57.52 1.21e-19 0.88237
65225 -22.03 85.01 1.50e-19 0.85574
64376 58.87 43.83 8.31e-20 0.94396
64004 -159.50 82.00 1.23e-19 0.87925
64370 52.30 47.83 1.01e-19 0.90955
64007 -159.50 84.00 1.29e-19 0.87273
64373 55.72 45.90 9.24e-20 0.92520
64229 5.74 49.49 1.21e-19 0.88242
64235 15.00 50.00 1.23e-19 0.87934
64232 10.34 49.87 1.22e-19 0.88006
64109 -154.30 85.50 1.33e-19 0.86843
64115 -154.30 83.50 1.28e-19 0.87407
64112 -154.30 84.50 1.30e-19 0.87112
63809 -159.50 76.00 1.04e-19 0.90564
64283 15.00 53.00 1.32e-19 0.86992
64280 10.03 52.87 1.31e-19 0.87065
64286 19.97 52.87 1.31e-19 0.87065
65312 105.25 69.00 1.16e-19 0.88796
65315 106.03 66.00 1.08e-19 0.89986
65309 104.36 72.00 1.24e-19 0.87855
65306 103.29 74.99 1.30e-19 0.87121
65198 -70.10 62.89 1.04e-19 0.90549
65201 -68.64 65.84 1.13e-19 0.89201
65204 -66.90 68.78 1.22e-19 0.88109
65207 -64.74 71.70 1.29e-19 0.87242
65300 99.91 80.96 1.40e-19 0.86208
65303 101.91 77.98 1.36e-19 0.86584
65078 -54.80 64.32 1.21e-19 0.88243
65081 -51.58 67.01 1.29e-19 0.87253
65411 -165.00 85.00 1.32e-19 0.86992
65084 -47.61 69.63 1.37e-19 0.86503
65087 -42.61 72.15 1.43e-19 0.85973
64859 -7.85 66.25 1.52e-19 0.85513
64865 7.04 67.80 1.55e-19 0.85627
65417 145.34 82.12 1.29e-19 0.87259
63329 99.62 69.66 1.22e-19 0.88093
63335 94.39 69.25 1.24e-19 0.87768
63449 43.95 47.55 1.06e-19 0.90208
63455 42.51 45.84 1.01e-19 0.90968
64994 52.64 70.09 1.50e-19 0.85548
64988 35.87 72.94 1.55e-19 0.85688
64991 44.88 71.70 1.54e-19 0.85511
63215 -24.50 62.76 1.39e-19 0.86248
65153 -37.87 78.68 1.49e-19 0.85597
64997 59.19 68.20 1.45e-19 0.85806
63209 -27.74 63.99 1.40e-19 0.86228
64934 40.90 69.01 1.53e-19 0.85501
64016 14.04 90.00 1.43e-19 0.85943
64931 32.88 70.09 1.55e-19 0.85625
63431 48.85 52.53 1.18e-19 0.88515
64928 24.14 70.77 1.56e-19 0.85893
64010 -159.50 86.00 1.34e-19 0.86728
63473 -159.50 70.00 8.32e-20 0.94354
64937 48.05 67.59 1.50e-19 0.85571
63437 47.11 50.90 1.15e-19 0.88995
65132 -65.42 59.53 9.83e-20 0.91468
65135 -63.62 62.41 1.08e-19 0.89907
65129 87.47 61.57 1.11e-19 0.89473
64772 64.20 48.66 9.42e-20 0.92188
64775 -37.39 50.87 9.84e-20 0.91488
64415 15.00 59.00 1.45e-19 0.85809
64412 9.19 58.85 1.45e-19 0.85849
64409 3.49 58.40 1.43e-19 0.85976
63137 -80.38 69.66 1.14e-19 0.89039
63131 -85.61 69.25 1.10e-19 0.89692
64316 -22.30 47.83 1.01e-19 0.90955
64313 -25.72 45.90 9.24e-20 0.92520
64310 -28.87 43.83 8.31e-20 0.94396
63155 -64.02 69.92 1.26e-19 0.87584
63149 -69.50 70.00 1.23e-19 0.87995
64259 -20.22 45.15 9.41e-20 0.92211
64265 -12.75 48.42 1.10e-19 0.89692
64262 -16.62 46.88 1.02e-19 0.90835
65327 -83.36 62.69 9.24e-20 0.92535
57281 15.00 -74.00 6.20e-20 0.06201
64100 -154.30 88.50 1.40e-19 0.86187
64103 -154.30 87.50 1.38e-19 0.86381
65237 82.04 80.22 1.45e-19 0.85818
65234 71.87 82.83 1.48e-19 0.85649
64106 -154.30 86.50 1.36e-19 0.86599
65231 52.03 85.01 1.50e-19 0.85574
65228 15.00 86.00 1.50e-19 0.85551
65267 -76.03 66.00 1.08e-19 0.89986
64088 20.50 44.00 1.03e-19 0.90638
64193 2.01 45.89 1.08e-19 0.89906
64190 -2.11 45.05 1.04e-19 0.90564
64157 -154.30 77.50 1.09e-19 0.89759
64154 -154.30 71.50 8.88e-20 0.93210
64151 -154.30 72.50 9.23e-20 0.92551
64148 -154.30 73.50 9.57e-20 0.91926
64196 6.26 46.51 1.11e-19 0.89483
64982 15.00 74.00 1.54e-19 0.86705
64985 25.77 73.73 1.56e-19 0.86084
65369 114.82 74.77 1.24e-19 0.87851
64979 4.23 73.73 1.56e-19 0.86084
65375 113.60 68.75 1.10e-19 0.89699
65372 114.03 71.77 1.17e-19 0.88673
65366 116.22 77.76 1.29e-19 0.87236
65360 124.24 83.64 1.37e-19 0.86502
65363 118.82 80.73 1.33e-19 0.86798
65459 174.45 81.43 1.22e-19 0.88016
65462 158.42 79.90 1.21e-19 0.88240
65465 147.41 77.77 1.17e-19 0.88636
63173 -53.39 69.25 1.32e-19 0.86936
65036 -20.23 74.26 1.53e-19 0.85502
65270 -75.25 69.00 1.16e-19 0.88796
65273 -74.36 72.00 1.24e-19 0.87855
64952 71.94 57.20 1.13e-19 0.89208
65276 -73.29 74.99 1.30e-19 0.87121
65030 -35.21 70.32 1.45e-19 0.85851
65033 -28.52 72.43 1.50e-19 0.85573
64808 22.07 64.82 1.53e-19 0.85503
64811 28.94 64.29 1.52e-19 0.85512
65501 148.54 73.33 1.04e-19 0.90554
63353 80.22 67.15 1.30e-19 0.87125
64817 41.53 62.26 1.45e-19 0.85822
63005 15.00 -90.00 1.11e-19 0.11127
63389 62.51 61.46 1.31e-19 0.86997
62999 15.00 -74.00 6.20e-20 0.06201
63395 59.77 60.10 1.30e-19 0.87113
65507 -152.81 75.64 1.03e-19 0.90668
65054 50.23 74.26 1.53e-19 0.85502
65096 -16.27 78.38 1.54e-19 0.85526
65051 40.07 75.72 1.55e-19 0.85626
65048 28.12 76.67 1.56e-19 0.85893
65090 -36.13 74.51 1.48e-19 0.85648
65093 -27.58 76.63 1.52e-19 0.85510
65057 58.52 72.43 1.50e-19 0.85573
64496 44.37 58.15 1.36e-19 0.86585
64490 33.56 60.56 1.45e-19 0.85821
64493 39.17 59.48 1.41e-19 0.86118
63017 15.00 -90.00 1.11e-19 0.11127
63305 121.38 69.66 1.07e-19 0.90071
63011 15.00 -74.00 6.20e-20 0.06201
63299 126.61 69.25 1.03e-19 0.90766
64058 20.50 62.00 1.50e-19 0.85559
64061 20.50 60.00 1.47e-19 0.85713
64067 20.50 58.00 1.43e-19 0.85964
64802 7.93 64.82 1.53e-19 0.85503
64805 15.00 65.00 1.54e-19 0.85511
64799 1.06 64.29 1.52e-19 0.85512
64907 -29.72 63.95 1.38e-19 0.86341
64904 -34.39 61.83 1.31e-19 0.87054
64898 -41.94 57.20 1.13e-19 0.89208
64901 -38.43 59.57 1.22e-19 0.88003
64829 60.59 55.29 1.17e-19 0.88627
64379 -31.37 46.31 8.91e-20 0.93157
64367 48.58 49.61 1.10e-19 0.89693
64364 44.55 51.21 1.17e-19 0.88669
64361 40.23 52.61 1.24e-19 0.87851
64358 35.61 53.80 1.29e-19 0.87246
63371 72.27 65.14 1.32e-19 0.86938
63101 -146.50 74.10 9.88e-20 0.91403
63107 41.70 76.00 1.55e-19 0.85596
63968 -159.50 80.00 1.17e-19 0.88688
64343 9.65 55.86 1.38e-19 0.86342
63365 76.09 66.19 1.31e-19 0.87000
64247 33.10 47.99 1.13e-19 0.89211
64340 4.38 55.44 1.37e-19 0.86510
64244 28.75 48.86 1.17e-19 0.88639
64238 19.66 49.87 1.22e-19 0.88006
64346 15.00 56.00 1.39e-19 0.86287
64241 24.26 49.49 1.21e-19 0.88242
64268 -8.62 49.77 1.16e-19 0.88798
64271 -4.25 50.90 1.22e-19 0.88096
64274 0.34 51.81 1.26e-19 0.87601
64277 5.12 52.47 1.29e-19 0.87262
65264 -76.74 62.99 9.87e-20 0.91430
65261 -77.40 59.97 8.91e-20 0.93156
65258 101.35 59.93 9.42e-20 0.92187
65324 -83.42 59.64 8.31e-20 0.94395
65321 107.40 59.97 8.91e-20 0.93156
65318 106.74 62.99 9.87e-20 0.91430
64145 -154.30 74.50 9.92e-20 0.91336
65189 93.62 62.41 1.08e-19 0.89907
65195 -71.35 59.93 9.42e-20 0.92187
64139 -154.30 76.50 1.06e-19 0.90253
65441 -105.01 72.61 1.08e-19 0.89980
65438 -101.49 69.80 1.01e-19 0.90970
65444 -110.04 75.29 1.13e-19 0.89204
65447 -117.41 77.77 1.17e-19 0.88636
63341 89.39 68.69 1.27e-19 0.87503
63347 84.65 67.98 1.29e-19 0.87285
65018 -45.03 65.56 1.31e-19 0.87053
65027 -40.62 68.01 1.38e-19 0.86339
65159 -8.31 82.40 1.53e-19 0.85502
63239 -16.23 58.68 1.36e-19 0.86575
63245 -13.89 57.20 1.34e-19 0.86765
65165 38.31 82.40 1.53e-19 0.85502
63419 50.72 54.13 1.22e-19 0.88114
64943 59.72 63.95 1.38e-19 0.86341
64946 64.39 61.83 1.31e-19 0.87054
64847 -30.17 59.65 1.29e-19 0.87257
65141 -58.92 68.10 1.26e-19 0.87596
65138 -61.49 65.27 1.17e-19 0.88629
64838 67.39 50.87 9.84e-20 0.91488
64841 -37.82 55.26 1.11e-19 0.89466
64844 -34.24 57.52 1.21e-19 0.88237
64478 8.63 61.84 1.50e-19 0.85575
64481 15.00 62.00 1.50e-19 0.85551
64484 21.37 61.84 1.50e-19 0.85575
64487 27.59 61.35 1.48e-19 0.85649
64421 26.51 58.40 1.43e-19 0.85976
64424 32.00 57.66 1.40e-19 0.86209
64853 -20.33 63.41 1.43e-19 0.85973
64850 -25.56 61.63 1.37e-19 0.86511
64856 -14.43 64.97 1.48e-19 0.85651
63143 -74.98 69.92 1.19e-19 0.88493
64307 50.22 45.15 9.41e-20 0.92211
64298 38.62 49.77 1.16e-19 0.88798
64301 42.75 48.42 1.10e-19 0.89692
64304 46.62 46.88 1.02e-19 0.90835
64874 30.65 67.20 1.54e-19 0.85524
64868 15.00 68.00 1.55e-19 0.85688
64871 22.96 67.80 1.55e-19 0.85627
64877 37.85 66.25 1.52e-19 0.85513
64022 20.50 86.00 1.50e-19 0.85552
64025 20.50 84.00 1.53e-19 0.85500
64397 -16.66 53.94 1.24e-19 0.87861
64019 20.50 88.00 1.47e-19 0.85699
64394 -20.85 52.27 1.16e-19 0.88796
64388 -28.18 48.44 9.87e-20 0.91431
64391 -24.68 50.43 1.08e-19 0.89980
64214 32.11 45.05 1.04e-19 0.90564
64097 -154.30 89.50 1.42e-19 0.86019
64211 27.99 45.89 1.08e-19 0.89906
65219 -52.04 80.22 1.45e-19 0.85818
64217 -11.20 45.58 1.01e-19 0.90962
65222 -41.87 82.83 1.48e-19 0.85649
64427 37.23 56.66 1.36e-19 0.86587
64199 10.61 46.88 1.13e-19 0.89222
64202 15.00 47.00 1.14e-19 0.89125
64205 19.39 46.88 1.13e-19 0.89222
64976 -5.87 72.94 1.55e-19 0.85688
64973 -14.88 71.70 1.54e-19 0.85511
64970 -22.64 70.09 1.50e-19 0.85548
65450 -128.42 79.90 1.21e-19 0.88240
65453 -144.45 81.43 1.22e-19 0.88016
65162 15.00 83.00 1.54e-19 0.85511
63203 -31.27 65.14 1.40e-19 0.86242
65279 -71.91 77.98 1.36e-19 0.86584
65285 -66.36 83.93 1.43e-19 0.85974
65282 -69.91 80.96 1.40e-19 0.86208
65471 135.01 72.61 1.08e-19 0.89980
65468 140.04 75.29 1.13e-19 0.89204
65474 131.49 69.80 1.01e-19 0.90970
65477 -118.54 73.33 1.04e-19 0.90554
62993 15.00 -90.00 1.11e-19 0.11127
64940 54.30 65.88 1.45e-19 0.85846
65099 -1.81 79.57 1.55e-19 0.85626
65105 31.81 79.57 1.55e-19 0.85626
65102 15.00 80.00 1.55e-19 0.85688
64688 60.98 50.85 1.04e-19 0.90551
65405 -115.34 82.12 1.29e-19 0.87259
65402 -105.13 79.58 1.26e-19 0.87600
65399 -99.24 76.82 1.22e-19 0.88107
63269 -6.11 50.90 1.21e-19 0.88201
63275 -4.48 49.24 1.16e-19 0.88750
64037 20.50 76.00 1.55e-19 0.86180
64034 20.50 78.00 1.56e-19 0.85898
64028 20.50 82.00 1.54e-19 0.85543
64031 20.50 80.00 1.55e-19 0.85677
64916 -10.90 69.01 1.53e-19 0.85501
64793 -11.53 62.26 1.45e-19 0.85822
64790 -17.07 60.82 1.40e-19 0.86205
64910 -24.30 65.88 1.45e-19 0.85846
64913 -18.05 67.59 1.50e-19 0.85571
64796 -5.47 63.42 1.49e-19 0.85595
65144 -55.70 70.89 1.33e-19 0.86801
64430 42.12 55.41 1.30e-19 0.87128
64433 46.66 53.94 1.24e-19 0.87861
64349 20.35 55.86 1.38e-19 0.86342
64352 25.62 55.44 1.37e-19 0.86510
64355 30.72 54.74 1.33e-19 0.86792
63383 65.50 62.76 1.32e-19 0.86929
63113 -138.30 76.00 1.07e-19 0.90154
64436 50.85 52.27 1.16e-19 0.88796
64334 -5.61 53.80 1.29e-19 0.87246
65504 -141.78 74.62 1.01e-19 0.90959
64331 -10.23 52.61 1.24e-19 0.87851
64328 -14.55 51.21 1.17e-19 0.88669
64169 15.00 41.00 9.35e-20 0.92327
64172 18.97 40.88 9.29e-20 0.92433
64175 6.71 43.52 1.01e-19 0.90981
64337 -0.72 54.74 1.33e-19 0.86792
64814 35.47 63.42 1.49e-19 0.85595
65147 -51.53 73.61 1.40e-19 0.86211
65249 96.90 68.78 1.22e-19 0.88109
64085 20.50 46.00 1.10e-19 0.89631
65336 -84.03 71.77 1.17e-19 0.88673
65252 98.64 65.84 1.13e-19 0.89201
65255 100.10 62.89 1.04e-19 0.90549
65330 -83.40 65.72 1.01e-19 0.90967
65333 -83.60 68.75 1.10e-19 0.89699
64418 20.81 58.85 1.45e-19 0.85849
64133 -154.30 79.50 1.16e-19 0.88861
65186 91.49 65.27 1.17e-19 0.88629
64136 -154.30 78.50 1.12e-19 0.89295
65183 88.92 68.10 1.26e-19 0.87596
65180 85.70 70.89 1.33e-19 0.86801
65192 95.42 59.53 9.83e-20 0.91468
65414 164.13 84.15 1.31e-19 0.87065
65432 121.61 68.04 1.02e-19 0.90824
65435 120.51 65.03 9.41e-20 0.92209
63263 -7.85 52.53 1.25e-19 0.87737
65429 123.21 71.02 1.10e-19 0.89705
65408 -134.13 84.15 1.31e-19 0.87065
63317 110.50 70.00 1.15e-19 0.88946
63311 115.98 69.92 1.11e-19 0.89486
65009 76.59 58.92 1.14e-19 0.89114
65015 -48.69 63.02 1.22e-19 0.88017
65012 -51.77 60.39 1.13e-19 0.89204
65528 -165.00 70.00 8.31e-20 0.94386
65531 -165.00 67.00 7.27e-20 0.96791
63413 52.73 55.69 1.24e-19 0.87776
64955 -46.59 58.92 1.14e-19 0.89114
64949 68.43 59.57 1.22e-19 0.88003
65111 57.58 76.63 1.52e-19 0.85510
65168 55.98 80.83 1.52e-19 0.85509
65108 46.27 78.38 1.54e-19 0.85526
65114 66.13 74.51 1.48e-19 0.85648
65117 72.61 72.15 1.43e-19 0.85973
64862 -0.65 67.20 1.54e-19 0.85524
64835 64.18 53.14 1.08e-19 0.89924
65456 -165.00 82.00 1.23e-19 0.87934
64469 -9.17 59.48 1.41e-19 0.86118
64475 2.41 61.35 1.48e-19 0.85649
64472 -3.56 60.56 1.45e-19 0.85821
65513 -177.19 75.64 1.03e-19 0.90668
65510 -165.00 76.00 1.04e-19 0.90583
65516 171.78 74.62 1.01e-19 0.90959
64451 -34.20 48.66 9.42e-20 0.92188
64454 -30.98 50.85 1.04e-19 0.90551
63905 -159.50 78.00 1.11e-19 0.89565
64289 24.88 52.47 1.29e-19 0.87262
64295 34.25 50.90 1.22e-19 0.88096
64292 29.66 51.81 1.26e-19 0.87601
64883 50.33 63.41 1.43e-19 0.85973
64880 44.43 64.97 1.48e-19 0.85651
65498 156.21 75.54 1.08e-19 0.89915
63584 -159.50 72.00 9.02e-20 0.92950
64886 55.56 61.63 1.37e-19 0.86511
64406 -2.00 57.66 1.40e-19 0.86209
65378 113.40 65.72 1.01e-19 0.90967
64403 -7.23 56.66 1.36e-19 0.86587
64400 -12.12 55.41 1.30e-19 0.87128
64223 -3.10 47.99 1.13e-19 0.89211
64220 -7.26 46.89 1.08e-19 0.89971
64118 -154.30 82.50 1.25e-19 0.87730
64121 -154.30 81.50 1.22e-19 0.88079
64226 1.25 48.86 1.17e-19 0.88639
64124 -154.30 80.50 1.19e-19 0.88456
63161 -58.62 69.66 1.29e-19 0.87223
