65006 73.24 61.42 1.67e-19 1.19045
65000 64.69 66.09 1.90e-19 1.17931
65003 69.32 63.82 1.79e-19 1.18065
63197 -35.09 66.19 1.90e-19 1.17926
64142 -154.30 75.50 1.40e-19 1.23750
63191 -39.22 67.15 1.88e-19 1.17904
65213 -57.99 77.44 1.93e-19 1.18071
65210 -61.92 74.59 1.85e-19 1.17886
65294 86.94 86.84 2.00e-19 1.18587
65291 15.00 89.00 2.01e-19 1.18709
65288 -56.94 86.84 2.00e-19 1.18587
65075 -57.47 61.57 1.51e-19 1.21424
62987 15.00 -74.00 -2.81e-19 -0.28092
65072 81.77 60.39 1.53e-19 1.20973
65486 -149.69 78.56 1.53e-19 1.20968
65069 78.69 63.02 1.66e-19 1.19158
65420 135.13 79.58 1.71e-19 1.18637
62981 15.00 -90.00 -2.74e-19 -0.27359
65483 -136.50 77.35 1.51e-19 1.21433
65156 -25.98 80.83 2.15e-19 1.21376
65426 125.59 73.95 1.57e-19 1.20311
65480 -126.21 75.54 1.47e-19 1.22194
63281 -2.95 47.55 1.52e-19 1.21274
63287 -1.51 45.84 1.45e-19 1.22568
65150 -45.89 76.23 2.01e-19 1.18673
65390 -91.61 68.04 1.39e-19 1.23835
63227 -18.77 60.10 1.88e-19 1.17893
65393 -93.21 71.02 1.49e-19 1.21821
65396 -95.59 73.95 1.57e-19 1.20311
63221 -21.51 61.46 1.90e-19 1.17921
63443 45.48 49.24 1.50e-19 1.21576
64046 20.50 70.00 2.35e-19 1.29837
64082 20.50 48.00 1.58e-19 1.20227
64043 20.50 72.00 2.40e-19 1.33213
64040 20.50 74.00 2.43e-19 1.35451
64781 -30.59 55.29 1.59e-19 1.20044
64778 -34.18 53.14 1.47e-19 1.22206
64784 -26.57 57.31 1.71e-19 1.18635
64079 20.50 50.00 1.66e-19 1.19102
64787 -22.08 59.16 1.81e-19 1.17942
64919 -2.88 70.09 2.28e-19 1.26081
64925 15.00 71.00 2.39e-19 1.32338
64922 5.86 70.77 2.36e-19 1.30010
64439 54.68 50.43 1.46e-19 1.22307
64445 61.37 46.31 1.23e-19 1.28168
64442 58.18 48.44 1.35e-19 1.24950
63119 -95.35 67.98 1.36e-19 1.24627
63125 -90.61 68.69 1.43e-19 1.23128
63377 68.74 63.99 1.80e-19 1.18014
64544 53.49 54.84 1.65e-19 1.19272
64187 23.29 43.52 1.38e-19 1.24118
64325 -18.58 49.61 1.49e-19 1.21806
63776 -159.50 74.00 1.33e-19 1.25437
64181 15.00 44.00 1.41e-19 1.23392
64178 10.84 43.88 1.41e-19 1.23573
64184 19.16 43.88 1.41e-19 1.23573
64013 -159.50 88.00 1.90e-19 1.17939
64250 37.26 46.89 1.46e-19 1.22295
64253 41.20 45.58 1.38e-19 1.24093
64073 20.50 54.00 1.82e-19 1.17939
64070 20.50 56.00 1.90e-19 1.17925
65246 94.74 71.70 1.75e-19 1.18268
65492 179.69 78.56 1.53e-19 1.20968
65243 91.92 74.59 1.85e-19 1.17886
65495 166.50 77.35 1.51e-19 1.21433
64076 20.50 52.00 1.74e-19 1.18335
65240 87.99 77.44 1.93e-19 1.18071
64208 23.74 46.51 1.51e-19 1.21437
64457 -27.42 52.92 1.53e-19 1.20974
65177 81.53 73.61 1.92e-19 1.17988
64166 11.03 40.88 1.27e-19 1.26826
64163 15.00 38.00 1.15e-19 1.30410
65171 67.87 78.68 2.09e-19 1.19891
64094 20.50 40.00 1.23e-19 1.27960
65174 75.89 76.23 2.01e-19 1.18673
64160 15.00 35.00 1.01e-19 1.34500
65387 -90.51 65.03 1.29e-19 1.26412
63257 -9.72 54.13 1.74e-19 1.18375
65297 96.36 83.93 1.97e-19 1.18285
63251 -11.73 55.69 1.78e-19 1.18100
65381 113.36 62.69 1.27e-19 1.27008
65384 113.42 59.64 1.15e-19 1.30422
65357 139.00 86.38 1.89e-19 1.17912
65348 -94.24 83.64 1.86e-19 1.17878
65351 -109.00 86.38 1.89e-19 1.17912
64091 20.50 42.00 1.32e-19 1.25593
65354 -165.00 88.00 1.90e-19 1.17938
63179 -48.39 68.69 1.83e-19 1.17921
63185 -43.65 67.98 1.86e-19 1.17885
63323 105.02 69.92 1.61e-19 1.19841
65342 -86.22 77.76 1.75e-19 1.18259
65345 -88.82 80.73 1.81e-19 1.17954
65339 -84.82 74.77 1.67e-19 1.18940
65045 15.00 77.00 2.39e-19 1.32338
65042 1.88 76.67 2.36e-19 1.30007
65039 -10.07 75.72 2.28e-19 1.26085
63407 54.89 57.20 1.72e-19 1.18510
65423 129.24 76.82 1.65e-19 1.19281
64823 52.08 59.16 1.81e-19 1.17942
65489 -165.00 79.00 1.54e-19 1.20840
64820 47.07 60.82 1.91e-19 1.17977
64967 -29.19 68.20 2.01e-19 1.18704
64964 -34.69 66.09 1.90e-19 1.17931
63401 57.23 58.68 1.75e-19 1.18308
63095 40.40 47.00 1.45e-19 1.22650
64961 -39.32 63.82 1.79e-19 1.18065
64958 -43.24 61.42 1.67e-19 1.19045
64826 56.57 57.31 1.71e-19 1.18635
65063 70.62 68.01 1.89e-19 1.17911
65126 84.80 64.32 1.63e-19 1.19472
65060 65.21 70.32 2.00e-19 1.18591
65123 81.58 67.01 1.75e-19 1.18275
65066 75.03 65.56 1.78e-19 1.18107
65120 77.61 69.63 1.86e-19 1.17880
64592 57.42 52.92 1.53e-19 1.20974
64499 49.14 56.59 1.75e-19 1.18256
65519 -154.87 72.69 1.27e-19 1.26809
65522 -165.00 73.00 1.28e-19 1.26627
65525 -175.13 72.69 1.27e-19 1.26809
63293 -0.15 44.10 1.38e-19 1.24082
64055 20.50 64.00 2.17e-19 1.21988
64052 20.50 66.00 2.24e-19 1.24125
64466 -14.37 58.15 1.85e-19 1.17889
64049 20.50 68.00 2.30e-19 1.26746
64463 -19.14 56.59 1.75e-19 1.18256
64460 -23.49 54.84 1.65e-19 1.19272
64889 60.17 59.65 1.75e-19 1.18281
64895 67.82 55.26 1.51e-19 1.21415
64892 64.24 57.52 1.63e-19 1.19463
65225 -22.03 85.01 2.10e-19 1.20170
64376 58.87 43.83 1.15e-19 1.30424
64004 -159.50 82.00 1.67e-19 1.19037
64370 52.30 47.83 1.38e-19 1.24085
64007 -159.50 84.00 1.75e-19 1.18295
64373 55.72 45.90 1.27e-19 1.26989
64229 5.74 49.49 1.63e-19 1.19470
64235 15.00 50.00 1.67e-19 1.19048
64232 10.34 49.87 1.66e-19 1.19143
64109 -154.30 85.50 1.81e-19 1.17976
64115 -154.30 83.50 1.73e-19 1.18427
64112 -154.30 84.50 1.77e-19 1.18155
63809 -159.50 76.00 1.42e-19 1.23358
64283 15.00 53.00 1.79e-19 1.18067
64280 10.03 52.87 1.78e-19 1.18124
64286 19.97 52.87 1.78e-19 1.18124
65312 105.25 69.00 1.57e-19 1.20308
65315 106.03 66.00 1.46e-19 1.22315
65309 104.36 72.00 1.68e-19 1.18946
65306 103.29 74.99 1.77e-19 1.18161
65198 -70.10 62.89 1.42e-19 1.23337
65201 -68.64 65.84 1.53e-19 1.20967
65204 -66.90 68.78 1.65e-19 1.19283
65207 -64.74 71.70 1.75e-19 1.18268
65300 99.91 80.96 1.92e-19 1.17983
65303 101.91 77.98 1.85e-19 1.17887
65078 -54.80 64.32 1.63e-19 1.19472
65081 -51.58 67.01 1.75e-19 1.18275
65411 -165.00 85.00 1.79e-19 1.18067
65084 -47.61 69.63 1.86e-19 1.17880
65087 -42.61 72.15 1.97e-19 1.18284
64859 -7.85 66.25 2.15e-19 1.21385
64865 7.04 67.80 2.28e-19 1.26088
65417 145.34 82.12 1.75e-19 1.18284
63329 99.62 69.66 1.65e-19 1.19261
63335 94.39 69.25 1.69e-19 1.18837
63449 43.95 47.55 1.44e-19 1.22719
63455 42.51 45.84 1.38e-19 1.24094
64994 52.64 70.09 2.11e-19 1.20433
64988 35.87 72.94 2.30e-19 1.27129
64991 44.88 71.70 2.21e-19 1.23210
63215 -24.50 62.76 1.91e-19 1.17951
65153 -37.87 78.68 2.09e-19 1.19891
64997 59.19 68.20 2.01e-19 1.18704
63209 -27.74 63.99 1.91e-19 1.17973
64934 40.90 69.01 2.20e-19 1.22672
64016 14.04 90.00 1.97e-19 1.18348
64931 32.88 70.09 2.28e-19 1.26081
63431 48.85 52.53 1.60e-19 1.19872
64928 24.14 70.77 2.36e-19 1.30010
64010 -159.50 86.00 1.82e-19 1.17925
63473 -159.50 70.00 1.15e-19 1.30354
64937 48.05 67.59 2.10e-19 1.20164
63437 47.11 50.90 1.55e-19 1.20629
65132 -65.42 59.53 1.34e-19 1.25028
65135 -63.62 62.41 1.47e-19 1.22184
65129 87.47 61.57 1.51e-19 1.21424
64772 64.20 48.66 1.29e-19 1.26370
64775 -37.39 50.87 1.34e-19 1.25053
64415 15.00 59.00 2.01e-19 1.18709
64412 9.19 58.85 2.00e-19 1.18588
64409 3.49 58.40 1.97e-19 1.18289
63137 -80.38 69.66 1.55e-19 1.20702
63131 -85.61 69.25 1.49e-19 1.21804
64316 -22.30 47.83 1.38e-19 1.24085
64313 -25.72 45.90 1.27e-19 1.26989
64310 -28.87 43.83 1.15e-19 1.30424
63155 -64.02 69.92 1.71e-19 1.18620
63149 -69.50 70.00 1.66e-19 1.19129
64259 -20.22 45.15 1.29e-19 1.26414
64265 -12.75 48.42 1.49e-19 1.21804
64262 -16.62 46.88 1.39e-19 1.23849
65327 -83.36 62.69 1.27e-19 1.27008
57281 15.00 -74.00 -2.81e-19 -0.28092
64100 -154.30 88.50 1.92e-19 1.18006
64103 -154.30 87.50 1.88e-19 1.17900
65237 82.04 80.22 2.01e-19 1.18675
65234 71.87 82.83 2.06e-19 1.19475
64106 -154.30 86.50 1.85e-19 1.17891
65231 52.03 85.01 2.10e-19 1.20170
65228 15.00 86.00 2.11e-19 1.20439
65267 -76.03 66.00 1.46e-19 1.22315
64088 20.50 44.00 1.41e-19 1.23494
64193 2.01 45.89 1.47e-19 1.22182
64190 -2.11 45.05 1.42e-19 1.23356
64157 -154.30 77.50 1.48e-19 1.21919
64154 -154.30 71.50 1.22e-19 1.28268
64151 -154.30 72.50 1.27e-19 1.27044
64148 -154.30 73.50 1.31e-19 1.25879
64196 6.26 46.51 1.51e-19 1.21437
64982 15.00 74.00 2.47e-19 1.39032
64985 25.77 73.73 2.39e-19 1.32337
65369 114.82 74.77 1.67e-19 1.18940
64979 4.23 73.73 2.39e-19 1.32337
65375 113.60 68.75 1.49e-19 1.21813
65372 114.03 71.77 1.59e-19 1.20112
65366 116.22 77.76 1.75e-19 1.18259
65360 124.24 83.64 1.86e-19 1.17878
65363 118.82 80.73 1.81e-19 1.17954
65459 174.45 81.43 1.66e-19 1.19157
65462 158.42 79.90 1.63e-19 1.19467
65465 147.41 77.77 1.59e-19 1.20057
63173 -53.39 69.25 1.79e-19 1.18029
65036 -20.23 74.26 2.20e-19 1.22673
65270 -75.25 69.00 1.57e-19 1.20308
65273 -74.36 72.00 1.68e-19 1.18946
64952 71.94 57.20 1.53e-19 1.20978
65276 -73.29 74.99 1.77e-19 1.18161
65030 -35.21 70.32 2.00e-19 1.18591
65033 -28.52 72.43 2.10e-19 1.20168
64808 22.07 64.82 2.20e-19 1.22676
64811 28.94 64.29 2.15e-19 1.21384
65501 148.54 73.33 1.42e-19 1.23343
63353 80.22 67.15 1.77e-19 1.18169
64817 41.53 62.26 2.01e-19 1.18682
63389 62.51 61.46 1.78e-19 1.18068
63395 59.77 60.10 1.77e-19 1.18157
65507 -152.81 75.64 1.41e-19 1.23554
65054 50.23 74.26 2.20e-19 1.22673
65096 -16.27 78.38 2.23e-19 1.23779
65051 40.07 75.72 2.28e-19 1.26085
65048 28.12 76.67 2.36e-19 1.30007
65090 -36.13 74.51 2.06e-19 1.19473
65093 -27.58 76.63 2.15e-19 1.21378
65057 58.52 72.43 2.10e-19 1.20168
64496 44.37 58.15 1.85e-19 1.17889
64490 33.56 60.56 2.01e-19 1.18680
64493 39.17 59.48 1.93e-19 1.18069
63305 121.38 69.66 1.46e-19 1.22475
63299 126.61 69.25 1.40e-19 1.23730
64058 20.50 62.00 2.11e-19 1.20319
64061 20.50 60.00 2.04e-19 1.19099
64067 20.50 58.00 1.97e-19 1.18307
64802 7.93 64.82 2.20e-19 1.22676
64805 15.00 65.00 2.21e-19 1.23209
64799 1.06 64.29 2.15e-19 1.21384
64907 -29.72 63.95 1.89e-19 1.17915
64904 -34.39 61.83 1.78e-19 1.18108
64898 -41.94 57.20 1.53e-19 1.20978
64901 -38.43 59.57 1.66e-19 1.19140
64829 60.59 55.29 1.59e-19 1.20044
64379 -31.37 46.31 1.23e-19 1.28168
64367 48.58 49.61 1.49e-19 1.21806
64364 44.55 51.21 1.59e-19 1.20107
64361 40.23 52.61 1.67e-19 1.18940
64358 35.61 53.80 1.75e-19 1.18273
63371 72.27 65.14 1.79e-19 1.18031
63101 -146.50 74.10 1.35e-19 1.24903
63107 41.70 76.00 2.27e-19 1.25517
63968 -159.50 80.00 1.58e-19 1.20137
64343 9.65 55.86 1.89e-19 1.17918
63365 76.09 66.19 1.78e-19 1.18067
64247 33.10 47.99 1.53e-19 1.20980
64340 4.38 55.44 1.86e-19 1.17891
64244 28.75 48.86 1.59e-19 1.20061
64238 19.66 49.87 1.66e-19 1.19143
64346 15.00 56.00 1.90e-19 1.17938
64241 24.26 49.49 1.63e-19 1.19470
64268 -8.62 49.77 1.57e-19 1.20311
64271 -4.25 50.90 1.65e-19 1.19266
64274 0.34 51.81 1.71e-19 1.18639
64277 5.12 52.47 1.75e-19 1.18289
65264 -76.74 62.99 1.35e-19 1.24948
65261 -77.40 59.97 1.23e-19 1.28167
65258 101.35 59.93 1.29e-19 1.26369
65324 -83.42 59.64 1.15e-19 1.30422
65321 107.40 59.97 1.23e-19 1.28167
65318 106.74 62.99 1.35e-19 1.24948
64145 -154.30 74.50 1.35e-19 1.24779
65189 93.62 62.41 1.47e-19 1.22184
65195 -71.35 59.93 1.29e-19 1.26369
64139 -154.30 76.50 1.44e-19 1.22796
65441 -105.01 72.61 1.46e-19 1.22307
65438 -101.49 69.80 1.38e-19 1.24103
65444 -110.04 75.29 1.53e-19 1.20972
65447 -117.41 77.77 1.59e-19 1.20057
63341 89.39 68.69 1.72e-19 1.18529
63347 84.65 67.98 1.75e-19 1.18307
65018 -45.03 65.56 1.78e-19 1.18107
65027 -40.62 68.01 1.89e-19 1.17911
65159 -8.31 82.40 2.20e-19 1.22674
63239 -16.23 58.68 1.85e-19 1.17895
63245 -13.89 57.20 1.82e-19 1.17934
65165 38.31 82.40 2.20e-19 1.22674
63419 50.72 54.13 1.65e-19 1.19290
64943 59.72 63.95 1.89e-19 1.17915
64946 64.39 61.83 1.78e-19 1.18108
64847 -30.17 59.65 1.75e-19 1.18281
65141 -58.92 68.10 1.71e-19 1.18631
65138 -61.49 65.27 1.59e-19 1.20047
64838 67.39 50.87 1.34e-19 1.25053
64841 -37.82 55.26 1.51e-19 1.21415
64844 -34.24 57.52 1.63e-19 1.19463
64478 8.63 61.84 2.10e-19 1.20171
64481 15.00 62.00 2.11e-19 1.20439
64484 21.37 61.84 2.10e-19 1.20171
64487 27.59 61.35 2.06e-19 1.19476
64421 26.51 58.40 1.97e-19 1.18289
64424 32.00 57.66 1.92e-19 1.17984
64853 -20.33 63.41 1.97e-19 1.18283
64850 -25.56 61.63 1.86e-19 1.17892
64856 -14.43 64.97 2.06e-19 1.19480
63143 -74.98 69.92 1.61e-19 1.19837
64307 50.22 45.15 1.29e-19 1.26414
64298 38.62 49.77 1.57e-19 1.20311
64301 42.75 48.42 1.49e-19 1.21804
64304 46.62 46.88 1.39e-19 1.23849
64874 30.65 67.20 2.23e-19 1.23773
64868 15.00 68.00 2.30e-19 1.27128
64871 22.96 67.80 2.28e-19 1.26088
64877 37.85 66.25 2.15e-19 1.21385
64022 20.50 86.00 2.11e-19 1.20421
64025 20.50 84.00 2.18e-19 1.22122
64397 -16.66 53.94 1.68e-19 1.18955
64019 20.50 88.00 2.05e-19 1.19170
64394 -20.85 52.27 1.57e-19 1.20308
64388 -28.18 48.44 1.35e-19 1.24950
64391 -24.68 50.43 1.46e-19 1.22307
64214 32.11 45.05 1.42e-19 1.23356
64097 -154.30 89.50 1.96e-19 1.18210
64211 27.99 45.89 1.47e-19 1.22182
65219 -52.04 80.22 2.01e-19 1.18675
64217 -11.20 45.58 1.38e-19 1.24093
65222 -41.87 82.83 2.06e-19 1.19475
64427 37.23 56.66 1.85e-19 1.17892
64199 10.61 46.88 1.53e-19 1.20996
64202 15.00 47.00 1.54e-19 1.20840
64205 19.39 46.88 1.53e-19 1.20996
64976 -5.87 72.94 2.30e-19 1.27129
64973 -14.88 71.70 2.21e-19 1.23210
64970 -22.64 70.09 2.11e-19 1.20433
65450 -128.42 79.90 1.63e-19 1.19467
65453 -144.45 81.43 1.66e-19 1.19157
65162 15.00 83.00 2.21e-19 1.23209
63203 -31.27 65.14 1.91e-19 1.17965
65279 -71.91 77.98 1.85e-19 1.17887
65285 -66.36 83.93 1.97e-19 1.18285
65282 -69.91 80.96 1.92e-19 1.17983
65471 135.01 72.61 1.46e-19 1.22307
65468 140.04 75.29 1.53e-19 1.20972
65474 131.49 69.80 1.38e-19 1.24103
65477 -118.54 73.33 1.42e-19 1.23343
62993 15.00 -90.00 -2.74e-19 -0.27359
64940 54.30 65.88 2.00e-19 1.18582
65099 -1.81 79.57 2.28e-19 1.26087
65105 31.81 79.57 2.28e-19 1.26087
65102 15.00 80.00 2.30e-19 1.27128
64688 60.98 50.85 1.42e-19 1.23339
65405 -115.34 82.12 1.75e-19 1.18284
65402 -105.13 79.58 1.71e-19 1.18637
65399 -99.24 76.82 1.65e-19 1.19281
63269 -6.11 50.90 1.64e-19 1.19413
63275 -4.48 49.24 1.58e-19 1.20235
64037 20.50 76.00 2.41e-19 1.33442
64034 20.50 78.00 2.36e-19 1.30068
64028 20.50 82.00 2.24e-19 1.24292
64031 20.50 80.00 2.30e-19 1.26948
64916 -10.90 69.01 2.20e-19 1.22672
64793 -11.53 62.26 2.01e-19 1.18682
64790 -17.07 60.82 1.91e-19 1.17977
64910 -24.30 65.88 2.00e-19 1.18582
64913 -18.05 67.59 2.10e-19 1.20164
64796 -5.47 63.42 2.09e-19 1.19887
65144 -55.70 70.89 1.81e-19 1.17959
64430 42.12 55.41 1.77e-19 1.18171
64433 46.66 53.94 1.68e-19 1.18955
64349 20.35 55.86 1.89e-19 1.17918
64352 25.62 55.44 1.86e-19 1.17891
64355 30.72 54.74 1.81e-19 1.17945
63383 65.50 62.76 1.79e-19 1.18021
63113 -138.30 76.00 1.45e-19 1.22618
64436 50.85 52.27 1.57e-19 1.20308
64334 -5.61 53.80 1.75e-19 1.18273
65504 -141.78 74.62 1.38e-19 1.24090
64331 -10.23 52.61 1.67e-19 1.18940
64328 -14.55 51.21 1.59e-19 1.20107
64169 15.00 41.00 1.28e-19 1.26627
64172 18.97 40.88 1.27e-19 1.26826
64175 6.71 43.52 1.38e-19 1.24118
64337 -0.72 54.74 1.81e-19 1.17945
64814 35.47 63.42 2.09e-19 1.19887
65147 -51.53 73.61 1.92e-19 1.17988
65249 96.90 68.78 1.65e-19 1.19283
64085 20.50 46.00 1.49e-19 1.21697
65336 -84.03 71.77 1.59e-19 1.20112
65252 98.64 65.84 1.53e-19 1.20967
65255 100.10 62.89 1.42e-19 1.23337
65330 -83.40 65.72 1.38e-19 1.24101
65333 -83.60 68.75 1.49e-19 1.21813
64418 20.81 58.85 2.00e-19 1.18588
64133 -154.30 79.50 1.57e-19 1.20411
65186 91.49 65.27 1.59e-19 1.20047
64136 -154.30 78.50 1.53e-19 1.21123
65183 88.92 68.10 1.71e-19 1.18631
65180 85.70 70.89 1.81e-19 1.17959
65192 95.42 59.53 1.34e-19 1.25028
65414 164.13 84.15 1.78e-19 1.18125
65432 121.61 68.04 1.39e-19 1.23835
65435 120.51 65.03 1.29e-19 1.26412
63263 -7.85 52.53 1.69e-19 1.18799
65429 123.21 71.02 1.49e-19 1.21821
65408 -134.13 84.15 1.78e-19 1.18125
63317 110.50 70.00 1.56e-19 1.20547
63311 115.98 69.92 1.51e-19 1.21443
65009 76.59 58.92 1.54e-19 1.20825
65015 -48.69 63.02 1.66e-19 1.19158
65012 -51.77 60.39 1.53e-19 1.20973
65528 -165.00 70.00 1.15e-19 1.30410
65531 -165.00 67.00 1.01e-19 1.34500
63413 52.73 55.69 1.69e-19 1.18847
64955 -46.59 58.92 1.54e-19 1.20825
64949 68.43 59.57 1.66e-19 1.19140
65111 57.58 76.63 2.15e-19 1.21378
65168 55.98 80.83 2.15e-19 1.21376
65108 46.27 78.38 2.23e-19 1.23779
65114 66.13 74.51 2.06e-19 1.19473
65117 72.61 72.15 1.97e-19 1.18284
64862 -0.65 67.20 2.23e-19 1.23773
64835 64.18 53.14 1.47e-19 1.22206
65456 -165.00 82.00 1.67e-19 1.19048
64469 -9.17 59.48 1.93e-19 1.18069
64475 2.41 61.35 2.06e-19 1.19476
64472 -3.56 60.56 2.01e-19 1.18680
65513 -177.19 75.64 1.41e-19 1.23554
65510 -165.00 76.00 1.41e-19 1.23392
65516 171.78 74.62 1.38e-19 1.24090
64451 -34.20 48.66 1.29e-19 1.26370
64454 -30.98 50.85 1.42e-19 1.23339
63905 -159.50 78.00 1.50e-19 1.21583
64289 24.88 52.47 1.75e-19 1.18289
64295 34.25 50.90 1.65e-19 1.19266
64292 29.66 51.81 1.71e-19 1.18639
64883 50.33 63.41 1.97e-19 1.18283
64880 44.43 64.97 2.06e-19 1.19480
65498 156.21 75.54 1.47e-19 1.22194
63584 -159.50 72.00 1.24e-19 1.27786
64886 55.56 61.63 1.86e-19 1.17892
64406 -2.00 57.66 1.92e-19 1.17984
65378 113.40 65.72 1.38e-19 1.24101
64403 -7.23 56.66 1.85e-19 1.17892
64400 -12.12 55.41 1.77e-19 1.18171
64223 -3.10 47.99 1.53e-19 1.20980
64220 -7.26 46.89 1.46e-19 1.22295
64118 -154.30 82.50 1.69e-19 1.18790
64121 -154.30 81.50 1.65e-19 1.19242
64226 1.25 48.86 1.59e-19 1.20061
64124 -154.30 80.50 1.61e-19 1.19783
63161 -58.62 69.66 1.75e-19 1.18248
