57272 1.83 33.35 6.23e-22
57296 11.17 35.66 7.02e-22
57320 21.00 36.85 7.47e-22
57344 31.00 36.85 7.12e-22
57368 40.83 35.66 7.13e-22
57392 50.17 33.35 6.67e-22
58406 -0.17 39.15 6.71e-22
58430 9.86 41.58 7.14e-22
58454 20.54 42.84 7.66e-22
58478 31.46 42.84 7.57e-22
58502 42.14 41.58 7.32e-22
58526 52.17 39.15 6.91e-22
59495 -2.83 44.83 7.16e-22
59519 8.09 47.45 7.37e-22
59543 19.92 48.83 7.66e-22
59567 32.08 48.83 7.81e-22
59591 43.91 47.45 7.66e-22
59615 54.83 44.83 6.95e-22
60557 -6.40 50.33 7.06e-22
60581 5.67 53.25 7.34e-22
60605 19.05 54.80 7.72e-22
60629 32.95 54.80 7.80e-22
60653 46.33 53.25 7.53e-22
60677 58.40 50.33 7.26e-22
61619 -11.24 55.58 6.82e-22
61643 2.24 58.94 7.56e-22
61667 17.79 60.76 7.64e-22
61691 34.21 60.76 7.68e-22
61715 49.76 58.94 7.60e-22
61739 63.24 55.58 6.90e-22
62708 -17.91 60.45 6.38e-22
62732 -2.82 64.45 7.29e-22
62756 15.84 66.70 7.56e-22
62780 36.16 66.70 7.65e-22
62804 54.82 64.45 7.44e-22
62828 69.91 60.45 6.77e-22
63842 -27.20 64.71 5.74e-22
63866 -10.68 69.63 6.84e-22
63890 12.52 72.59 6.93e-22
63914 39.48 72.59 7.02e-22
63938 62.68 69.63 6.92e-22
63962 79.20 64.71 6.04e-22
