57272 1.83 33.35 1.95e-21 0.31932 0.00052
57296 11.17 35.66 1.95e-21 0.36008 0.00050
57320 21.00 36.85 1.95e-21 0.38327 0.00113
57344 31.00 36.85 1.95e-21 0.36536 0.00030
57368 40.83 35.66 1.95e-21 0.36541 0.00127
57392 50.17 33.35 1.95e-21 0.34220 0.00103
58406 -0.17 39.15 1.95e-21 0.34435 0.00202
58430 9.86 41.58 1.95e-21 0.36613 0.00126
58454 20.54 42.84 1.95e-21 0.39303 0.00111
58478 31.46 42.84 1.95e-21 0.38806 0.00003
58502 42.14 41.58 1.95e-21 0.37545 0.00040
58526 52.17 39.15 1.95e-21 0.35439 0.00055
59495 -2.83 44.83 1.95e-21 0.36710 0.00052
59519 8.09 47.45 1.95e-21 0.37799 0.00026
59543 19.92 48.83 1.95e-21 0.39281 0.00178
59567 32.08 48.83 1.95e-21 0.40050 0.00060
59591 43.91 47.45 1.95e-21 0.39302 0.00100
59615 54.83 44.83 1.95e-21 0.35658 0.00115
60557 -6.40 50.33 1.95e-21 0.36202 0.00154
60581 5.67 53.25 1.95e-21 0.37634 0.00077
60605 19.05 54.80 1.95e-21 0.39596 0.00032
60629 32.95 54.80 1.95e-21 0.40000 0.00000
60653 46.33 53.25 1.95e-21 0.38611 0.00034
60677 58.40 50.33 1.95e-21 0.37232 0.00026
61619 -11.24 55.58 1.95e-21 0.34987 0.00090
61643 2.24 58.94 1.95e-21 0.38760 0.00136
61667 17.79 60.76 1.95e-21 0.39199 0.00221
61691 34.21 60.76 1.95e-21 0.39363 0.00017
61715 49.76 58.94 1.95e-21 0.38991 0.00006
61739 63.24 55.58 1.95e-21 0.35389 0.00040
62708 -17.91 60.45 1.95e-21 0.32700 0.00018
62732 -2.82 64.45 1.95e-21 0.37372 0.00094
62756 15.84 66.70 1.95e-21 0.38788 0.00031
62780 36.16 66.70 1.95e-21 0.39222 0.00042
62804 54.82 64.45 1.95e-21 0.38136 0.00045
62828 69.91 60.45 1.95e-21 0.34716 0.00032
63842 -27.20 64.71 1.95e-21 0.29451 0.00047
63866 -10.68 69.63 1.95e-21 0.35101 0.00069
63890 12.52 72.59 1.95e-21 0.35537 0.00041
63914 39.48 72.59 1.95e-21 0.36007 0.00023
63938 62.68 69.63 1.95e-21 0.35501 0.00010
63962 79.20 64.71 1.95e-21 0.30997 0.00091
