65006 73.24 61.42 1.56e-19 1.11585
65000 64.69 66.09 1.93e-19 1.19573
65003 69.32 63.82 1.76e-19 1.16373
63197 -35.09 66.19 1.92e-19 1.19543
64142 -154.30 75.50 1.10e-19 0.97088
63191 -39.22 67.15 1.90e-19 1.19182
65213 -57.99 77.44 1.97e-19 1.20215
65210 -61.92 74.59 1.85e-19 1.18299
65294 86.94 86.84 2.04e-19 1.21015
65291 15.00 89.00 2.05e-19 1.21089
65288 -56.94 86.84 2.04e-19 1.21015
65075 -57.47 61.57 1.29e-19 1.03632
62987 15.00 -74.00 9.03e-21 0.00903
65072 81.77 60.39 1.33e-19 1.04948
65486 -149.69 78.56 1.33e-19 1.04939
65069 78.69 63.02 1.55e-19 1.11216
65420 135.13 79.58 1.63e-19 1.13323
62981 15.00 -90.00 6.19e-20 0.06188
65483 -136.50 77.35 1.29e-19 1.03647
65156 -25.98 80.83 2.13e-19 1.20271
65426 125.59 73.95 1.40e-19 1.07107
65480 -126.21 75.54 1.22e-19 1.01369
63281 -2.95 47.55 1.30e-19 1.04029
63287 -1.51 45.84 1.19e-19 1.00357
65150 -45.89 76.23 2.05e-19 1.21069
65390 -91.61 68.04 1.09e-19 0.96852
63227 -18.77 60.10 1.89e-19 1.19037
65393 -93.21 71.02 1.25e-19 1.02510
65396 -95.59 73.95 1.40e-19 1.07107
63221 -21.51 61.46 1.92e-19 1.19467
63443 45.48 49.24 1.27e-19 1.03139
64046 20.50 70.00 2.04e-19 1.12464
64082 20.50 48.00 1.41e-19 1.07372
64043 20.50 72.00 1.97e-19 1.09082
64040 20.50 74.00 1.92e-19 1.06868
64781 -30.59 55.29 1.43e-19 1.07947
64778 -34.18 53.14 1.22e-19 1.01390
64784 -26.57 57.31 1.63e-19 1.13319
64079 20.50 50.00 1.55e-19 1.11378
64787 -22.08 59.16 1.80e-19 1.17294
64919 -2.88 70.09 2.10e-19 1.16185
64925 15.00 71.00 1.99e-19 1.09956
64922 5.86 70.77 2.03e-19 1.12289
64439 54.68 50.43 1.21e-19 1.01064
64445 61.37 46.31 8.23e-20 0.86095
64442 58.18 48.44 1.01e-19 0.94017
63119 -95.35 67.98 1.03e-19 0.94785
63125 -90.61 68.69 1.14e-19 0.98830
63377 68.74 63.99 1.78e-19 1.16758
64544 53.49 54.84 1.53e-19 1.10684
64187 23.29 43.52 1.07e-19 0.96161
64325 -18.58 49.61 1.25e-19 1.02483
63776 -159.50 74.00 9.82e-20 0.92727
64181 15.00 44.00 1.12e-19 0.98049
64178 10.84 43.88 1.11e-19 0.97581
64184 19.16 43.88 1.11e-19 0.97581
64013 -159.50 88.00 1.93e-19 1.19589
64250 37.26 46.89 1.21e-19 1.01045
64253 41.20 45.58 1.07e-19 0.96120
64073 20.50 54.00 1.81e-19 1.17481
64070 20.50 56.00 1.92e-19 1.19477
65246 94.74 71.70 1.71e-19 1.15154
65492 179.69 78.56 1.33e-19 1.04939
65243 91.92 74.59 1.85e-19 1.18299
65495 166.50 77.35 1.29e-19 1.03647
64076 20.50 52.00 1.69e-19 1.14766
65240 87.99 77.44 1.97e-19 1.20215
64208 23.74 46.51 1.29e-19 1.03653
64457 -27.42 52.92 1.33e-19 1.04995
65177 81.53 73.61 1.95e-19 1.19882
64166 11.03 40.88 8.97e-20 0.89281
64163 15.00 38.00 7.12e-20 0.80887
65171 67.87 78.68 2.11e-19 1.21073
64094 20.50 40.00 8.34e-20 0.86579
65174 75.89 76.23 2.05e-19 1.21069
64160 15.00 35.00 5.38e-20 0.71655
65387 -90.51 65.03 9.21e-20 0.90264
63257 -9.72 54.13 1.68e-19 1.14600
65297 96.36 83.93 2.01e-19 1.20691
63251 -11.73 55.69 1.75e-19 1.16208
65381 113.36 62.69 8.88e-20 0.88903
65384 113.42 59.64 7.12e-20 0.80903
65357 139.00 86.38 1.91e-19 1.19364
65348 -94.24 83.64 1.87e-19 1.18652
65351 -109.00 86.38 1.91e-19 1.19364
64091 20.50 42.00 9.72e-20 0.92336
65354 -165.00 88.00 1.93e-19 1.19582
63179 -48.39 68.69 1.83e-19 1.17769
63185 -43.65 67.98 1.87e-19 1.18593
63323 105.02 69.92 1.46e-19 1.08729
65342 -86.22 77.76 1.71e-19 1.15140
65345 -88.82 80.73 1.80e-19 1.17312
65339 -84.82 74.77 1.58e-19 1.12000
65045 15.00 77.00 1.99e-19 1.09956
65042 1.88 76.67 2.03e-19 1.12294
65039 -10.07 75.72 2.10e-19 1.16182
63407 54.89 57.20 1.65e-19 1.13846
65423 129.24 76.82 1.53e-19 1.10699
64823 52.08 59.16 1.80e-19 1.17294
65489 -165.00 79.00 1.34e-19 1.05406
64820 47.07 60.82 1.95e-19 1.19868
64967 -29.19 68.20 2.05e-19 1.21084
64964 -34.69 66.09 1.93e-19 1.19573
63401 57.23 58.68 1.70e-19 1.14980
63095 40.40 47.00 1.18e-19 1.00085
64961 -39.32 63.82 1.76e-19 1.16373
64958 -43.24 61.42 1.56e-19 1.11585
64826 56.57 57.31 1.63e-19 1.13319
65063 70.62 68.01 1.91e-19 1.19363
65126 84.80 64.32 1.50e-19 1.10018
65060 65.21 70.32 2.04e-19 1.21019
65123 81.58 67.01 1.70e-19 1.15063
65066 75.03 65.56 1.75e-19 1.16048
65120 77.61 69.63 1.87e-19 1.18654
64592 57.42 52.92 1.33e-19 1.04995
64499 49.14 56.59 1.70e-19 1.15135
65519 -154.87 72.69 8.97e-20 0.89254
65522 -165.00 73.00 9.09e-20 0.89781
65525 -175.13 72.69 8.97e-20 0.89254
63293 -0.15 44.10 1.07e-19 0.96250
64055 20.50 64.00 2.14e-19 1.19831
64052 20.50 66.00 2.13e-19 1.18027
64466 -14.37 58.15 1.85e-19 1.18303
64049 20.50 68.00 2.09e-19 1.15538
64463 -19.14 56.59 1.70e-19 1.15135
64460 -23.49 54.84 1.53e-19 1.10684
64889 60.17 59.65 1.70e-19 1.15072
64895 67.82 55.26 1.29e-19 1.03615
64892 64.24 57.52 1.50e-19 1.10003
65225 -22.03 85.01 2.12e-19 1.20970
64376 58.87 43.83 7.12e-20 0.80905
64004 -159.50 82.00 1.56e-19 1.11636
64370 52.30 47.83 1.07e-19 0.96106
64007 -159.50 84.00 1.70e-19 1.14978
64373 55.72 45.90 8.88e-20 0.88873
64229 5.74 49.49 1.50e-19 1.10014
64235 15.00 50.00 1.56e-19 1.11590
64232 10.34 49.87 1.55e-19 1.11191
64109 -154.30 85.50 1.79e-19 1.17100
64115 -154.30 83.50 1.67e-19 1.14299
64112 -154.30 84.50 1.73e-19 1.15785
63809 -159.50 76.00 1.13e-19 0.98141
64283 15.00 53.00 1.76e-19 1.16375
64280 10.03 52.87 1.75e-19 1.16075
64286 19.97 52.87 1.75e-19 1.16075
65312 105.25 69.00 1.40e-19 1.07102
65315 106.03 66.00 1.21e-19 1.01078
65309 104.36 72.00 1.58e-19 1.12009
65306 103.29 74.99 1.73e-19 1.15718
65198 -70.10 62.89 1.13e-19 0.98143
65201 -68.64 65.84 1.33e-19 1.04984
65204 -66.90 68.78 1.53e-19 1.10703
65207 -64.74 71.70 1.71e-19 1.15154
65300 99.91 80.96 1.95e-19 1.19876
65303 101.91 77.98 1.85e-19 1.18300
65078 -54.80 64.32 1.50e-19 1.10018
65081 -51.58 67.01 1.70e-19 1.15063
65411 -165.00 85.00 1.76e-19 1.16375
65084 -47.61 69.63 1.87e-19 1.18654
65087 -42.61 72.15 2.01e-19 1.20689
64859 -7.85 66.25 2.13e-19 1.20273
64865 7.04 67.80 2.10e-19 1.16180
65417 145.34 82.12 1.70e-19 1.15078
63329 99.62 69.66 1.53e-19 1.10736
63335 94.39 69.25 1.59e-19 1.12447
63449 43.95 47.55 1.17e-19 0.99849
63455 42.51 45.84 1.07e-19 0.96221
64994 52.64 70.09 2.12e-19 1.20835
64988 35.87 72.94 2.09e-19 1.15163
64991 44.88 71.70 2.13e-19 1.18837
63215 -24.50 62.76 1.94e-19 1.19712
65153 -37.87 78.68 2.11e-19 1.21073
64997 59.19 68.20 2.05e-19 1.21084
63209 -27.74 63.99 1.94e-19 1.19812
64934 40.90 69.01 2.14e-19 1.19285
64016 14.04 90.00 2.01e-19 1.20780
64931 32.88 70.09 2.10e-19 1.16185
63431 48.85 52.53 1.45e-19 1.08546
64928 24.14 70.77 2.03e-19 1.12289
64010 -159.50 86.00 1.82e-19 1.17644
63473 -159.50 70.00 7.14e-20 0.81015
64937 48.05 67.59 2.12e-19 1.20967
63437 47.11 50.90 1.37e-19 1.06033
65132 -65.42 59.53 1.01e-19 0.93743
65135 -63.62 62.41 1.22e-19 1.01352
65129 87.47 61.57 1.29e-19 1.03632
64772 64.20 48.66 9.24e-20 0.90385
64775 -37.39 50.87 1.01e-19 0.93784
64415 15.00 59.00 2.05e-19 1.21089
64412 9.19 58.85 2.04e-19 1.21016
64409 3.49 58.40 2.01e-19 1.20694
63137 -80.38 69.66 1.36e-19 1.05773
63131 -85.61 69.25 1.25e-19 1.02474
64316 -22.30 47.83 1.07e-19 0.96106
64313 -25.72 45.90 8.88e-20 0.88873
64310 -28.87 43.83 7.12e-20 0.80905
63155 -64.02 69.92 1.63e-19 1.13446
63149 -69.50 70.00 1.55e-19 1.11273
64259 -20.22 45.15 9.21e-20 0.90267
64265 -12.75 48.42 1.25e-19 1.02480
64262 -16.62 46.88 1.09e-19 0.96875
65327 -83.36 62.69 8.88e-20 0.88903
57281 15.00 -74.00 9.03e-21 0.00903
64100 -154.30 88.50 1.95e-19 1.19970
64103 -154.30 87.50 1.90e-19 1.19197
65237 82.04 80.22 2.05e-19 1.21071
65234 71.87 82.83 2.09e-19 1.21181
64106 -154.30 86.50 1.85e-19 1.18239
65231 52.03 85.01 2.12e-19 1.20970
65228 15.00 86.00 2.12e-19 1.20837
65267 -76.03 66.00 1.21e-19 1.01078
64088 20.50 44.00 1.12e-19 0.97775
64193 2.01 45.89 1.22e-19 1.01348
64190 -2.11 45.05 1.13e-19 0.98175
64157 -154.30 77.50 1.24e-19 1.02164
64154 -154.30 71.50 8.18e-20 0.85851
64151 -154.30 72.50 8.85e-20 0.88770
64148 -154.30 73.50 9.54e-20 0.91623
64196 6.26 46.51 1.29e-19 1.03653
64982 15.00 74.00 1.84e-19 1.03406
64985 25.77 73.73 1.99e-19 1.09958
65369 114.82 74.77 1.58e-19 1.12000
64979 4.23 73.73 1.99e-19 1.09958
65375 113.60 68.75 1.25e-19 1.02495
65372 114.03 71.77 1.42e-19 1.07813
65366 116.22 77.76 1.71e-19 1.15140
65360 124.24 83.64 1.87e-19 1.18652
65363 118.82 80.73 1.80e-19 1.17312
65459 174.45 81.43 1.55e-19 1.11215
65462 158.42 79.90 1.50e-19 1.10009
65465 147.41 77.77 1.43e-19 1.07970
63173 -53.39 69.25 1.77e-19 1.16650
65036 -20.23 74.26 2.14e-19 1.19285
65270 -75.25 69.00 1.40e-19 1.07102
65273 -74.36 72.00 1.58e-19 1.12009
64952 71.94 57.20 1.33e-19 1.04957
65276 -73.29 74.99 1.73e-19 1.15718
65030 -35.21 70.32 2.04e-19 1.21019
65033 -28.52 72.43 2.12e-19 1.20969
64808 22.07 64.82 2.14e-19 1.19285
64811 28.94 64.29 2.13e-19 1.20273
65501 148.54 73.33 1.13e-19 0.98154
63353 80.22 67.15 1.73e-19 1.15750
64817 41.53 62.26 2.05e-19 1.21077
63005 15.00 -90.00 6.19e-20 0.06188
63389 62.51 61.46 1.76e-19 1.16334
62999 15.00 -74.00 9.03e-21 0.00903
63395 59.77 60.10 1.73e-19 1.15783
65507 -152.81 75.64 1.11e-19 0.97548
65054 50.23 74.26 2.14e-19 1.19285
65096 -16.27 78.38 2.13e-19 1.18339
65051 40.07 75.72 2.10e-19 1.16182
65048 28.12 76.67 2.03e-19 1.12294
65090 -36.13 74.51 2.09e-19 1.21179
65093 -27.58 76.63 2.13e-19 1.20271
65057 58.52 72.43 2.12e-19 1.20969
64496 44.37 58.15 1.85e-19 1.18303
64490 33.56 60.56 2.05e-19 1.21076
64493 39.17 59.48 1.97e-19 1.20213
63017 15.00 -90.00 6.19e-20 0.06188
63305 121.38 69.66 1.19e-19 1.00507
63011 15.00 -74.00 9.03e-21 0.00903
63299 126.61 69.25 1.10e-19 0.97117
64058 20.50 62.00 2.12e-19 1.20896
64061 20.50 60.00 2.08e-19 1.21197
64067 20.50 58.00 2.01e-19 1.20722
64802 7.93 64.82 2.14e-19 1.19285
64805 15.00 65.00 2.13e-19 1.18837
64799 1.06 64.29 2.13e-19 1.20273
64907 -29.72 63.95 1.91e-19 1.19368
64904 -34.39 61.83 1.75e-19 1.16050
64898 -41.94 57.20 1.33e-19 1.04957
64901 -38.43 59.57 1.55e-19 1.11185
64829 60.59 55.29 1.43e-19 1.07947
64379 -31.37 46.31 8.23e-20 0.86095
64367 48.58 49.61 1.25e-19 1.02483
64364 44.55 51.21 1.42e-19 1.07805
64361 40.23 52.61 1.58e-19 1.12000
64358 35.61 53.80 1.71e-19 1.15162
63371 72.27 65.14 1.77e-19 1.16644
63101 -146.50 74.10 1.02e-19 0.94083
63107 41.70 76.00 2.11e-19 1.16728
63968 -159.50 80.00 1.42e-19 1.07671
64343 9.65 55.86 1.91e-19 1.19371
63365 76.09 66.19 1.76e-19 1.16293
64247 33.10 47.99 1.33e-19 1.05006
64340 4.38 55.44 1.87e-19 1.18669
64244 28.75 48.86 1.43e-19 1.07977
64238 19.66 49.87 1.55e-19 1.11191
64346 15.00 56.00 1.93e-19 1.19582
64241 24.26 49.49 1.50e-19 1.10014
64268 -8.62 49.77 1.40e-19 1.07107
64271 -4.25 50.90 1.53e-19 1.10674
64274 0.34 51.81 1.63e-19 1.13325
64277 5.12 52.47 1.70e-19 1.15086
65264 -76.74 62.99 1.01e-19 0.94015
65261 -77.40 59.97 8.23e-20 0.86094
65258 101.35 59.93 9.24e-20 0.90383
65324 -83.42 59.64 7.12e-20 0.80903
65321 107.40 59.97 8.23e-20 0.86094
65318 106.74 62.99 1.01e-19 0.94015
64145 -154.30 74.50 1.02e-19 0.94399
65189 93.62 62.41 1.22e-19 1.01352
65195 -71.35 59.93 9.24e-20 0.90383
64139 -154.30 76.50 1.17e-19 0.99680
65441 -105.01 72.61 1.21e-19 1.01065
65438 -101.49 69.80 1.07e-19 0.96137
65444 -110.04 75.29 1.33e-19 1.04992
65447 -117.41 77.77 1.43e-19 1.07970
63341 89.39 68.69 1.65e-19 1.13842
63347 84.65 67.98 1.70e-19 1.14925
65018 -45.03 65.56 1.75e-19 1.16048
65027 -40.62 68.01 1.91e-19 1.19363
65159 -8.31 82.40 2.14e-19 1.19285
63239 -16.23 58.68 1.86e-19 1.18387
63245 -13.89 57.20 1.81e-19 1.17431
65165 38.31 82.40 2.14e-19 1.19285
63419 50.72 54.13 1.53e-19 1.10690
64943 59.72 63.95 1.91e-19 1.19368
64946 64.39 61.83 1.75e-19 1.16050
64847 -30.17 59.65 1.70e-19 1.15072
65141 -58.92 68.10 1.63e-19 1.13312
65138 -61.49 65.27 1.43e-19 1.07953
64838 67.39 50.87 1.01e-19 0.93784
64841 -37.82 55.26 1.29e-19 1.03615
64844 -34.24 57.52 1.50e-19 1.10003
64478 8.63 61.84 2.12e-19 1.20970
64481 15.00 62.00 2.12e-19 1.20837
64484 21.37 61.84 2.12e-19 1.20970
64487 27.59 61.35 2.09e-19 1.21181
64421 26.51 58.40 2.01e-19 1.20694
64424 32.00 57.66 1.95e-19 1.19877
64853 -20.33 63.41 2.01e-19 1.20688
64850 -25.56 61.63 1.87e-19 1.18671
64856 -14.43 64.97 2.09e-19 1.21184
63143 -74.98 69.92 1.46e-19 1.08748
64307 50.22 45.15 9.21e-20 0.90267
64298 38.62 49.77 1.40e-19 1.07107
64301 42.75 48.42 1.25e-19 1.02480
64304 46.62 46.88 1.09e-19 0.96875
64874 30.65 67.20 2.13e-19 1.18341
64868 15.00 68.00 2.09e-19 1.15164
64871 22.96 67.80 2.10e-19 1.16180
64877 37.85 66.25 2.13e-19 1.20273
64022 20.50 86.00 2.12e-19 1.20847
64025 20.50 84.00 2.14e-19 1.19728
64397 -16.66 53.94 1.58e-19 1.12025
64019 20.50 88.00 2.08e-19 1.21201
64394 -20.85 52.27 1.40e-19 1.07102
64388 -28.18 48.44 1.01e-19 0.94017
64391 -24.68 50.43 1.21e-19 1.01064
64214 32.11 45.05 1.13e-19 0.98175
64097 -154.30 89.50 2.00e-19 1.20557
64211 27.99 45.89 1.22e-19 1.01348
65219 -52.04 80.22 2.05e-19 1.21071
64217 -11.20 45.58 1.07e-19 0.96120
65222 -41.87 82.83 2.09e-19 1.21181
64427 37.23 56.66 1.85e-19 1.18308
64199 10.61 46.88 1.33e-19 1.04988
64202 15.00 47.00 1.34e-19 1.05406
64205 19.39 46.88 1.33e-19 1.04988
64976 -5.87 72.94 2.09e-19 1.15163
64973 -14.88 71.70 2.13e-19 1.18837
64970 -22.64 70.09 2.12e-19 1.20835
65450 -128.42 79.90 1.50e-19 1.10009
65453 -144.45 81.43 1.55e-19 1.11215
65162 15.00 83.00 2.13e-19 1.18837
63203 -31.27 65.14 1.94e-19 1.19759
65279 -71.91 77.98 1.85e-19 1.18300
65285 -66.36 83.93 2.01e-19 1.20691
65282 -69.91 80.96 1.95e-19 1.19876
65471 135.01 72.61 1.21e-19 1.01065
65468 140.04 75.29 1.33e-19 1.04992
65474 131.49 69.80 1.07e-19 0.96137
65477 -118.54 73.33 1.13e-19 0.98154
62993 15.00 -90.00 6.19e-20 0.06188
64940 54.30 65.88 2.04e-19 1.21011
65099 -1.81 79.57 2.10e-19 1.16181
65105 31.81 79.57 2.10e-19 1.16181
65102 15.00 80.00 2.09e-19 1.15164
64688 60.98 50.85 1.13e-19 0.98147
65405 -115.34 82.12 1.70e-19 1.15078
65402 -105.13 79.58 1.63e-19 1.13323
65399 -99.24 76.82 1.53e-19 1.10699
63269 -6.11 50.90 1.51e-19 1.10163
63275 -4.48 49.24 1.41e-19 1.07317
64037 20.50 76.00 1.96e-19 1.08854
64034 20.50 78.00 2.03e-19 1.12232
64028 20.50 82.00 2.13e-19 1.17875
64031 20.50 80.00 2.09e-19 1.15341
64916 -10.90 69.01 2.14e-19 1.19285
64793 -11.53 62.26 2.05e-19 1.21077
64790 -17.07 60.82 1.95e-19 1.19868
64910 -24.30 65.88 2.04e-19 1.21011
64913 -18.05 67.59 2.12e-19 1.20967
64796 -5.47 63.42 2.11e-19 1.21070
65144 -55.70 70.89 1.80e-19 1.17320
64430 42.12 55.41 1.73e-19 1.15735
64433 46.66 53.94 1.58e-19 1.12025
64349 20.35 55.86 1.91e-19 1.19371
64352 25.62 55.44 1.87e-19 1.18669
64355 30.72 54.74 1.80e-19 1.17299
63383 65.50 62.76 1.77e-19 1.16649
63113 -138.30 76.00 1.18e-19 1.00175
64436 50.85 52.27 1.40e-19 1.07102
64334 -5.61 53.80 1.71e-19 1.15162
65504 -141.78 74.62 1.07e-19 0.96114
64331 -10.23 52.61 1.58e-19 1.12000
64328 -14.55 51.21 1.42e-19 1.07805
64169 15.00 41.00 9.09e-20 0.89781
64172 18.97 40.88 8.97e-20 0.89281
64175 6.71 43.52 1.07e-19 0.96161
64337 -0.72 54.74 1.80e-19 1.17299
64814 35.47 63.42 2.11e-19 1.21070
65147 -51.53 73.61 1.95e-19 1.19882
65249 96.90 68.78 1.53e-19 1.10703
64085 20.50 46.00 1.26e-19 1.02813
65336 -84.03 71.77 1.42e-19 1.07813
65252 98.64 65.84 1.33e-19 1.04984
65255 100.10 62.89 1.13e-19 0.98143
65330 -83.40 65.72 1.07e-19 0.96132
65333 -83.60 68.75 1.25e-19 1.02495
64418 20.81 58.85 2.04e-19 1.21016
64133 -154.30 79.50 1.39e-19 1.06771
65186 91.49 65.27 1.43e-19 1.07953
64136 -154.30 78.50 1.32e-19 1.04531
65183 88.92 68.10 1.63e-19 1.13312
65180 85.70 70.89 1.80e-19 1.17320
65192 95.42 59.53 1.01e-19 0.93743
65414 164.13 84.15 1.75e-19 1.16077
65432 121.61 68.04 1.09e-19 0.96852
65435 120.51 65.03 9.21e-20 0.90264
63263 -7.85 52.53 1.60e-19 1.12584
65429 123.21 71.02 1.25e-19 1.02510
65408 -134.13 84.15 1.75e-19 1.16077
63317 110.50 70.00 1.38e-19 1.06332
63311 115.98 69.92 1.29e-19 1.03627
65009 76.59 58.92 1.34e-19 1.05379
65015 -48.69 63.02 1.55e-19 1.11216
65012 -51.77 60.39 1.33e-19 1.04948
65528 -165.00 70.00 7.12e-20 0.80887
65531 -165.00 67.00 5.38e-20 0.71655
63413 52.73 55.69 1.59e-19 1.12454
64955 -46.59 58.92 1.34e-19 1.05379
64949 68.43 59.57 1.55e-19 1.11185
65111 57.58 76.63 2.13e-19 1.20271
65168 55.98 80.83 2.13e-19 1.20271
65108 46.27 78.38 2.13e-19 1.18339
65114 66.13 74.51 2.09e-19 1.21179
65117 72.61 72.15 2.01e-19 1.20689
64862 -0.65 67.20 2.13e-19 1.18341
64835 64.18 53.14 1.22e-19 1.01390
65456 -165.00 82.00 1.56e-19 1.11590
64469 -9.17 59.48 1.97e-19 1.20213
64475 2.41 61.35 2.09e-19 1.21181
64472 -3.56 60.56 2.05e-19 1.21076
65513 -177.19 75.64 1.11e-19 0.97548
65510 -165.00 76.00 1.12e-19 0.98049
65516 171.78 74.62 1.07e-19 0.96114
64451 -34.20 48.66 9.24e-20 0.90385
64454 -30.98 50.85 1.13e-19 0.98147
63905 -159.50 78.00 1.27e-19 1.03149
64289 24.88 52.47 1.70e-19 1.15086
64295 34.25 50.90 1.53e-19 1.10674
64292 29.66 51.81 1.63e-19 1.13325
64883 50.33 63.41 2.01e-19 1.20688
64880 44.43 64.97 2.09e-19 1.21184
65498 156.21 75.54 1.22e-19 1.01369
63584 -159.50 72.00 8.44e-20 0.86990
64886 55.56 61.63 1.87e-19 1.18671
64406 -2.00 57.66 1.95e-19 1.19877
65378 113.40 65.72 1.07e-19 0.96132
64403 -7.23 56.66 1.85e-19 1.18308
64400 -12.12 55.41 1.73e-19 1.15735
64223 -3.10 47.99 1.33e-19 1.05006
64220 -7.26 46.89 1.21e-19 1.01045
64118 -154.30 82.50 1.60e-19 1.12648
64121 -154.30 81.50 1.53e-19 1.10838
64226 1.25 48.86 1.43e-19 1.07977
64124 -154.30 80.50 1.46e-19 1.08877
63161 -58.62 69.66 1.71e-19 1.15210
