65006 73.24 61.42 1.11e-19 0.79427
65000 64.69 66.09 1.28e-19 0.79578
65003 69.32 63.82 1.20e-19 0.79500
63197 -35.09 66.19 1.28e-19 0.79576
64142 -154.30 75.50 8.96e-20 0.79312
63191 -39.22 67.15 1.27e-19 0.79572
65213 -57.99 77.44 1.30e-19 0.79609
65210 -61.92 74.59 1.25e-19 0.79542
65294 86.94 86.84 1.34e-19 0.79667
65291 15.00 89.00 1.35e-19 0.79677
65288 -56.94 86.84 1.34e-19 0.79667
65075 -57.47 61.57 9.86e-20 0.79356
62987 15.00 -74.00 -3.37e-20 -0.03365
65072 81.77 60.39 1.01e-19 0.79357
65486 -149.69 78.56 1.01e-19 0.79353
65069 78.69 63.02 1.10e-19 0.79432
65420 135.13 79.58 1.14e-19 0.79453
62981 15.00 -90.00 -7.03e-20 -0.07028
65483 -136.50 77.35 9.87e-20 0.79363
65156 -25.98 80.83 1.42e-19 0.79826
65426 125.59 73.95 1.04e-19 0.79385
65480 -126.21 75.54 9.54e-20 0.79337
63281 -2.95 47.55 9.92e-20 0.79350
63287 -1.51 45.84 9.40e-20 0.79339
65150 -45.89 76.23 1.35e-19 0.79672
65390 -91.61 68.04 8.93e-20 0.79308
63227 -18.77 60.10 1.27e-19 0.79565
65393 -93.21 71.02 9.70e-20 0.79357
65396 -95.59 73.95 1.04e-19 0.79385
63221 -21.51 61.46 1.28e-19 0.79576
63443 45.48 49.24 9.79e-20 0.79346
64046 20.50 70.00 1.45e-19 0.80114
64082 20.50 48.00 1.04e-19 0.79385
64043 20.50 72.00 1.45e-19 0.80205
64040 20.50 74.00 1.44e-19 0.80260
64781 -30.59 55.29 1.05e-19 0.79385
64778 -34.18 53.14 9.54e-20 0.79347
64784 -26.57 57.31 1.14e-19 0.79451
64079 20.50 50.00 1.11e-19 0.79427
64787 -22.08 59.16 1.22e-19 0.79511
64919 -2.88 70.09 1.45e-19 0.80001
64925 15.00 71.00 1.45e-19 0.80182
64922 5.86 70.77 1.45e-19 0.80119
64439 54.68 50.43 9.50e-20 0.79338
64445 61.37 46.31 7.58e-20 0.79262
64442 58.18 48.44 8.56e-20 0.79306
63119 -95.35 67.98 8.66e-20 0.79298
63125 -90.61 68.69 9.19e-20 0.79333
63377 68.74 63.99 1.21e-19 0.79507
64544 53.49 54.84 1.10e-19 0.79413
64187 23.29 43.52 8.84e-20 0.79315
64325 -18.58 49.61 9.70e-20 0.79344
63776 -159.50 74.00 8.39e-20 0.79289
64181 15.00 44.00 9.09e-20 0.79317
64178 10.84 43.88 9.02e-20 0.79318
64184 19.16 43.88 9.02e-20 0.79318
64013 -159.50 88.00 1.28e-19 0.79583
64250 37.26 46.89 9.50e-20 0.79329
64253 41.20 45.58 8.83e-20 0.79295
64073 20.50 54.00 1.23e-19 0.79523
64070 20.50 56.00 1.28e-19 0.79579
65246 94.74 71.70 1.18e-19 0.79482
65492 179.69 78.56 1.01e-19 0.79353
65243 91.92 74.59 1.25e-19 0.79542
65495 166.50 77.35 9.87e-20 0.79363
64076 20.50 52.00 1.17e-19 0.79473
65240 87.99 77.44 1.30e-19 0.79609
64208 23.74 46.51 9.87e-20 0.79366
64457 -27.42 52.92 1.01e-19 0.79366
65177 81.53 73.61 1.29e-19 0.79595
64166 11.03 40.88 7.97e-20 0.79270
64163 15.00 38.00 6.97e-20 0.79241
65171 67.87 78.68 1.39e-19 0.79754
64094 20.50 40.00 7.64e-20 0.79262
65174 75.89 76.23 1.35e-19 0.79672
64160 15.00 35.00 5.95e-20 0.79215
65387 -90.51 65.03 8.09e-20 0.79269
63257 -9.72 54.13 1.17e-19 0.79474
65297 96.36 83.93 1.32e-19 0.79637
63251 -11.73 55.69 1.20e-19 0.79503
65381 113.36 62.69 7.92e-20 0.79281
65384 113.42 59.64 6.97e-20 0.79251
65357 139.00 86.38 1.28e-19 0.79574
65348 -94.24 83.64 1.26e-19 0.79550
65351 -109.00 86.38 1.28e-19 0.79574
64091 20.50 42.00 8.35e-20 0.79287
65354 -165.00 88.00 1.28e-19 0.79583
63179 -48.39 68.69 1.23e-19 0.79533
63185 -43.65 67.98 1.25e-19 0.79552
63323 105.02 69.92 1.06e-19 0.79406
65342 -86.22 77.76 1.18e-19 0.79475
65345 -88.82 80.73 1.22e-19 0.79519
65339 -84.82 74.77 1.12e-19 0.79431
65045 15.00 77.00 1.45e-19 0.80182
65042 1.88 76.67 1.45e-19 0.80119
65039 -10.07 75.72 1.45e-19 0.80002
63407 54.89 57.20 1.15e-19 0.79453
65423 129.24 76.82 1.10e-19 0.79420
64823 52.08 59.16 1.22e-19 0.79511
65489 -165.00 79.00 1.01e-19 0.79368
64820 47.07 60.82 1.29e-19 0.79588
64967 -29.19 68.20 1.35e-19 0.79674
64964 -34.69 66.09 1.28e-19 0.79578
63401 57.23 58.68 1.17e-19 0.79483
63095 40.40 47.00 9.36e-20 0.79330
64961 -39.32 63.82 1.20e-19 0.79500
64958 -43.24 61.42 1.11e-19 0.79427
64826 56.57 57.31 1.14e-19 0.79451
65063 70.62 68.01 1.28e-19 0.79573
65126 84.80 64.32 1.08e-19 0.79416
65060 65.21 70.32 1.34e-19 0.79669
65123 81.58 67.01 1.18e-19 0.79475
65066 75.03 65.56 1.20e-19 0.79490
65120 77.61 69.63 1.26e-19 0.79551
64592 57.42 52.92 1.01e-19 0.79366
64499 49.14 56.59 1.18e-19 0.79473
65519 -154.87 72.69 7.97e-20 0.79256
65522 -165.00 73.00 8.03e-20 0.79275
65525 -175.13 72.69 7.97e-20 0.79256
63293 -0.15 44.10 8.85e-20 0.79315
64055 20.50 64.00 1.42e-19 0.79853
64052 20.50 66.00 1.44e-19 0.79935
64466 -14.37 58.15 1.25e-19 0.79543
64049 20.50 68.00 1.45e-19 0.80023
64463 -19.14 56.59 1.18e-19 0.79473
64460 -23.49 54.84 1.10e-19 0.79413
64889 60.17 59.65 1.18e-19 0.79479
64895 67.82 55.26 9.86e-20 0.79348
64892 64.24 57.52 1.08e-19 0.79410
65225 -22.03 85.01 1.40e-19 0.79771
64376 58.87 43.83 6.97e-20 0.79252
64004 -159.50 82.00 1.11e-19 0.79430
64370 52.30 47.83 8.83e-20 0.79288
64007 -159.50 84.00 1.17e-19 0.79476
64373 55.72 45.90 7.92e-20 0.79266
64229 5.74 49.49 1.08e-19 0.79415
64235 15.00 50.00 1.11e-19 0.79429
64232 10.34 49.87 1.10e-19 0.79421
64109 -154.30 85.50 1.22e-19 0.79515
64115 -154.30 83.50 1.16e-19 0.79465
64112 -154.30 84.50 1.19e-19 0.79490
63809 -159.50 76.00 9.10e-20 0.79318
64283 15.00 53.00 1.20e-19 0.79500
64280 10.03 52.87 1.20e-19 0.79503
64286 19.97 52.87 1.20e-19 0.79503
65312 105.25 69.00 1.04e-19 0.79382
65315 106.03 66.00 9.50e-20 0.79345
65309 104.36 72.00 1.12e-19 0.79436
65306 103.29 74.99 1.19e-19 0.79485
65198 -70.10 62.89 9.10e-20 0.79308
65201 -68.64 65.84 1.01e-19 0.79360
65204 -66.90 68.78 1.10e-19 0.79422
65207 -64.74 71.70 1.18e-19 0.79482
65300 99.91 80.96 1.29e-19 0.79592
65303 101.91 77.98 1.25e-19 0.79542
65078 -54.80 64.32 1.08e-19 0.79416
65081 -51.58 67.01 1.18e-19 0.79475
65411 -165.00 85.00 1.20e-19 0.79500
65084 -47.61 69.63 1.26e-19 0.79551
65087 -42.61 72.15 1.32e-19 0.79636
64859 -7.85 66.25 1.42e-19 0.79830
64865 7.04 67.80 1.45e-19 0.80002
65417 145.34 82.12 1.18e-19 0.79481
63329 99.62 69.66 1.10e-19 0.79415
63335 94.39 69.25 1.13e-19 0.79439
63449 43.95 47.55 9.33e-20 0.79320
63455 42.51 45.84 8.84e-20 0.79314
64994 52.64 70.09 1.40e-19 0.79780
64988 35.87 72.94 1.45e-19 0.80035
64991 44.88 71.70 1.43e-19 0.79902
63215 -24.50 62.76 1.29e-19 0.79583
65153 -37.87 78.68 1.39e-19 0.79754
64997 59.19 68.20 1.35e-19 0.79674
63209 -27.74 63.99 1.29e-19 0.79591
64934 40.90 69.01 1.43e-19 0.79880
64016 14.04 90.00 1.33e-19 0.79644
64931 32.88 70.09 1.45e-19 0.80001
63431 48.85 52.53 1.06e-19 0.79393
64928 24.14 70.77 1.45e-19 0.80119
64010 -159.50 86.00 1.23e-19 0.79527
63473 -159.50 70.00 6.99e-20 0.79242
64937 48.05 67.59 1.39e-19 0.79768
63437 47.11 50.90 1.02e-19 0.79368
65132 -65.42 59.53 8.52e-20 0.79290
65135 -63.62 62.41 9.54e-20 0.79329
65129 87.47 61.57 9.86e-20 0.79356
64772 64.20 48.66 8.10e-20 0.79273
64775 -37.39 50.87 8.53e-20 0.79310
64415 15.00 59.00 1.35e-19 0.79677
64412 9.19 58.85 1.34e-19 0.79668
64409 3.49 58.40 1.32e-19 0.79639
63137 -80.38 69.66 1.02e-19 0.79361
63131 -85.61 69.25 9.70e-20 0.79342
64316 -22.30 47.83 8.83e-20 0.79288
64313 -25.72 45.90 7.92e-20 0.79266
64310 -28.87 43.83 6.97e-20 0.79252
63155 -64.02 69.92 1.14e-19 0.79460
63149 -69.50 70.00 1.11e-19 0.79425
64259 -20.22 45.15 8.09e-20 0.79270
64265 -12.75 48.42 9.70e-20 0.79342
64262 -16.62 46.88 8.93e-20 0.79319
65327 -83.36 62.69 7.92e-20 0.79281
57281 15.00 -74.00 -3.37e-20 -0.03365
64100 -154.30 88.50 1.29e-19 0.79598
64103 -154.30 87.50 1.27e-19 0.79569
65237 82.04 80.22 1.35e-19 0.79674
65234 71.87 82.83 1.38e-19 0.79730
64106 -154.30 86.50 1.25e-19 0.79542
65231 52.03 85.01 1.40e-19 0.79771
65228 15.00 86.00 1.40e-19 0.79783
65267 -76.03 66.00 9.50e-20 0.79345
64088 20.50 44.00 9.05e-20 0.79316
64193 2.01 45.89 9.54e-20 0.79327
64190 -2.11 45.05 9.10e-20 0.79323
64157 -154.30 77.50 9.65e-20 0.79344
64154 -154.30 71.50 7.55e-20 0.79259
64151 -154.30 72.50 7.90e-20 0.79271
64148 -154.30 73.50 8.26e-20 0.79284
64196 6.26 46.51 9.87e-20 0.79366
64982 15.00 74.00 1.43e-19 0.80345
64985 25.77 73.73 1.45e-19 0.80182
65369 114.82 74.77 1.12e-19 0.79431
64979 4.23 73.73 1.45e-19 0.80182
65375 113.60 68.75 9.70e-20 0.79350
65372 114.03 71.77 1.05e-19 0.79398
65366 116.22 77.76 1.18e-19 0.79475
65360 124.24 83.64 1.26e-19 0.79550
65363 118.82 80.73 1.22e-19 0.79519
65459 174.45 81.43 1.10e-19 0.79432
65462 158.42 79.90 1.08e-19 0.79412
65465 147.41 77.77 1.05e-19 0.79395
63173 -53.39 69.25 1.21e-19 0.79506
65036 -20.23 74.26 1.43e-19 0.79880
65270 -75.25 69.00 1.04e-19 0.79382
65273 -74.36 72.00 1.12e-19 0.79436
64952 71.94 57.20 1.01e-19 0.79361
65276 -73.29 74.99 1.19e-19 0.79485
65030 -35.21 70.32 1.34e-19 0.79669
65033 -28.52 72.43 1.39e-19 0.79770
64808 22.07 64.82 1.43e-19 0.79881
64811 28.94 64.29 1.42e-19 0.79829
65501 148.54 73.33 9.10e-20 0.79313
63353 80.22 67.15 1.19e-19 0.79493
64817 41.53 62.26 1.35e-19 0.79677
63005 15.00 -90.00 -7.03e-20 -0.07028
63389 62.51 61.46 1.20e-19 0.79497
62999 15.00 -74.00 -3.37e-20 -0.03365
63395 59.77 60.10 1.19e-19 0.79490
65507 -152.81 75.64 9.02e-20 0.79302
65054 50.23 74.26 1.43e-19 0.79880
65096 -16.27 78.38 1.44e-19 0.79923
65051 40.07 75.72 1.45e-19 0.80002
65048 28.12 76.67 1.45e-19 0.80119
65090 -36.13 74.51 1.38e-19 0.79729
65093 -27.58 76.63 1.42e-19 0.79827
65057 58.52 72.43 1.39e-19 0.79770
64496 44.37 58.15 1.25e-19 0.79543
64490 33.56 60.56 1.35e-19 0.79677
64493 39.17 59.48 1.30e-19 0.79608
63017 15.00 -90.00 -7.03e-20 -0.07028
63305 121.38 69.66 9.42e-20 0.79320
63011 15.00 -74.00 -3.37e-20 -0.03365
63299 126.61 69.25 8.96e-20 0.79307
64058 20.50 62.00 1.40e-19 0.79777
64061 20.50 60.00 1.37e-19 0.79705
64067 20.50 58.00 1.33e-19 0.79639
64802 7.93 64.82 1.43e-19 0.79881
64805 15.00 65.00 1.43e-19 0.79902
64799 1.06 64.29 1.42e-19 0.79829
64907 -29.72 63.95 1.28e-19 0.79576
64904 -34.39 61.83 1.20e-19 0.79491
64898 -41.94 57.20 1.01e-19 0.79361
64901 -38.43 59.57 1.10e-19 0.79418
64829 60.59 55.29 1.05e-19 0.79385
64379 -31.37 46.31 7.58e-20 0.79262
64367 48.58 49.61 9.70e-20 0.79344
64364 44.55 51.21 1.05e-19 0.79395
64361 40.23 52.61 1.12e-19 0.79431
64358 35.61 53.80 1.18e-19 0.79485
63371 72.27 65.14 1.21e-19 0.79506
63101 -146.50 74.10 8.57e-20 0.79296
63107 41.70 76.00 1.45e-19 0.79983
63968 -159.50 80.00 1.05e-19 0.79388
64343 9.65 55.86 1.28e-19 0.79578
63365 76.09 66.19 1.20e-19 0.79493
64247 33.10 47.99 1.01e-19 0.79371
64340 4.38 55.44 1.26e-19 0.79558
64244 28.75 48.86 1.05e-19 0.79399
64238 19.66 49.87 1.10e-19 0.79421
64346 15.00 56.00 1.28e-19 0.79583
64241 24.26 49.49 1.08e-19 0.79415
64268 -8.62 49.77 1.04e-19 0.79384
64271 -4.25 50.90 1.10e-19 0.79408
64274 0.34 51.81 1.14e-19 0.79454
64277 5.12 52.47 1.18e-19 0.79485
65264 -76.74 62.99 8.56e-20 0.79304
65261 -77.40 59.97 7.58e-20 0.79261
65258 101.35 59.93 8.10e-20 0.79272
65324 -83.42 59.64 6.97e-20 0.79251
65321 107.40 59.97 7.58e-20 0.79261
65318 106.74 62.99 8.56e-20 0.79304
64145 -154.30 74.50 8.61e-20 0.79297
65189 93.62 62.41 9.54e-20 0.79329
65195 -71.35 59.93 8.10e-20 0.79272
64139 -154.30 76.50 9.31e-20 0.79327
65441 -105.01 72.61 9.50e-20 0.79339
65438 -101.49 69.80 8.83e-20 0.79303
65444 -110.04 75.29 1.01e-19 0.79364
65447 -117.41 77.77 1.05e-19 0.79395
63341 89.39 68.69 1.15e-19 0.79463
63347 84.65 67.98 1.17e-19 0.79476
65018 -45.03 65.56 1.20e-19 0.79490
65027 -40.62 68.01 1.28e-19 0.79573
65159 -8.31 82.40 1.43e-19 0.79880
63239 -16.23 58.68 1.25e-19 0.79551
63245 -13.89 57.20 1.23e-19 0.79516
65165 38.31 82.40 1.43e-19 0.79880
63419 50.72 54.13 1.10e-19 0.79424
64943 59.72 63.95 1.28e-19 0.79576
64946 64.39 61.83 1.20e-19 0.79491
64847 -30.17 59.65 1.18e-19 0.79479
65141 -58.92 68.10 1.14e-19 0.79448
65138 -61.49 65.27 1.05e-19 0.79388
64838 67.39 50.87 8.53e-20 0.79310
64841 -37.82 55.26 9.86e-20 0.79348
64844 -34.24 57.52 1.08e-19 0.79410
64478 8.63 61.84 1.40e-19 0.79772
64481 15.00 62.00 1.40e-19 0.79783
64484 21.37 61.84 1.40e-19 0.79772
64487 27.59 61.35 1.38e-19 0.79730
64421 26.51 58.40 1.32e-19 0.79639
64424 32.00 57.66 1.29e-19 0.79592
64853 -20.33 63.41 1.32e-19 0.79635
64850 -25.56 61.63 1.26e-19 0.79559
64856 -14.43 64.97 1.38e-19 0.79732
63143 -74.98 69.92 1.06e-19 0.79407
64307 50.22 45.15 8.09e-20 0.79270
64298 38.62 49.77 1.04e-19 0.79384
64301 42.75 48.42 9.70e-20 0.79342
64304 46.62 46.88 8.93e-20 0.79319
64874 30.65 67.20 1.44e-19 0.79922
64868 15.00 68.00 1.45e-19 0.80035
64871 22.96 67.80 1.45e-19 0.80002
64877 37.85 66.25 1.42e-19 0.79830
64022 20.50 86.00 1.40e-19 0.79782
64025 20.50 84.00 1.42e-19 0.79859
64397 -16.66 53.94 1.12e-19 0.79443
64019 20.50 88.00 1.37e-19 0.79710
64394 -20.85 52.27 1.04e-19 0.79382
64388 -28.18 48.44 8.56e-20 0.79306
64391 -24.68 50.43 9.50e-20 0.79338
64214 32.11 45.05 9.10e-20 0.79323
64097 -154.30 89.50 1.32e-19 0.79628
64211 27.99 45.89 9.54e-20 0.79327
65219 -52.04 80.22 1.35e-19 0.79674
64217 -11.20 45.58 8.83e-20 0.79295
65222 -41.87 82.83 1.38e-19 0.79730
64427 37.23 56.66 1.25e-19 0.79546
64199 10.61 46.88 1.01e-19 0.79376
64202 15.00 47.00 1.01e-19 0.79368
64205 19.39 46.88 1.01e-19 0.79376
64976 -5.87 72.94 1.45e-19 0.80035
64973 -14.88 71.70 1.43e-19 0.79902
64970 -22.64 70.09 1.40e-19 0.79780
65450 -128.42 79.90 1.08e-19 0.79412
65453 -144.45 81.43 1.10e-19 0.79432
65162 15.00 83.00 1.43e-19 0.79902
63203 -31.27 65.14 1.29e-19 0.79590
65279 -71.91 77.98 1.25e-19 0.79542
65285 -66.36 83.93 1.32e-19 0.79637
65282 -69.91 80.96 1.29e-19 0.79592
65471 135.01 72.61 9.50e-20 0.79339
65468 140.04 75.29 1.01e-19 0.79364
65474 131.49 69.80 8.83e-20 0.79303
65477 -118.54 73.33 9.10e-20 0.79313
62993 15.00 -90.00 -7.03e-20 -0.07028
64940 54.30 65.88 1.34e-19 0.79664
65099 -1.81 79.57 1.45e-19 0.80002
65105 31.81 79.57 1.45e-19 0.80002
65102 15.00 80.00 1.45e-19 0.80035
64688 60.98 50.85 9.10e-20 0.79310
65405 -115.34 82.12 1.18e-19 0.79481
65402 -105.13 79.58 1.14e-19 0.79453
65399 -99.24 76.82 1.10e-19 0.79420
63269 -6.11 50.90 1.09e-19 0.79408
63275 -4.48 49.24 1.04e-19 0.79380
64037 20.50 76.00 1.45e-19 0.80210
64034 20.50 78.00 1.45e-19 0.80121
64028 20.50 82.00 1.44e-19 0.79941
64031 20.50 80.00 1.45e-19 0.80029
64916 -10.90 69.01 1.43e-19 0.79880
64793 -11.53 62.26 1.35e-19 0.79677
64790 -17.07 60.82 1.29e-19 0.79588
64910 -24.30 65.88 1.34e-19 0.79664
64913 -18.05 67.59 1.39e-19 0.79768
64796 -5.47 63.42 1.39e-19 0.79752
65144 -55.70 70.89 1.22e-19 0.79523
64430 42.12 55.41 1.19e-19 0.79493
64433 46.66 53.94 1.12e-19 0.79443
64349 20.35 55.86 1.28e-19 0.79578
64352 25.62 55.44 1.26e-19 0.79558
64355 30.72 54.74 1.22e-19 0.79513
63383 65.50 62.76 1.21e-19 0.79501
63113 -138.30 76.00 9.38e-20 0.79330
64436 50.85 52.27 1.04e-19 0.79382
64334 -5.61 53.80 1.18e-19 0.79485
65504 -141.78 74.62 8.83e-20 0.79292
64331 -10.23 52.61 1.12e-19 0.79431
64328 -14.55 51.21 1.05e-19 0.79395
64169 15.00 41.00 8.03e-20 0.79275
64172 18.97 40.88 7.97e-20 0.79270
64175 6.71 43.52 8.84e-20 0.79315
64337 -0.72 54.74 1.22e-19 0.79513
64814 35.47 63.42 1.39e-19 0.79752
65147 -51.53 73.61 1.29e-19 0.79595
65249 96.90 68.78 1.10e-19 0.79422
64085 20.50 46.00 9.75e-20 0.79348
65336 -84.03 71.77 1.05e-19 0.79398
65252 98.64 65.84 1.01e-19 0.79360
65255 100.10 62.89 9.10e-20 0.79308
65330 -83.40 65.72 8.83e-20 0.79301
65333 -83.60 68.75 9.70e-20 0.79350
64418 20.81 58.85 1.34e-19 0.79668
64133 -154.30 79.50 1.03e-19 0.79380
65186 91.49 65.27 1.05e-19 0.79388
64136 -154.30 78.50 1.00e-19 0.79361
65183 88.92 68.10 1.14e-19 0.79448
65180 85.70 70.89 1.22e-19 0.79523
65192 95.42 59.53 8.52e-20 0.79290
65414 164.13 84.15 1.20e-19 0.79503
65432 121.61 68.04 8.93e-20 0.79308
65435 120.51 65.03 8.09e-20 0.79269
63263 -7.85 52.53 1.13e-19 0.79438
65429 123.21 71.02 9.70e-20 0.79357
65408 -134.13 84.15 1.20e-19 0.79503
63317 110.50 70.00 1.03e-19 0.79376
63311 115.98 69.92 9.86e-20 0.79365
65009 76.59 58.92 1.01e-19 0.79356
65015 -48.69 63.02 1.10e-19 0.79432
65012 -51.77 60.39 1.01e-19 0.79357
65528 -165.00 70.00 6.97e-20 0.79241
65531 -165.00 67.00 5.95e-20 0.79215
63413 52.73 55.69 1.13e-19 0.79446
64955 -46.59 58.92 1.01e-19 0.79356
64949 68.43 59.57 1.10e-19 0.79418
65111 57.58 76.63 1.42e-19 0.79827
65168 55.98 80.83 1.42e-19 0.79826
65108 46.27 78.38 1.44e-19 0.79923
65114 66.13 74.51 1.38e-19 0.79729
65117 72.61 72.15 1.32e-19 0.79636
64862 -0.65 67.20 1.44e-19 0.79922
64835 64.18 53.14 9.54e-20 0.79347
65456 -165.00 82.00 1.11e-19 0.79429
64469 -9.17 59.48 1.30e-19 0.79608
64475 2.41 61.35 1.38e-19 0.79730
64472 -3.56 60.56 1.35e-19 0.79677
65513 -177.19 75.64 9.02e-20 0.79302
65510 -165.00 76.00 9.09e-20 0.79317
65516 171.78 74.62 8.83e-20 0.79292
64451 -34.20 48.66 8.10e-20 0.79273
64454 -30.98 50.85 9.10e-20 0.79310
63905 -159.50 78.00 9.80e-20 0.79351
64289 24.88 52.47 1.18e-19 0.79485
64295 34.25 50.90 1.10e-19 0.79408
64292 29.66 51.81 1.14e-19 0.79454
64883 50.33 63.41 1.32e-19 0.79635
64880 44.43 64.97 1.38e-19 0.79732
65498 156.21 75.54 9.54e-20 0.79337
63584 -159.50 72.00 7.69e-20 0.79264
64886 55.56 61.63 1.26e-19 0.79559
64406 -2.00 57.66 1.29e-19 0.79592
65378 113.40 65.72 8.83e-20 0.79301
64403 -7.23 56.66 1.25e-19 0.79546
64400 -12.12 55.41 1.19e-19 0.79493
64223 -3.10 47.99 1.01e-19 0.79371
64220 -7.26 46.89 9.50e-20 0.79329
64118 -154.30 82.50 1.13e-19 0.79442
64121 -154.30 81.50 1.10e-19 0.79420
64226 1.25 48.86 1.05e-19 0.79399
64124 -154.30 80.50 1.07e-19 0.79400
63161 -58.62 69.66 1.18e-19 0.79477
