65006 73.24 61.42 1.04e-19 0.74512
65000 64.69 66.09 1.23e-19 0.76047
65003 69.32 63.82 1.14e-19 0.75547
63197 -35.09 66.19 1.22e-19 0.76043
64142 -154.30 75.50 7.98e-20 0.70661
63191 -39.22 67.15 1.21e-19 0.76009
65213 -57.99 77.44 1.25e-19 0.76096
65210 -61.92 74.59 1.19e-19 0.75883
65294 86.94 86.84 1.28e-19 0.76046
65291 15.00 89.00 1.29e-19 0.76016
65288 -56.94 86.84 1.28e-19 0.76046
65075 -57.47 61.57 9.01e-20 0.72498
62987 15.00 -74.00 -2.25e-21 -0.00225
65072 81.77 60.39 9.23e-20 0.72845
65486 -149.69 78.56 9.23e-20 0.72841
65069 78.69 63.02 1.04e-19 0.74431
65420 135.13 79.58 1.08e-19 0.74912
62981 15.00 -90.00 -8.97e-21 -0.00897
65483 -136.50 77.35 9.01e-20 0.72507
65156 -25.98 80.83 1.33e-19 0.75082
65426 125.59 73.95 9.60e-20 0.73413
65480 -126.21 75.54 8.65e-20 0.71878
63281 -2.95 47.55 9.08e-20 0.72600
63287 -1.51 45.84 8.48e-20 0.71600
65150 -45.89 76.23 1.29e-19 0.76023
65390 -91.61 68.04 7.95e-20 0.70591
63227 -18.77 60.10 1.21e-19 0.75989
65393 -93.21 71.02 8.83e-20 0.72198
65396 -95.59 73.95 9.60e-20 0.73413
63221 -21.51 61.46 1.22e-19 0.76037
63443 45.48 49.24 8.93e-20 0.72361
64046 20.50 70.00 1.30e-19 0.71628
64082 20.50 48.00 9.65e-20 0.73480
64043 20.50 72.00 1.27e-19 0.70287
64040 20.50 74.00 1.25e-19 0.69422
64781 -30.59 55.29 9.75e-20 0.73623
64778 -34.18 53.14 8.65e-20 0.71889
64784 -26.57 57.31 1.08e-19 0.74910
64079 20.50 50.00 1.04e-19 0.74465
64787 -22.08 59.16 1.16e-19 0.75711
64919 -2.88 70.09 1.32e-19 0.73160
64925 15.00 71.00 1.28e-19 0.70631
64922 5.86 70.77 1.30e-19 0.71558
64439 54.68 50.43 8.60e-20 0.71795
64445 61.37 46.31 6.44e-20 0.67283
64442 58.18 48.44 7.53e-20 0.69759
63119 -95.35 67.98 7.64e-20 0.69982
63125 -90.61 68.69 8.25e-20 0.71170
63377 68.74 63.99 1.15e-19 0.75619
64544 53.49 54.84 1.03e-19 0.74297
64187 23.29 43.52 7.84e-20 0.70394
64325 -18.58 49.61 8.83e-20 0.72184
63776 -159.50 74.00 7.34e-20 0.69363
64181 15.00 44.00 8.13e-20 0.70939
64178 10.84 43.88 8.06e-20 0.70806
64184 19.16 43.88 8.06e-20 0.70806
64013 -159.50 88.00 1.23e-19 0.76052
64250 37.26 46.89 8.60e-20 0.71784
64253 41.20 45.58 7.84e-20 0.70372
64073 20.50 54.00 1.17e-19 0.75750
64070 20.50 56.00 1.22e-19 0.76040
65246 94.74 71.70 1.12e-19 0.75306
65492 179.69 78.56 9.23e-20 0.72841
65243 91.92 74.59 1.19e-19 0.75883
65495 166.50 77.35 9.01e-20 0.72507
64076 20.50 52.00 1.11e-19 0.75223
65240 87.99 77.44 1.25e-19 0.76096
64208 23.74 46.51 9.01e-20 0.72510
64457 -27.42 52.92 9.24e-20 0.72862
65177 81.53 73.61 1.23e-19 0.76078
64166 11.03 40.88 6.86e-20 0.68297
64163 15.00 38.00 5.77e-20 0.65558
65171 67.87 78.68 1.32e-19 0.75645
64094 20.50 40.00 6.50e-20 0.67439
65174 75.89 76.23 1.29e-19 0.76023
64160 15.00 35.00 4.68e-20 0.62294
65387 -90.51 65.03 7.00e-20 0.68601
63257 -9.72 54.13 1.10e-19 0.75191
65297 96.36 83.93 1.27e-19 0.76095
63251 -11.73 55.69 1.14e-19 0.75519
65381 113.36 62.69 6.81e-20 0.68184
65384 113.42 59.64 5.77e-20 0.65568
65357 139.00 86.38 1.22e-19 0.76027
65348 -94.24 83.64 1.20e-19 0.75934
65351 -109.00 86.38 1.22e-19 0.76027
64091 20.50 42.00 7.29e-20 0.69244
65354 -165.00 88.00 1.23e-19 0.76051
63179 -48.39 68.69 1.18e-19 0.75801
63185 -43.65 67.98 1.20e-19 0.75928
63323 105.02 69.92 9.89e-20 0.73827
65342 -86.22 77.76 1.12e-19 0.75299
65345 -88.82 80.73 1.16e-19 0.75720
65339 -84.82 74.77 1.05e-19 0.74608
65045 15.00 77.00 1.28e-19 0.70631
65042 1.88 76.67 1.30e-19 0.71560
65039 -10.07 75.72 1.32e-19 0.73158
63407 54.89 57.20 1.09e-19 0.75022
65423 129.24 76.82 1.03e-19 0.74304
64823 52.08 59.16 1.16e-19 0.75711
65489 -165.00 79.00 9.31e-20 0.72970
64820 47.07 60.82 1.23e-19 0.76071
64967 -29.19 68.20 1.29e-19 0.76014
64964 -34.69 66.09 1.23e-19 0.76047
63401 57.23 58.68 1.11e-19 0.75273
63095 40.40 47.00 8.44e-20 0.71519
64961 -39.32 63.82 1.14e-19 0.75547
64958 -43.24 61.42 1.04e-19 0.74512
64826 56.57 57.31 1.08e-19 0.74910
65063 70.62 68.01 1.22e-19 0.76027
65126 84.80 64.32 1.01e-19 0.74143
65060 65.21 70.32 1.28e-19 0.76048
65123 81.58 67.01 1.11e-19 0.75284
65066 75.03 65.56 1.14e-19 0.75481
65120 77.61 69.63 1.20e-19 0.75935
64592 57.42 52.92 9.24e-20 0.72862
64499 49.14 56.59 1.12e-19 0.75296
65519 -154.87 72.69 6.86e-20 0.68281
65522 -165.00 73.00 6.93e-20 0.68455
65525 -175.13 72.69 6.86e-20 0.68281
63293 -0.15 44.10 7.86e-20 0.70420
64055 20.50 64.00 1.33e-19 0.74839
64052 20.50 66.00 1.33e-19 0.73967
64466 -14.37 58.15 1.19e-19 0.75885
64049 20.50 68.00 1.32e-19 0.72886
64463 -19.14 56.59 1.12e-19 0.75296
64460 -23.49 54.84 1.03e-19 0.74297
64889 60.17 59.65 1.11e-19 0.75288
64895 67.82 55.26 9.01e-20 0.72489
64892 64.24 57.52 1.01e-19 0.74135
65225 -22.03 85.01 1.32e-19 0.75548
64376 58.87 43.83 5.77e-20 0.65569
64004 -159.50 82.00 1.04e-19 0.74526
64370 52.30 47.83 7.84e-20 0.70364
64007 -159.50 84.00 1.11e-19 0.75268
64373 55.72 45.90 6.81e-20 0.68167
64229 5.74 49.49 1.01e-19 0.74141
64235 15.00 50.00 1.04e-19 0.74515
64232 10.34 49.87 1.04e-19 0.74419
64109 -154.30 85.50 1.16e-19 0.75682
64115 -154.30 83.50 1.10e-19 0.75124
64112 -154.30 84.50 1.13e-19 0.75432
63809 -159.50 76.00 8.14e-20 0.70966
64283 15.00 53.00 1.14e-19 0.75548
64280 10.03 52.87 1.14e-19 0.75495
64286 19.97 52.87 1.14e-19 0.75495
65312 105.25 69.00 9.60e-20 0.73410
65315 106.03 66.00 8.60e-20 0.71802
65309 104.36 72.00 1.05e-19 0.74613
65306 103.29 74.99 1.13e-19 0.75417
65198 -70.10 62.89 8.14e-20 0.70961
65201 -68.64 65.84 9.24e-20 0.72856
65204 -66.90 68.78 1.03e-19 0.74306
65207 -64.74 71.70 1.12e-19 0.75306
65300 99.91 80.96 1.23e-19 0.76075
65303 101.91 77.98 1.19e-19 0.75883
65078 -54.80 64.32 1.01e-19 0.74143
65081 -51.58 67.01 1.11e-19 0.75284
65411 -165.00 85.00 1.14e-19 0.75548
65084 -47.61 69.63 1.20e-19 0.75935
65087 -42.61 72.15 1.27e-19 0.76094
64859 -7.85 66.25 1.33e-19 0.75083
64865 7.04 67.80 1.32e-19 0.73158
65417 145.34 82.12 1.11e-19 0.75291
63329 99.62 69.66 1.03e-19 0.74310
63335 94.39 69.25 1.06e-19 0.74713
63449 43.95 47.55 8.41e-20 0.71448
63455 42.51 45.84 7.85e-20 0.70412
64994 52.64 70.09 1.32e-19 0.75443
64988 35.87 72.94 1.32e-19 0.72729
64991 44.88 71.70 1.34e-19 0.74343
63215 -24.50 62.76 1.23e-19 0.76060
65153 -37.87 78.68 1.32e-19 0.75645
64997 59.19 68.20 1.29e-19 0.76014
63209 -27.74 63.99 1.23e-19 0.76071
64934 40.90 69.01 1.34e-19 0.74560
64016 14.04 90.00 1.27e-19 0.76088
64931 32.88 70.09 1.32e-19 0.73160
63431 48.85 52.53 9.86e-20 0.73775
64928 24.14 70.77 1.30e-19 0.71558
64010 -159.50 86.00 1.17e-19 0.75778
63473 -159.50 70.00 5.79e-20 0.65601
64937 48.05 67.59 1.32e-19 0.75546
63437 47.11 50.90 9.42e-20 0.73131
65132 -65.42 59.53 7.49e-20 0.69668
65135 -63.62 62.41 8.64e-20 0.71869
65129 87.47 61.57 9.01e-20 0.72498
64772 64.20 48.66 7.02e-20 0.68640
64775 -37.39 50.87 7.49e-20 0.69691
64415 15.00 59.00 1.29e-19 0.76016
64412 9.19 58.85 1.28e-19 0.76046
64409 3.49 58.40 1.27e-19 0.76096
63137 -80.38 69.66 9.37e-20 0.73060
63131 -85.61 69.25 8.82e-20 0.72180
64316 -22.30 47.83 7.84e-20 0.70364
64313 -25.72 45.90 6.81e-20 0.68167
64310 -28.87 43.83 5.77e-20 0.65569
63155 -64.02 69.92 1.08e-19 0.74942
63149 -69.50 70.00 1.04e-19 0.74440
64259 -20.22 45.15 7.00e-20 0.68603
64265 -12.75 48.42 8.82e-20 0.72182
64262 -16.62 46.88 7.95e-20 0.70603
65327 -83.36 62.69 6.81e-20 0.68184
57281 15.00 -74.00 -2.25e-21 -0.00225
64100 -154.30 88.50 1.24e-19 0.76084
64103 -154.30 87.50 1.21e-19 0.76008
65237 82.04 80.22 1.29e-19 0.76024
65234 71.87 82.83 1.31e-19 0.75789
64106 -154.30 86.50 1.19e-19 0.75874
65231 52.03 85.01 1.32e-19 0.75548
65228 15.00 86.00 1.32e-19 0.75444
65267 -76.03 66.00 8.60e-20 0.71802
64088 20.50 44.00 8.09e-20 0.70860
64193 2.01 45.89 8.64e-20 0.71866
64190 -2.11 45.05 8.15e-20 0.70978
64157 -154.30 77.50 8.77e-20 0.72098
64154 -154.30 71.50 6.40e-20 0.67203
64151 -154.30 72.50 6.79e-20 0.68137
64148 -154.30 73.50 7.19e-20 0.69026
64196 6.26 46.51 9.01e-20 0.72510
64982 15.00 74.00 1.21e-19 0.68079
64985 25.77 73.73 1.28e-19 0.70632
65369 114.82 74.77 1.05e-19 0.74608
64979 4.23 73.73 1.28e-19 0.70632
65375 113.60 68.75 8.83e-20 0.72190
65372 114.03 71.77 9.73e-20 0.73597
65366 116.22 77.76 1.12e-19 0.75299
65360 124.24 83.64 1.20e-19 0.75934
65363 118.82 80.73 1.16e-19 0.75720
65459 174.45 81.43 1.04e-19 0.74431
65462 158.42 79.90 1.01e-19 0.74138
65465 147.41 77.77 9.75e-20 0.73635
63173 -53.39 69.25 1.15e-19 0.75599
65036 -20.23 74.26 1.34e-19 0.74560
65270 -75.25 69.00 9.60e-20 0.73410
65273 -74.36 72.00 1.05e-19 0.74613
64952 71.94 57.20 9.23e-20 0.72850
65276 -73.29 74.99 1.13e-19 0.75417
65030 -35.21 70.32 1.28e-19 0.76048
65033 -28.52 72.43 1.32e-19 0.75547
64808 22.07 64.82 1.34e-19 0.74560
64811 28.94 64.29 1.33e-19 0.75083
65501 148.54 73.33 8.14e-20 0.70967
63353 80.22 67.15 1.13e-19 0.75428
64817 41.53 62.26 1.29e-19 0.76028
63389 62.51 61.46 1.14e-19 0.75538
63395 59.77 60.10 1.13e-19 0.75432
65507 -152.81 75.64 8.05e-20 0.70788
65054 50.23 74.26 1.34e-19 0.74560
65096 -16.27 78.38 1.33e-19 0.74109
65051 40.07 75.72 1.32e-19 0.73158
65048 28.12 76.67 1.30e-19 0.71560
65090 -36.13 74.51 1.31e-19 0.75788
65093 -27.58 76.63 1.33e-19 0.75082
65057 58.52 72.43 1.32e-19 0.75547
64496 44.37 58.15 1.19e-19 0.75885
64490 33.56 60.56 1.29e-19 0.76027
64493 39.17 59.48 1.25e-19 0.76095
63305 121.38 69.66 8.51e-20 0.71631
63299 126.61 69.25 7.99e-20 0.70667
64058 20.50 62.00 1.32e-19 0.75489
64061 20.50 60.00 1.30e-19 0.75909
64067 20.50 58.00 1.27e-19 0.76093
64802 7.93 64.82 1.34e-19 0.74560
64805 15.00 65.00 1.34e-19 0.74343
64799 1.06 64.29 1.33e-19 0.75083
64907 -29.72 63.95 1.22e-19 0.76029
64904 -34.39 61.83 1.14e-19 0.75482
64898 -41.94 57.20 9.23e-20 0.72850
64901 -38.43 59.57 1.04e-19 0.74416
64829 60.59 55.29 9.75e-20 0.73623
64379 -31.37 46.31 6.44e-20 0.67283
64367 48.58 49.61 8.83e-20 0.72184
64364 44.55 51.21 9.73e-20 0.73593
64361 40.23 52.61 1.05e-19 0.74609
64358 35.61 53.80 1.12e-19 0.75310
63371 72.27 65.14 1.15e-19 0.75599
63101 -146.50 74.10 7.54e-20 0.69773
63107 41.70 76.00 1.33e-19 0.73393
63968 -159.50 80.00 9.70e-20 0.73556
64343 9.65 55.86 1.22e-19 0.76031
63365 76.09 66.19 1.14e-19 0.75527
64247 33.10 47.99 9.24e-20 0.72868
64340 4.38 55.44 1.20e-19 0.75942
64244 28.75 48.86 9.76e-20 0.73638
64238 19.66 49.87 1.04e-19 0.74419
64346 15.00 56.00 1.23e-19 0.76051
64241 24.26 49.49 1.01e-19 0.74141
64268 -8.62 49.77 9.60e-20 0.73413
64271 -4.25 50.90 1.03e-19 0.74292
64274 0.34 51.81 1.08e-19 0.74913
64277 5.12 52.47 1.11e-19 0.75295
65264 -76.74 62.99 7.53e-20 0.69757
65261 -77.40 59.97 6.44e-20 0.67283
65258 101.35 59.93 7.02e-20 0.68639
65324 -83.42 59.64 5.77e-20 0.65568
65321 107.40 59.97 6.44e-20 0.67283
65318 106.74 62.99 7.53e-20 0.69757
64145 -154.30 74.50 7.58e-20 0.69867
65189 93.62 62.41 8.64e-20 0.71869
65195 -71.35 59.93 7.02e-20 0.68639
64139 -154.30 76.50 8.38e-20 0.71405
65441 -105.01 72.61 8.60e-20 0.71795
65438 -101.49 69.80 7.84e-20 0.70381
65444 -110.04 75.29 9.24e-20 0.72861
65447 -117.41 77.77 9.75e-20 0.73635
63341 89.39 68.69 1.09e-19 0.75028
63347 84.65 67.98 1.11e-19 0.75257
65018 -45.03 65.56 1.14e-19 0.75481
65027 -40.62 68.01 1.22e-19 0.76027
65159 -8.31 82.40 1.34e-19 0.74560
63239 -16.23 58.68 1.19e-19 0.75902
63245 -13.89 57.20 1.17e-19 0.75737
65165 38.31 82.40 1.34e-19 0.74560
63419 50.72 54.13 1.03e-19 0.74305
64943 59.72 63.95 1.22e-19 0.76029
64946 64.39 61.83 1.14e-19 0.75482
64847 -30.17 59.65 1.11e-19 0.75288
65141 -58.92 68.10 1.08e-19 0.74906
65138 -61.49 65.27 9.75e-20 0.73626
64838 67.39 50.87 7.49e-20 0.69691
64841 -37.82 55.26 9.01e-20 0.72489
64844 -34.24 57.52 1.01e-19 0.74135
64478 8.63 61.84 1.32e-19 0.75548
64481 15.00 62.00 1.32e-19 0.75444
64484 21.37 61.84 1.32e-19 0.75548
64487 27.59 61.35 1.31e-19 0.75789
64421 26.51 58.40 1.27e-19 0.76096
64424 32.00 57.66 1.23e-19 0.76075
64853 -20.33 63.41 1.27e-19 0.76093
64850 -25.56 61.63 1.20e-19 0.75943
64856 -14.43 64.97 1.31e-19 0.75791
63143 -74.98 69.92 9.89e-20 0.73832
64307 50.22 45.15 7.00e-20 0.68603
64298 38.62 49.77 9.60e-20 0.73413
64301 42.75 48.42 8.82e-20 0.72182
64304 46.62 46.88 7.95e-20 0.70603
64874 30.65 67.20 1.33e-19 0.74110
64868 15.00 68.00 1.32e-19 0.72730
64871 22.96 67.80 1.32e-19 0.73158
64877 37.85 66.25 1.33e-19 0.75083
64022 20.50 86.00 1.32e-19 0.75451
64025 20.50 84.00 1.33e-19 0.74785
64397 -16.66 53.94 1.05e-19 0.74621
64019 20.50 88.00 1.30e-19 0.75887
64394 -20.85 52.27 9.60e-20 0.73410
64388 -28.18 48.44 7.53e-20 0.69759
64391 -24.68 50.43 8.60e-20 0.71795
64214 32.11 45.05 8.15e-20 0.70978
64097 -154.30 89.50 1.26e-19 0.76101
64211 27.99 45.89 8.64e-20 0.71866
65219 -52.04 80.22 1.29e-19 0.76024
64217 -11.20 45.58 7.84e-20 0.70372
65222 -41.87 82.83 1.31e-19 0.75789
64427 37.23 56.66 1.19e-19 0.75887
64199 10.61 46.88 9.24e-20 0.72866
64202 15.00 47.00 9.31e-20 0.72970
64205 19.39 46.88 9.24e-20 0.72866
64976 -5.87 72.94 1.32e-19 0.72729
64973 -14.88 71.70 1.34e-19 0.74343
64970 -22.64 70.09 1.32e-19 0.75443
65450 -128.42 79.90 1.01e-19 0.74138
65453 -144.45 81.43 1.04e-19 0.74431
65162 15.00 83.00 1.34e-19 0.74343
63203 -31.27 65.14 1.23e-19 0.76068
65279 -71.91 77.98 1.19e-19 0.75883
65285 -66.36 83.93 1.27e-19 0.76095
65282 -69.91 80.96 1.23e-19 0.76075
65471 135.01 72.61 8.60e-20 0.71795
65468 140.04 75.29 9.24e-20 0.72861
65474 131.49 69.80 7.84e-20 0.70381
65477 -118.54 73.33 8.14e-20 0.70967
62993 15.00 -90.00 -8.97e-21 -0.00897
64940 54.30 65.88 1.28e-19 0.76044
65099 -1.81 79.57 1.32e-19 0.73158
65105 31.81 79.57 1.32e-19 0.73158
65102 15.00 80.00 1.32e-19 0.72730
64688 60.98 50.85 8.14e-20 0.70963
65405 -115.34 82.12 1.11e-19 0.75291
65402 -105.13 79.58 1.08e-19 0.74912
65399 -99.24 76.82 1.03e-19 0.74304
63269 -6.11 50.90 1.02e-19 0.74172
63275 -4.48 49.24 9.64e-20 0.73463
64037 20.50 76.00 1.27e-19 0.70198
64034 20.50 78.00 1.30e-19 0.71535
64028 20.50 82.00 1.33e-19 0.73898
64031 20.50 80.00 1.32e-19 0.72804
64916 -10.90 69.01 1.34e-19 0.74560
64793 -11.53 62.26 1.29e-19 0.76028
64790 -17.07 60.82 1.23e-19 0.76071
64910 -24.30 65.88 1.28e-19 0.76044
64913 -18.05 67.59 1.32e-19 0.75546
64796 -5.47 63.42 1.32e-19 0.75643
65144 -55.70 70.89 1.16e-19 0.75724
64430 42.12 55.41 1.13e-19 0.75425
64433 46.66 53.94 1.05e-19 0.74621
64349 20.35 55.86 1.22e-19 0.76031
64352 25.62 55.44 1.20e-19 0.75942
64355 30.72 54.74 1.16e-19 0.75713
63383 65.50 62.76 1.15e-19 0.75596
63113 -138.30 76.00 8.46e-20 0.71545
64436 50.85 52.27 9.60e-20 0.73410
64334 -5.61 53.80 1.12e-19 0.75310
65504 -141.78 74.62 7.84e-20 0.70369
64331 -10.23 52.61 1.05e-19 0.74609
64328 -14.55 51.21 9.73e-20 0.73593
64169 15.00 41.00 6.93e-20 0.68455
64172 18.97 40.88 6.86e-20 0.68297
64175 6.71 43.52 7.84e-20 0.70394
64337 -0.72 54.74 1.16e-19 0.75713
64814 35.47 63.42 1.32e-19 0.75643
65147 -51.53 73.61 1.23e-19 0.76078
65249 96.90 68.78 1.03e-19 0.74306
64085 20.50 46.00 8.88e-20 0.72276
65336 -84.03 71.77 9.73e-20 0.73597
65252 98.64 65.84 9.24e-20 0.72856
65255 100.10 62.89 8.14e-20 0.70961
65330 -83.40 65.72 7.84e-20 0.70378
65333 -83.60 68.75 8.83e-20 0.72190
64418 20.81 58.85 1.28e-19 0.76046
64133 -154.30 79.50 9.54e-20 0.73326
65186 91.49 65.27 9.75e-20 0.73626
64136 -154.30 78.50 9.16e-20 0.72739
65183 88.92 68.10 1.08e-19 0.74906
65180 85.70 70.89 1.16e-19 0.75724
65192 95.42 59.53 7.49e-20 0.69668
65414 164.13 84.15 1.14e-19 0.75496
65432 121.61 68.04 7.95e-20 0.70591
65435 120.51 65.03 7.00e-20 0.68601
63263 -7.85 52.53 1.06e-19 0.74743
65429 123.21 71.02 8.83e-20 0.72198
65408 -134.13 84.15 1.14e-19 0.75496
63317 110.50 70.00 9.47e-20 0.73212
63311 115.98 69.92 9.01e-20 0.72502
65009 76.59 58.92 9.31e-20 0.72956
65015 -48.69 63.02 1.04e-19 0.74431
65012 -51.77 60.39 9.23e-20 0.72845
65528 -165.00 70.00 5.77e-20 0.65558
65531 -165.00 67.00 4.68e-20 0.62294
63413 52.73 55.69 1.06e-19 0.74719
64955 -46.59 58.92 9.31e-20 0.72956
64949 68.43 59.57 1.04e-19 0.74416
65111 57.58 76.63 1.33e-19 0.75082
65168 55.98 80.83 1.33e-19 0.75082
65108 46.27 78.38 1.33e-19 0.74109
65114 66.13 74.51 1.31e-19 0.75788
65117 72.61 72.15 1.27e-19 0.76094
64862 -0.65 67.20 1.33e-19 0.74110
64835 64.18 53.14 8.65e-20 0.71889
65456 -165.00 82.00 1.04e-19 0.74515
64469 -9.17 59.48 1.25e-19 0.76095
64475 2.41 61.35 1.31e-19 0.75789
64472 -3.56 60.56 1.29e-19 0.76027
65513 -177.19 75.64 8.05e-20 0.70788
65510 -165.00 76.00 8.13e-20 0.70939
65516 171.78 74.62 7.84e-20 0.70369
64451 -34.20 48.66 7.02e-20 0.68640
64454 -30.98 50.85 8.14e-20 0.70963
63905 -159.50 78.00 8.93e-20 0.72367
64289 24.88 52.47 1.11e-19 0.75295
64295 34.25 50.90 1.03e-19 0.74292
64292 29.66 51.81 1.08e-19 0.74913
64883 50.33 63.41 1.27e-19 0.76093
64880 44.43 64.97 1.31e-19 0.75791
65498 156.21 75.54 8.65e-20 0.71878
63584 -159.50 72.00 6.55e-20 0.67571
64886 55.56 61.63 1.20e-19 0.75943
64406 -2.00 57.66 1.23e-19 0.76075
65378 113.40 65.72 7.84e-20 0.70378
64403 -7.23 56.66 1.19e-19 0.75887
64400 -12.12 55.41 1.13e-19 0.75425
64223 -3.10 47.99 9.24e-20 0.72868
64220 -7.26 46.89 8.60e-20 0.71784
64118 -154.30 82.50 1.06e-19 0.74759
64121 -154.30 81.50 1.03e-19 0.74337
64226 1.25 48.86 9.76e-20 0.73638
64124 -154.30 80.50 9.92e-20 0.73859
63161 -58.62 69.66 1.12e-19 0.75314
