65006 73.24 61.42 9.97e-20 0.71228
65000 64.69 66.09 1.13e-19 0.70125
65003 69.32 63.82 1.07e-19 0.70597
63197 -35.09 66.19 1.13e-19 0.70129
64142 -154.30 75.50 8.26e-20 0.73145
63191 -39.22 67.15 1.12e-19 0.70197
65213 -57.99 77.44 1.15e-19 0.70017
65210 -61.92 74.59 1.10e-19 0.70325
65294 86.94 86.84 1.18e-19 0.69841
65291 15.00 89.00 1.18e-19 0.69815
65288 -56.94 86.84 1.18e-19 0.69841
65075 -57.47 61.57 8.98e-20 0.72266
62987 15.00 -74.00 5.33e-20 0.05327
65072 81.77 60.39 9.14e-20 0.72083
65486 -149.69 78.56 9.14e-20 0.72080
65069 78.69 63.02 9.92e-20 0.71286
65420 135.13 79.58 1.02e-19 0.71006
62981 15.00 -90.00 9.79e-20 0.09789
65483 -136.50 77.35 8.98e-20 0.72272
65156 -25.98 80.83 1.24e-19 0.69632
65426 125.59 73.95 9.39e-20 0.71812
65480 -126.21 75.54 8.73e-20 0.72563
63281 -2.95 47.55 9.03e-20 0.72204
63287 -1.51 45.84 8.61e-20 0.72708
65150 -45.89 76.23 1.18e-19 0.69820
65390 -91.61 68.04 8.24e-20 0.73176
63227 -18.77 60.10 1.12e-19 0.70216
65393 -93.21 71.02 8.85e-20 0.72424
65396 -95.59 73.95 9.39e-20 0.71812
63221 -21.51 61.46 1.13e-19 0.70145
63443 45.48 49.24 8.93e-20 0.72324
64046 20.50 70.00 1.27e-19 0.69928
64082 20.50 48.00 9.43e-20 0.71776
64043 20.50 72.00 1.26e-19 0.70134
64040 20.50 74.00 1.26e-19 0.70281
64781 -30.59 55.29 9.50e-20 0.71695
64778 -34.18 53.14 8.73e-20 0.72571
64784 -26.57 57.31 1.02e-19 0.71004
64079 20.50 50.00 9.94e-20 0.71257
64787 -22.08 59.16 1.08e-19 0.70461
64919 -2.88 70.09 1.26e-19 0.69737
64925 15.00 71.00 1.27e-19 0.70078
64922 5.86 70.77 1.27e-19 0.69938
64439 54.68 50.43 8.69e-20 0.72607
64445 61.37 46.31 7.15e-20 0.74746
64442 58.18 48.44 7.94e-20 0.73586
63119 -95.35 67.98 8.02e-20 0.73465
63125 -90.61 68.69 8.45e-20 0.72919
63377 68.74 63.99 1.07e-19 0.70545
64544 53.49 54.84 9.85e-20 0.71341
64187 23.29 43.52 8.16e-20 0.73283
64325 -18.58 49.61 8.85e-20 0.72414
63776 -159.50 74.00 7.81e-20 0.73759
64181 15.00 44.00 8.37e-20 0.73013
64178 10.84 43.88 8.31e-20 0.73081
64184 19.16 43.88 8.31e-20 0.73081
64013 -159.50 88.00 1.13e-19 0.70127
64250 37.26 46.89 8.69e-20 0.72600
64253 41.20 45.58 8.16e-20 0.73267
64073 20.50 54.00 1.09e-19 0.70445
64070 20.50 56.00 1.13e-19 0.70146
65246 94.74 71.70 1.05e-19 0.70766
65492 179.69 78.56 9.14e-20 0.72080
65243 91.92 74.59 1.10e-19 0.70325
65495 166.50 77.35 8.98e-20 0.72272
64076 20.50 52.00 1.04e-19 0.70814
65240 87.99 77.44 1.15e-19 0.70017
64208 23.74 46.51 8.98e-20 0.72274
64457 -27.42 52.92 9.14e-20 0.72086
65177 81.53 73.61 1.14e-19 0.70078
64166 11.03 40.88 7.46e-20 0.74259
64163 15.00 38.00 6.65e-20 0.75572
65171 67.87 78.68 1.21e-19 0.69681
64094 20.50 40.00 7.20e-20 0.74670
65174 75.89 76.23 1.18e-19 0.69820
64160 15.00 35.00 5.80e-20 0.77185
65387 -90.51 65.03 7.56e-20 0.74107
63257 -9.72 54.13 1.04e-19 0.70841
65297 96.36 83.93 1.16e-19 0.69922
63251 -11.73 55.69 1.06e-19 0.70627
65381 113.36 62.69 7.42e-20 0.74329
65384 113.42 59.64 6.65e-20 0.75580
65357 139.00 86.38 1.12e-19 0.70163
65348 -94.24 83.64 1.11e-19 0.70271
65351 -109.00 86.38 1.12e-19 0.70163
64091 20.50 42.00 7.77e-20 0.73815
65354 -165.00 88.00 1.13e-19 0.70128
63179 -48.39 68.69 1.09e-19 0.70407
63185 -43.65 67.98 1.11e-19 0.70284
63323 105.02 69.92 9.59e-20 0.71609
65342 -86.22 77.76 1.05e-19 0.70761
65345 -88.82 80.73 1.08e-19 0.70468
65339 -84.82 74.77 1.00e-19 0.71173
65045 15.00 77.00 1.27e-19 0.70078
65042 1.88 76.67 1.27e-19 0.69938
65039 -10.07 75.72 1.26e-19 0.69738
63407 54.89 57.20 1.03e-19 0.70929
65423 129.24 76.82 9.85e-20 0.71346
64823 52.08 59.16 1.08e-19 0.70461
65489 -165.00 79.00 9.19e-20 0.72031
64820 47.07 60.82 1.14e-19 0.70073
64967 -29.19 68.20 1.18e-19 0.69813
64964 -34.69 66.09 1.13e-19 0.70125
63401 57.23 58.68 1.05e-19 0.70794
63095 40.40 47.00 8.59e-20 0.72737
64961 -39.32 63.82 1.07e-19 0.70597
64958 -43.24 61.42 9.97e-20 0.71228
64826 56.57 57.31 1.02e-19 0.71004
65063 70.62 68.01 1.12e-19 0.70162
65126 84.80 64.32 9.76e-20 0.71439
65060 65.21 70.32 1.18e-19 0.69843
65123 81.58 67.01 1.05e-19 0.70772
65066 75.03 65.56 1.06e-19 0.70638
65120 77.61 69.63 1.11e-19 0.70271
64592 57.42 52.92 9.14e-20 0.72086
64499 49.14 56.59 1.05e-19 0.70759
65519 -154.87 72.69 7.46e-20 0.74248
65522 -165.00 73.00 7.51e-20 0.74188
65525 -175.13 72.69 7.46e-20 0.74248
63293 -0.15 44.10 8.17e-20 0.73270
64055 20.50 64.00 1.24e-19 0.69630
64052 20.50 66.00 1.26e-19 0.69667
64466 -14.37 58.15 1.10e-19 0.70326
64049 20.50 68.00 1.26e-19 0.69767
64463 -19.14 56.59 1.05e-19 0.70759
64460 -23.49 54.84 9.85e-20 0.71341
64889 60.17 59.65 1.05e-19 0.70775
64895 67.82 55.26 8.98e-20 0.72260
64892 64.24 57.52 9.76e-20 0.71433
65225 -22.03 85.01 1.22e-19 0.69669
64376 58.87 43.83 6.65e-20 0.75580
64004 -159.50 82.00 9.97e-20 0.71224
64370 52.30 47.83 8.16e-20 0.73262
64007 -159.50 84.00 1.05e-19 0.70786
64373 55.72 45.90 7.42e-20 0.74317
64229 5.74 49.49 9.76e-20 0.71437
64235 15.00 50.00 9.97e-20 0.71230
64232 10.34 49.87 9.91e-20 0.71277
64109 -154.30 85.50 1.08e-19 0.70498
64115 -154.30 83.50 1.04e-19 0.70876
64112 -154.30 84.50 1.06e-19 0.70678
63809 -159.50 76.00 8.38e-20 0.73001
64283 15.00 53.00 1.07e-19 0.70598
64280 10.03 52.87 1.06e-19 0.70648
64286 19.97 52.87 1.06e-19 0.70648
65312 105.25 69.00 9.39e-20 0.71810
65315 106.03 66.00 8.69e-20 0.72613
65309 104.36 72.00 1.00e-19 0.71177
65306 103.29 74.99 1.06e-19 0.70684
65198 -70.10 62.89 8.38e-20 0.72989
65201 -68.64 65.84 9.14e-20 0.72082
65204 -66.90 68.78 9.85e-20 0.71348
65207 -64.74 71.70 1.05e-19 0.70766
65300 99.91 80.96 1.14e-19 0.70076
65303 101.91 77.98 1.10e-19 0.70325
65078 -54.80 64.32 9.76e-20 0.71439
65081 -51.58 67.01 1.05e-19 0.70772
65411 -165.00 85.00 1.07e-19 0.70598
65084 -47.61 69.63 1.11e-19 0.70271
65087 -42.61 72.15 1.16e-19 0.69922
64859 -7.85 66.25 1.24e-19 0.69635
64865 7.04 67.80 1.26e-19 0.69738
65417 145.34 82.12 1.05e-19 0.70777
63329 99.62 69.66 9.85e-20 0.71336
63335 94.39 69.25 1.01e-19 0.71118
63449 43.95 47.55 8.56e-20 0.72760
63455 42.51 45.84 8.17e-20 0.73274
64994 52.64 70.09 1.22e-19 0.69652
64988 35.87 72.94 1.27e-19 0.69785
64991 44.88 71.70 1.25e-19 0.69645
63215 -24.50 62.76 1.13e-19 0.70102
65153 -37.87 78.68 1.21e-19 0.69681
64997 59.19 68.20 1.18e-19 0.69813
63209 -27.74 63.99 1.14e-19 0.70089
64934 40.90 69.01 1.25e-19 0.69634
64016 14.04 90.00 1.17e-19 0.69902
64931 32.88 70.09 1.26e-19 0.69737
63431 48.85 52.53 9.57e-20 0.71620
64928 24.14 70.77 1.27e-19 0.69938
64010 -159.50 86.00 1.09e-19 0.70421
63473 -159.50 70.00 6.66e-20 0.75551
64937 48.05 67.59 1.22e-19 0.69666
63437 47.11 50.90 9.27e-20 0.71943
65132 -65.42 59.53 7.91e-20 0.73609
65135 -63.62 62.41 8.73e-20 0.72557
65129 87.47 61.57 8.98e-20 0.72266
64772 64.20 48.66 7.57e-20 0.74093
64775 -37.39 50.87 7.92e-20 0.73626
64415 15.00 59.00 1.18e-19 0.69815
64412 9.19 58.85 1.18e-19 0.69842
64409 3.49 58.40 1.16e-19 0.69924
63137 -80.38 69.66 9.24e-20 0.71972
63131 -85.61 69.25 8.85e-20 0.72413
64316 -22.30 47.83 8.16e-20 0.73262
64313 -25.72 45.90 7.42e-20 0.74317
64310 -28.87 43.83 6.65e-20 0.75580
63155 -64.02 69.92 1.02e-19 0.70996
63149 -69.50 70.00 9.92e-20 0.71271
64259 -20.22 45.15 7.56e-20 0.74109
64265 -12.75 48.42 8.85e-20 0.72413
64262 -16.62 46.88 8.24e-20 0.73184
65327 -83.36 62.69 7.42e-20 0.74329
57281 15.00 -74.00 5.33e-20 0.05327
64100 -154.30 88.50 1.14e-19 0.70063
64103 -154.30 87.50 1.12e-19 0.70190
65237 82.04 80.22 1.18e-19 0.69821
65234 71.87 82.83 1.20e-19 0.69714
64106 -154.30 86.50 1.10e-19 0.70336
65231 52.03 85.01 1.22e-19 0.69669
65228 15.00 86.00 1.22e-19 0.69654
65267 -76.03 66.00 8.69e-20 0.72613
64088 20.50 44.00 8.34e-20 0.73051
64193 2.01 45.89 8.73e-20 0.72556
64190 -2.11 45.05 8.38e-20 0.73002
64157 -154.30 77.50 8.82e-20 0.72458
64154 -154.30 71.50 7.13e-20 0.74782
64151 -154.30 72.50 7.41e-20 0.74338
64148 -154.30 73.50 7.70e-20 0.73918
64196 6.26 46.51 8.98e-20 0.72274
64982 15.00 74.00 1.25e-19 0.70527
64985 25.77 73.73 1.27e-19 0.70078
65369 114.82 74.77 1.00e-19 0.71173
64979 4.23 73.73 1.27e-19 0.70078
65375 113.60 68.75 8.85e-20 0.72418
65372 114.03 71.77 9.48e-20 0.71728
65366 116.22 77.76 1.05e-19 0.70761
65360 124.24 83.64 1.11e-19 0.70271
65363 118.82 80.73 1.08e-19 0.70468
65459 174.45 81.43 9.92e-20 0.71286
65462 158.42 79.90 9.76e-20 0.71436
65465 147.41 77.77 9.50e-20 0.71703
63173 -53.39 69.25 1.07e-19 0.70560
65036 -20.23 74.26 1.25e-19 0.69635
65270 -75.25 69.00 9.39e-20 0.71810
65273 -74.36 72.00 1.00e-19 0.71177
64952 71.94 57.20 9.14e-20 0.72087
65276 -73.29 74.99 1.06e-19 0.70684
65030 -35.21 70.32 1.18e-19 0.69843
65033 -28.52 72.43 1.22e-19 0.69668
64808 22.07 64.82 1.25e-19 0.69636
64811 28.94 64.29 1.24e-19 0.69635
65501 148.54 73.33 8.38e-20 0.72993
63353 80.22 67.15 1.06e-19 0.70688
64817 41.53 62.26 1.18e-19 0.69824
63005 15.00 -90.00 9.79e-20 0.09789
63389 62.51 61.46 1.07e-19 0.70601
62999 15.00 -74.00 5.33e-20 0.05327
63395 59.77 60.10 1.06e-19 0.70679
65507 -152.81 75.64 8.31e-20 0.73069
65054 50.23 74.26 1.25e-19 0.69635
65096 -16.27 78.38 1.25e-19 0.69657
65051 40.07 75.72 1.26e-19 0.69738
65048 28.12 76.67 1.27e-19 0.69938
65090 -36.13 74.51 1.20e-19 0.69713
65093 -27.58 76.63 1.24e-19 0.69633
65057 58.52 72.43 1.22e-19 0.69668
64496 44.37 58.15 1.10e-19 0.70326
64490 33.56 60.56 1.18e-19 0.69824
64493 39.17 59.48 1.15e-19 0.70017
63017 15.00 -90.00 9.79e-20 0.09789
63305 121.38 69.66 8.63e-20 0.72667
63011 15.00 -74.00 5.33e-20 0.05327
63299 126.61 69.25 8.27e-20 0.73136
64058 20.50 62.00 1.22e-19 0.69659
64061 20.50 60.00 1.19e-19 0.69754
64067 20.50 58.00 1.16e-19 0.69916
64802 7.93 64.82 1.25e-19 0.69636
64805 15.00 65.00 1.25e-19 0.69644
64799 1.06 64.29 1.24e-19 0.69635
64907 -29.72 63.95 1.12e-19 0.70164
64904 -34.39 61.83 1.06e-19 0.70639
64898 -41.94 57.20 9.14e-20 0.72087
64901 -38.43 59.57 9.91e-20 0.71275
64829 60.59 55.29 9.50e-20 0.71695
64379 -31.37 46.31 7.15e-20 0.74746
64367 48.58 49.61 8.85e-20 0.72414
64364 44.55 51.21 9.48e-20 0.71725
64361 40.23 52.61 1.00e-19 0.71173
64358 35.61 53.80 1.05e-19 0.70769
63371 72.27 65.14 1.07e-19 0.70562
63101 -146.50 74.10 7.95e-20 0.73566
63107 41.70 76.00 1.26e-19 0.69715
63968 -159.50 80.00 9.46e-20 0.71737
64343 9.65 55.86 1.12e-19 0.70166
63365 76.09 66.19 1.07e-19 0.70602
64247 33.10 47.99 9.14e-20 0.72090
64340 4.38 55.44 1.11e-19 0.70277
64244 28.75 48.86 9.50e-20 0.71706
64238 19.66 49.87 9.91e-20 0.71277
64346 15.00 56.00 1.13e-19 0.70128
64241 24.26 49.49 9.76e-20 0.71437
64268 -8.62 49.77 9.39e-20 0.71812
64271 -4.25 50.90 9.85e-20 0.71337
64274 0.34 51.81 1.02e-19 0.71007
64277 5.12 52.47 1.05e-19 0.70780
65264 -76.74 62.99 7.94e-20 0.73585
65261 -77.40 59.97 7.15e-20 0.74746
65258 101.35 59.93 7.57e-20 0.74093
65324 -83.42 59.64 6.65e-20 0.75580
65321 107.40 59.97 7.15e-20 0.74746
65318 106.74 62.99 7.94e-20 0.73585
64145 -154.30 74.50 7.98e-20 0.73521
65189 93.62 62.41 8.73e-20 0.72557
65195 -71.35 59.93 7.57e-20 0.74093
64139 -154.30 76.50 8.54e-20 0.72791
65441 -105.01 72.61 8.69e-20 0.72608
65438 -101.49 69.80 8.16e-20 0.73273
65444 -110.04 75.29 9.14e-20 0.72085
65447 -117.41 77.77 9.50e-20 0.71703
63341 89.39 68.69 1.03e-19 0.70941
63347 84.65 67.98 1.04e-19 0.70794
65018 -45.03 65.56 1.06e-19 0.70638
65027 -40.62 68.01 1.12e-19 0.70162
65159 -8.31 82.40 1.25e-19 0.69635
63239 -16.23 58.68 1.10e-19 0.70320
63245 -13.89 57.20 1.09e-19 0.70445
65165 38.31 82.40 1.25e-19 0.69635
63419 50.72 54.13 9.85e-20 0.71352
64943 59.72 63.95 1.12e-19 0.70164
64946 64.39 61.83 1.06e-19 0.70639
64847 -30.17 59.65 1.05e-19 0.70775
65141 -58.92 68.10 1.02e-19 0.71002
65138 -61.49 65.27 9.50e-20 0.71697
64838 67.39 50.87 7.92e-20 0.73626
64841 -37.82 55.26 8.98e-20 0.72260
64844 -34.24 57.52 9.76e-20 0.71433
64478 8.63 61.84 1.22e-19 0.69669
64481 15.00 62.00 1.22e-19 0.69654
64484 21.37 61.84 1.22e-19 0.69669
64487 27.59 61.35 1.20e-19 0.69714
64421 26.51 58.40 1.16e-19 0.69924
64424 32.00 57.66 1.14e-19 0.70076
64853 -20.33 63.41 1.16e-19 0.69921
64850 -25.56 61.63 1.11e-19 0.70278
64856 -14.43 64.97 1.20e-19 0.69716
63143 -74.98 69.92 9.60e-20 0.71607
64307 50.22 45.15 7.56e-20 0.74109
64298 38.62 49.77 9.39e-20 0.71812
64301 42.75 48.42 8.85e-20 0.72413
64304 46.62 46.88 8.24e-20 0.73184
64874 30.65 67.20 1.25e-19 0.69656
64868 15.00 68.00 1.27e-19 0.69785
64871 22.96 67.80 1.26e-19 0.69738
64877 37.85 66.25 1.24e-19 0.69635
64022 20.50 86.00 1.22e-19 0.69655
64025 20.50 84.00 1.24e-19 0.69631
64397 -16.66 53.94 1.00e-19 0.71182
64019 20.50 88.00 1.20e-19 0.69745
64394 -20.85 52.27 9.39e-20 0.71810
64388 -28.18 48.44 7.94e-20 0.73586
64391 -24.68 50.43 8.69e-20 0.72607
64214 32.11 45.05 8.38e-20 0.73002
64097 -154.30 89.50 1.16e-19 0.69952
64211 27.99 45.89 8.73e-20 0.72556
65219 -52.04 80.22 1.18e-19 0.69821
64217 -11.20 45.58 8.16e-20 0.73267
65222 -41.87 82.83 1.20e-19 0.69714
64427 37.23 56.66 1.10e-19 0.70328
64199 10.61 46.88 9.14e-20 0.72098
64202 15.00 47.00 9.19e-20 0.72031
64205 19.39 46.88 9.14e-20 0.72098
64976 -5.87 72.94 1.27e-19 0.69785
64973 -14.88 71.70 1.25e-19 0.69645
64970 -22.64 70.09 1.22e-19 0.69652
65450 -128.42 79.90 9.76e-20 0.71436
65453 -144.45 81.43 9.92e-20 0.71286
65162 15.00 83.00 1.25e-19 0.69644
63203 -31.27 65.14 1.13e-19 0.70099
65279 -71.91 77.98 1.10e-19 0.70325
65285 -66.36 83.93 1.16e-19 0.69922
65282 -69.91 80.96 1.14e-19 0.70076
65471 135.01 72.61 8.69e-20 0.72608
65468 140.04 75.29 9.14e-20 0.72085
65474 131.49 69.80 8.16e-20 0.73273
65477 -118.54 73.33 8.38e-20 0.72993
62993 15.00 -90.00 9.79e-20 0.09789
64940 54.30 65.88 1.18e-19 0.69839
65099 -1.81 79.57 1.26e-19 0.69738
65105 31.81 79.57 1.26e-19 0.69738
65102 15.00 80.00 1.27e-19 0.69785
64688 60.98 50.85 8.38e-20 0.72991
65405 -115.34 82.12 1.05e-19 0.70777
65402 -105.13 79.58 1.02e-19 0.71006
65399 -99.24 76.82 9.85e-20 0.71346
63269 -6.11 50.90 9.78e-20 0.71409
63275 -4.48 49.24 9.42e-20 0.71778
64037 20.50 76.00 1.26e-19 0.70148
64034 20.50 78.00 1.27e-19 0.69941
64028 20.50 82.00 1.26e-19 0.69672
64031 20.50 80.00 1.26e-19 0.69777
64916 -10.90 69.01 1.25e-19 0.69634
64793 -11.53 62.26 1.18e-19 0.69824
64790 -17.07 60.82 1.14e-19 0.70073
64910 -24.30 65.88 1.18e-19 0.69839
64913 -18.05 67.59 1.22e-19 0.69666
64796 -5.47 63.42 1.21e-19 0.69680
65144 -55.70 70.89 1.08e-19 0.70471
64430 42.12 55.41 1.06e-19 0.70690
64433 46.66 53.94 1.00e-19 0.71182
64349 20.35 55.86 1.12e-19 0.70166
64352 25.62 55.44 1.11e-19 0.70277
64355 30.72 54.74 1.08e-19 0.70463
63383 65.50 62.76 1.07e-19 0.70555
63113 -138.30 76.00 8.60e-20 0.72725
64436 50.85 52.27 9.39e-20 0.71810
64334 -5.61 53.80 1.05e-19 0.70769
65504 -141.78 74.62 8.16e-20 0.73265
64331 -10.23 52.61 1.00e-19 0.71173
64328 -14.55 51.21 9.48e-20 0.71725
64169 15.00 41.00 7.51e-20 0.74188
64172 18.97 40.88 7.46e-20 0.74259
64175 6.71 43.52 8.16e-20 0.73283
64337 -0.72 54.74 1.08e-19 0.70463
64814 35.47 63.42 1.21e-19 0.69680
65147 -51.53 73.61 1.14e-19 0.70078
65249 96.90 68.78 9.85e-20 0.71348
64085 20.50 46.00 8.89e-20 0.72372
65336 -84.03 71.77 9.48e-20 0.71728
65252 98.64 65.84 9.14e-20 0.72082
65255 100.10 62.89 8.38e-20 0.72989
65330 -83.40 65.72 8.16e-20 0.73272
65333 -83.60 68.75 8.85e-20 0.72418
64418 20.81 58.85 1.18e-19 0.69842
64133 -154.30 79.50 9.35e-20 0.71854
65186 91.49 65.27 9.50e-20 0.71697
64136 -154.30 78.50 9.09e-20 0.72146
65183 88.92 68.10 1.02e-19 0.71002
65180 85.70 70.89 1.08e-19 0.70471
65192 95.42 59.53 7.91e-20 0.73609
65414 164.13 84.15 1.06e-19 0.70648
65432 121.61 68.04 8.24e-20 0.73176
65435 120.51 65.03 7.56e-20 0.74107
63263 -7.85 52.53 1.01e-19 0.71097
65429 123.21 71.02 8.85e-20 0.72424
65408 -134.13 84.15 1.06e-19 0.70648
63317 110.50 70.00 9.30e-20 0.71911
63311 115.98 69.92 8.98e-20 0.72276
65009 76.59 58.92 9.19e-20 0.72022
65015 -48.69 63.02 9.92e-20 0.71286
65012 -51.77 60.39 9.14e-20 0.72083
65528 -165.00 70.00 6.65e-20 0.75572
65531 -165.00 67.00 5.80e-20 0.77185
63413 52.73 55.69 1.01e-19 0.71124
64955 -46.59 58.92 9.19e-20 0.72022
64949 68.43 59.57 9.91e-20 0.71275
65111 57.58 76.63 1.24e-19 0.69633
65168 55.98 80.83 1.24e-19 0.69632
65108 46.27 78.38 1.25e-19 0.69657
65114 66.13 74.51 1.20e-19 0.69713
65117 72.61 72.15 1.16e-19 0.69922
64862 -0.65 67.20 1.25e-19 0.69656
64835 64.18 53.14 8.73e-20 0.72571
65456 -165.00 82.00 9.97e-20 0.71230
64469 -9.17 59.48 1.15e-19 0.70017
64475 2.41 61.35 1.20e-19 0.69714
64472 -3.56 60.56 1.18e-19 0.69824
65513 -177.19 75.64 8.31e-20 0.73069
65510 -165.00 76.00 8.37e-20 0.73013
65516 171.78 74.62 8.16e-20 0.73265
64451 -34.20 48.66 7.57e-20 0.74093
64454 -30.98 50.85 8.38e-20 0.72991
63905 -159.50 78.00 8.93e-20 0.72328
64289 24.88 52.47 1.05e-19 0.70780
64295 34.25 50.90 9.85e-20 0.71337
64292 29.66 51.81 1.02e-19 0.71007
64883 50.33 63.41 1.16e-19 0.69921
64880 44.43 64.97 1.20e-19 0.69716
65498 156.21 75.54 8.73e-20 0.72563
63584 -159.50 72.00 7.24e-20 0.74607
64886 55.56 61.63 1.11e-19 0.70278
64406 -2.00 57.66 1.14e-19 0.70076
65378 113.40 65.72 8.16e-20 0.73272
64403 -7.23 56.66 1.10e-19 0.70328
64400 -12.12 55.41 1.06e-19 0.70690
64223 -3.10 47.99 9.14e-20 0.72090
64220 -7.26 46.89 8.69e-20 0.72600
64118 -154.30 82.50 1.01e-19 0.71092
64121 -154.30 81.50 9.87e-20 0.71327
64226 1.25 48.86 9.50e-20 0.71706
64124 -154.30 80.50 9.61e-20 0.71581
63161 -58.62 69.66 1.05e-19 0.70752
