63095 40.40 47.00 1.23e-19 1.03403
63101 -146.50 74.10 1.15e-19 1.03348
63107 41.70 76.00 1.73e-19 1.01967
63113 -138.30 76.00 1.23e-19 1.03404
63119 -95.35 67.98 1.16e-19 1.03355
63125 -90.61 68.69 1.21e-19 1.03405
63131 -85.61 69.25 1.26e-19 1.03412
63137 -80.38 69.66 1.30e-19 1.03412
63143 -74.98 69.92 1.35e-19 1.03425
63149 -69.50 70.00 1.39e-19 1.03397
63155 -64.02 69.92 1.42e-19 1.03375
63161 -58.62 69.66 1.45e-19 1.03329
63173 -53.39 69.25 1.48e-19 1.03290
63179 -48.39 68.69 1.51e-19 1.03251
63185 -43.65 67.98 1.53e-19 1.03207
63191 -39.22 67.15 1.54e-19 1.03173
63197 -35.09 66.19 1.55e-19 1.03135
63203 -31.27 65.14 1.56e-19 1.03123
63209 -27.74 63.99 1.56e-19 1.03117
63215 -24.50 62.76 1.56e-19 1.03122
63221 -21.51 61.46 1.55e-19 1.03145
63227 -18.77 60.10 1.54e-19 1.03180
63239 -16.23 58.68 1.52e-19 1.03224
63245 -13.89 57.20 1.50e-19 1.03255
63251 -11.73 55.69 1.47e-19 1.03311
63257 -9.72 54.13 1.44e-19 1.03351
63263 -7.85 52.53 1.41e-19 1.03378
63269 -6.11 50.90 1.37e-19 1.03402
63275 -4.48 49.24 1.33e-19 1.03416
63281 -2.95 47.55 1.28e-19 1.03413
63287 -1.51 45.84 1.23e-19 1.03412
63293 -0.15 44.10 1.18e-19 1.03378
63299 126.61 69.25 1.19e-19 1.03375
63305 121.38 69.66 1.23e-19 1.03394
63311 115.98 69.92 1.27e-19 1.03430
63317 110.50 70.00 1.31e-19 1.03423
63323 105.02 69.92 1.35e-19 1.03424
63329 99.62 69.66 1.38e-19 1.03398
63335 94.39 69.25 1.41e-19 1.03383
63341 89.39 68.69 1.43e-19 1.03366
63347 84.65 67.98 1.45e-19 1.03340
63353 80.22 67.15 1.46e-19 1.03323
63365 76.09 66.19 1.48e-19 1.03295
63371 72.27 65.14 1.48e-19 1.03291
63377 68.74 63.99 1.49e-19 1.03286
63383 65.50 62.76 1.48e-19 1.03285
63389 62.51 61.46 1.48e-19 1.03299
63395 59.77 60.10 1.47e-19 1.03318
63401 57.23 58.68 1.45e-19 1.03345
63407 54.89 57.20 1.43e-19 1.03355
63413 52.73 55.69 1.41e-19 1.03389
63419 50.72 54.13 1.38e-19 1.03408
63431 48.85 52.53 1.34e-19 1.03414
63437 47.11 50.90 1.31e-19 1.03417
63443 45.48 49.24 1.27e-19 1.03413
63449 43.95 47.55 1.22e-19 1.03394
63455 42.51 45.84 1.18e-19 1.03378
63473 -159.50 70.00 9.90e-20 1.03138
63584 -159.50 72.00 1.06e-19 1.03248
63776 -159.50 74.00 1.13e-19 1.03331
63809 -159.50 76.00 1.20e-19 1.03389
63905 -159.50 78.00 1.27e-19 1.03418
63968 -159.50 80.00 1.33e-19 1.03420
64004 -159.50 82.00 1.39e-19 1.03393
64007 -159.50 84.00 1.45e-19 1.03338
64010 -159.50 86.00 1.50e-19 1.03253
64013 -159.50 88.00 1.55e-19 1.03138
64016 14.04 90.00 1.60e-19 1.02993
64019 20.50 88.00 1.64e-19 1.02817
64022 20.50 86.00 1.67e-19 1.02611
64025 20.50 84.00 1.70e-19 1.02374
64028 20.50 82.00 1.72e-19 1.02107
64031 20.50 80.00 1.74e-19 1.01811
64034 20.50 78.00 1.75e-19 1.01491
64037 20.50 76.00 1.75e-19 1.01169
64040 20.50 74.00 1.75e-19 1.00987
64043 20.50 72.00 1.75e-19 1.01191
64046 20.50 70.00 1.74e-19 1.01514
64049 20.50 68.00 1.74e-19 1.01832
64052 20.50 66.00 1.72e-19 1.02126
64055 20.50 64.00 1.70e-19 1.02391
64058 20.50 62.00 1.67e-19 1.02626
64061 20.50 60.00 1.63e-19 1.02830
64067 20.50 58.00 1.60e-19 1.03004
64070 20.50 56.00 1.55e-19 1.03147
64073 20.50 54.00 1.50e-19 1.03260
64076 20.50 52.00 1.45e-19 1.03343
64079 20.50 50.00 1.39e-19 1.03396
64082 20.50 48.00 1.33e-19 1.03421
64085 20.50 46.00 1.26e-19 1.03417
64088 20.50 44.00 1.20e-19 1.03385
64091 20.50 42.00 1.13e-19 1.03326
64094 20.50 40.00 1.06e-19 1.03241
64097 -154.30 89.50 1.59e-19 1.03031
64100 -154.30 88.50 1.57e-19 1.03103
64103 -154.30 87.50 1.54e-19 1.03168
64106 -154.30 86.50 1.52e-19 1.03225
64109 -154.30 85.50 1.49e-19 1.03275
64112 -154.30 84.50 1.47e-19 1.03317
64115 -154.30 83.50 1.44e-19 1.03353
64118 -154.30 82.50 1.41e-19 1.03381
64121 -154.30 81.50 1.38e-19 1.03402
64124 -154.30 80.50 1.35e-19 1.03415
64133 -154.30 79.50 1.32e-19 1.03422
64136 -154.30 78.50 1.29e-19 1.03422
64139 -154.30 76.50 1.22e-19 1.03400
64142 -154.30 75.50 1.19e-19 1.03379
64145 -154.30 74.50 1.15e-19 1.03352
64148 -154.30 73.50 1.12e-19 1.03317
64151 -154.30 72.50 1.08e-19 1.03276
64154 -154.30 71.50 1.05e-19 1.03229
64157 -154.30 77.50 1.25e-19 1.03414
64160 15.00 35.00 8.82e-20 1.02925
64163 15.00 38.00 9.89e-20 1.03136
64166 11.03 40.88 1.09e-19 1.03281
64169 15.00 41.00 1.09e-19 1.03291
64172 18.97 40.88 1.09e-19 1.03281
64175 6.71 43.52 1.17e-19 1.03378
64178 10.84 43.88 1.19e-19 1.03387
64181 15.00 44.00 1.20e-19 1.03388
64184 19.16 43.88 1.19e-19 1.03387
64187 23.29 43.52 1.17e-19 1.03378
64190 -2.11 45.05 1.20e-19 1.03393
64193 2.01 45.89 1.24e-19 1.03400
64196 6.26 46.51 1.27e-19 1.03431
64199 10.61 46.88 1.29e-19 1.03433
64202 15.00 47.00 1.30e-19 1.03423
64205 19.39 46.88 1.29e-19 1.03433
64208 23.74 46.51 1.27e-19 1.03431
64211 27.99 45.89 1.24e-19 1.03400
64214 32.11 45.05 1.20e-19 1.03393
64217 -11.20 45.58 1.17e-19 1.03359
64220 -7.26 46.89 1.24e-19 1.03402
64223 -3.10 47.99 1.29e-19 1.03428
64226 1.25 48.86 1.34e-19 1.03427
64229 5.74 49.49 1.37e-19 1.03412
64232 10.34 49.87 1.39e-19 1.03394
64235 15.00 50.00 1.39e-19 1.03394
64238 19.66 49.87 1.39e-19 1.03394
64241 24.26 49.49 1.37e-19 1.03412
64244 28.75 48.86 1.34e-19 1.03427
64247 33.10 47.99 1.29e-19 1.03428
64250 37.26 46.89 1.24e-19 1.03402
64253 41.20 45.58 1.17e-19 1.03359
64259 -20.22 45.15 1.10e-19 1.03292
64262 -16.62 46.88 1.18e-19 1.03386
64265 -12.75 48.42 1.26e-19 1.03412
64268 -8.62 49.77 1.32e-19 1.03423
64271 -4.25 50.90 1.38e-19 1.03393
64274 0.34 51.81 1.42e-19 1.03373
64277 5.12 52.47 1.45e-19 1.03343
64280 10.03 52.87 1.47e-19 1.03318
64283 15.00 53.00 1.48e-19 1.03300
64286 19.97 52.87 1.47e-19 1.03318
64289 24.88 52.47 1.45e-19 1.03343
64292 29.66 51.81 1.42e-19 1.03373
64295 34.25 50.90 1.38e-19 1.03393
64298 38.62 49.77 1.32e-19 1.03423
64301 42.75 48.42 1.26e-19 1.03412
64304 46.62 46.88 1.18e-19 1.03386
64307 50.22 45.15 1.10e-19 1.03292
64310 -28.87 43.83 9.89e-20 1.03145
64313 -25.72 45.90 1.08e-19 1.03272
64316 -22.30 47.83 1.17e-19 1.03353
64325 -18.58 49.61 1.26e-19 1.03414
64328 -14.55 51.21 1.33e-19 1.03425
64331 -10.23 52.61 1.40e-19 1.03386
64334 -5.61 53.80 1.45e-19 1.03340
64337 -0.72 54.74 1.50e-19 1.03260
64340 4.38 55.44 1.53e-19 1.03207
64343 9.65 55.86 1.55e-19 1.03158
64346 15.00 56.00 1.55e-19 1.03138
64349 20.35 55.86 1.55e-19 1.03158
64352 25.62 55.44 1.53e-19 1.03207
64355 30.72 54.74 1.50e-19 1.03260
64358 35.61 53.80 1.45e-19 1.03340
64361 40.23 52.61 1.40e-19 1.03386
64364 44.55 51.21 1.33e-19 1.03425
64367 48.58 49.61 1.26e-19 1.03414
64370 52.30 47.83 1.17e-19 1.03353
64373 55.72 45.90 1.08e-19 1.03272
64376 58.87 43.83 9.89e-20 1.03145
64379 -31.37 46.31 1.05e-19 1.03235
64388 -28.18 48.44 1.15e-19 1.03357
64391 -24.68 50.43 1.24e-19 1.03411
64394 -20.85 52.27 1.32e-19 1.03421
64397 -16.66 53.94 1.40e-19 1.03397
64400 -12.12 55.41 1.46e-19 1.03323
64403 -7.23 56.66 1.52e-19 1.03224
64406 -2.00 57.66 1.56e-19 1.03110
64409 3.49 58.40 1.59e-19 1.03011
64412 9.19 58.85 1.61e-19 1.02937
64415 15.00 59.00 1.62e-19 1.02908
64418 20.81 58.85 1.61e-19 1.02937
64421 26.51 58.40 1.59e-19 1.03011
64424 32.00 57.66 1.56e-19 1.03110
64427 37.23 56.66 1.52e-19 1.03224
64430 42.12 55.41 1.46e-19 1.03323
64433 46.66 53.94 1.40e-19 1.03397
64436 50.85 52.27 1.32e-19 1.03421
64439 54.68 50.43 1.24e-19 1.03411
64442 58.18 48.44 1.15e-19 1.03357
64445 61.37 46.31 1.05e-19 1.03235
64451 -34.20 48.66 1.10e-19 1.03295
64454 -30.98 50.85 1.20e-19 1.03381
64457 -27.42 52.92 1.29e-19 1.03423
64460 -23.49 54.84 1.38e-19 1.03397
64463 -19.14 56.59 1.45e-19 1.03328
64466 -14.37 58.15 1.52e-19 1.03222
64469 -9.17 59.48 1.57e-19 1.03075
64472 -3.56 60.56 1.62e-19 1.02918
64475 2.41 61.35 1.65e-19 1.02763
64478 8.63 61.84 1.67e-19 1.02654
64481 15.00 62.00 1.67e-19 1.02608
64484 21.37 61.84 1.67e-19 1.02654
64487 27.59 61.35 1.65e-19 1.02763
64490 33.56 60.56 1.62e-19 1.02918
64493 39.17 59.48 1.57e-19 1.03075
64496 44.37 58.15 1.52e-19 1.03222
64499 49.14 56.59 1.45e-19 1.03328
64544 53.49 54.84 1.38e-19 1.03397
64592 57.42 52.92 1.29e-19 1.03423
64688 60.98 50.85 1.20e-19 1.03381
64772 64.20 48.66 1.10e-19 1.03295
64775 -37.39 50.87 1.14e-19 1.03360
64778 -34.18 53.14 1.24e-19 1.03419
64781 -30.59 55.29 1.34e-19 1.03414
64784 -26.57 57.31 1.42e-19 1.03370
64787 -22.08 59.16 1.50e-19 1.03257
64790 -17.07 60.82 1.56e-19 1.03105
64793 -11.53 62.26 1.62e-19 1.02919
64796 -5.47 63.42 1.66e-19 1.02691
64799 1.06 64.29 1.69e-19 1.02476
64802 7.93 64.82 1.71e-19 1.02303
64805 15.00 65.00 1.71e-19 1.02236
64808 22.07 64.82 1.71e-19 1.02303
64811 28.94 64.29 1.69e-19 1.02476
64814 35.47 63.42 1.66e-19 1.02691
64817 41.53 62.26 1.62e-19 1.02919
64820 47.07 60.82 1.56e-19 1.03105
64823 52.08 59.16 1.50e-19 1.03257
64826 56.57 57.31 1.42e-19 1.03370
64829 60.59 55.29 1.34e-19 1.03414
64835 64.18 53.14 1.24e-19 1.03419
64838 67.39 50.87 1.14e-19 1.03360
64841 -37.82 55.26 1.27e-19 1.03414
64844 -34.24 57.52 1.37e-19 1.03407
64847 -30.17 59.65 1.45e-19 1.03337
64850 -25.56 61.63 1.53e-19 1.03208
64853 -20.33 63.41 1.59e-19 1.03007
64856 -14.43 64.97 1.65e-19 1.02766
64859 -7.85 66.25 1.69e-19 1.02477
64862 -0.65 67.20 1.72e-19 1.02166
64865 7.04 67.80 1.73e-19 1.01905
64868 15.00 68.00 1.74e-19 1.01792
64871 22.96 67.80 1.73e-19 1.01905
64874 30.65 67.20 1.72e-19 1.02166
64877 37.85 66.25 1.69e-19 1.02477
64880 44.43 64.97 1.65e-19 1.02766
64883 50.33 63.41 1.59e-19 1.03007
64886 55.56 61.63 1.53e-19 1.03208
64889 60.17 59.65 1.45e-19 1.03337
64892 64.24 57.52 1.37e-19 1.03407
64895 67.82 55.26 1.27e-19 1.03414
64898 -41.94 57.20 1.29e-19 1.03419
64901 -38.43 59.57 1.39e-19 1.03392
64904 -34.39 61.83 1.47e-19 1.03306
64907 -29.72 63.95 1.55e-19 1.03156
64910 -24.30 65.88 1.61e-19 1.02933
64913 -18.05 67.59 1.67e-19 1.02650
64916 -10.90 69.01 1.71e-19 1.02301
64919 -2.88 70.09 1.73e-19 1.01903
64922 5.86 70.77 1.75e-19 1.01497
64925 15.00 71.00 1.75e-19 1.01272
64928 24.14 70.77 1.75e-19 1.01497
64931 32.88 70.09 1.73e-19 1.01903
64934 40.90 69.01 1.71e-19 1.02301
64937 48.05 67.59 1.67e-19 1.02650
64940 54.30 65.88 1.61e-19 1.02933
64943 59.72 63.95 1.55e-19 1.03156
64946 64.39 61.83 1.47e-19 1.03306
64949 68.43 59.57 1.39e-19 1.03392
64952 71.94 57.20 1.29e-19 1.03419
64955 -46.59 58.92 1.30e-19 1.03411
64958 -43.24 61.42 1.39e-19 1.03392
64961 -39.32 63.82 1.48e-19 1.03299
64964 -34.69 66.09 1.55e-19 1.03134
64967 -29.19 68.20 1.62e-19 1.02905
64970 -22.64 70.09 1.67e-19 1.02605
64973 -14.88 71.70 1.71e-19 1.02237
64976 -5.87 72.94 1.74e-19 1.01792
64979 4.23 73.73 1.75e-19 1.01272
64982 15.00 74.00 1.74e-19 1.00677
64985 25.77 73.73 1.75e-19 1.01272
64988 35.87 72.94 1.74e-19 1.01792
64991 44.88 71.70 1.71e-19 1.02237
64994 52.64 70.09 1.67e-19 1.02605
64997 59.19 68.20 1.62e-19 1.02905
65000 64.69 66.09 1.55e-19 1.03134
65003 69.32 63.82 1.48e-19 1.03299
65006 73.24 61.42 1.39e-19 1.03392
65009 76.59 58.92 1.30e-19 1.03411
65012 -51.77 60.39 1.29e-19 1.03415
65015 -48.69 63.02 1.39e-19 1.03406
65018 -45.03 65.56 1.47e-19 1.03305
65027 -40.62 68.01 1.55e-19 1.03154
65030 -35.21 70.32 1.61e-19 1.02939
65033 -28.52 72.43 1.67e-19 1.02652
65036 -20.23 74.26 1.71e-19 1.02301
65039 -10.07 75.72 1.73e-19 1.01904
65042 1.88 76.67 1.75e-19 1.01497
65045 15.00 77.00 1.75e-19 1.01272
65048 28.12 76.67 1.75e-19 1.01497
65051 40.07 75.72 1.73e-19 1.01904
65054 50.23 74.26 1.71e-19 1.02301
65057 58.52 72.43 1.67e-19 1.02652
65060 65.21 70.32 1.61e-19 1.02939
65063 70.62 68.01 1.55e-19 1.03154
65066 75.03 65.56 1.47e-19 1.03305
65069 78.69 63.02 1.39e-19 1.03406
65072 81.77 60.39 1.29e-19 1.03415
65075 -57.47 61.57 1.27e-19 1.03421
65078 -54.80 64.32 1.37e-19 1.03413
65081 -51.58 67.01 1.45e-19 1.03333
65084 -47.61 69.63 1.53e-19 1.03200
65087 -42.61 72.15 1.59e-19 1.03008
65090 -36.13 74.51 1.65e-19 1.02762
65093 -27.58 76.63 1.69e-19 1.02473
65096 -16.27 78.38 1.72e-19 1.02168
65099 -1.81 79.57 1.73e-19 1.01905
65102 15.00 80.00 1.74e-19 1.01792
65105 31.81 79.57 1.73e-19 1.01905
65108 46.27 78.38 1.72e-19 1.02168
65111 57.58 76.63 1.69e-19 1.02473
65114 66.13 74.51 1.65e-19 1.02762
65117 72.61 72.15 1.59e-19 1.03008
65120 77.61 69.63 1.53e-19 1.03200
65123 81.58 67.01 1.45e-19 1.03333
65126 84.80 64.32 1.37e-19 1.03413
65129 87.47 61.57 1.27e-19 1.03421
65132 -65.42 59.53 1.14e-19 1.03340
65135 -63.62 62.41 1.24e-19 1.03402
65138 -61.49 65.27 1.34e-19 1.03416
65141 -58.92 68.10 1.42e-19 1.03367
65144 -55.70 70.89 1.50e-19 1.03270
65147 -51.53 73.61 1.56e-19 1.03112
65150 -45.89 76.23 1.62e-19 1.02914
65153 -37.87 78.68 1.66e-19 1.02693
65156 -25.98 80.83 1.69e-19 1.02473
65159 -8.31 82.40 1.71e-19 1.02302
65162 15.00 83.00 1.71e-19 1.02236
65165 38.31 82.40 1.71e-19 1.02302
65168 55.98 80.83 1.69e-19 1.02473
65171 67.87 78.68 1.66e-19 1.02693
65174 75.89 76.23 1.62e-19 1.02914
65177 81.53 73.61 1.56e-19 1.03112
65180 85.70 70.89 1.50e-19 1.03270
65183 88.92 68.10 1.42e-19 1.03367
65186 91.49 65.27 1.34e-19 1.03416
65189 93.62 62.41 1.24e-19 1.03402
65192 95.42 59.53 1.14e-19 1.03340
65195 -71.35 59.93 1.10e-19 1.03294
65198 -70.10 62.89 1.20e-19 1.03379
65201 -68.64 65.84 1.29e-19 1.03418
65204 -66.90 68.78 1.38e-19 1.03406
65207 -64.74 71.70 1.45e-19 1.03337
65210 -61.92 74.59 1.52e-19 1.03220
65213 -57.99 77.44 1.57e-19 1.03076
65219 -52.04 80.22 1.62e-19 1.02915
65222 -41.87 82.83 1.65e-19 1.02763
65225 -22.03 85.01 1.67e-19 1.02653
65228 15.00 86.00 1.67e-19 1.02608
65231 52.03 85.01 1.67e-19 1.02653
65234 71.87 82.83 1.65e-19 1.02763
65237 82.04 80.22 1.62e-19 1.02915
65240 87.99 77.44 1.57e-19 1.03076
65243 91.92 74.59 1.52e-19 1.03220
65246 94.74 71.70 1.45e-19 1.03337
65249 96.90 68.78 1.38e-19 1.03406
65252 98.64 65.84 1.29e-19 1.03418
65255 100.10 62.89 1.20e-19 1.03379
65258 101.35 59.93 1.10e-19 1.03294
65261 -77.40 59.97 1.05e-19 1.03234
65264 -76.74 62.99 1.15e-19 1.03356
65267 -76.03 66.00 1.24e-19 1.03417
65270 -75.25 69.00 1.32e-19 1.03421
65273 -74.36 72.00 1.40e-19 1.03390
65276 -73.29 74.99 1.46e-19 1.03316
65279 -71.91 77.98 1.52e-19 1.03220
65282 -69.91 80.96 1.56e-19 1.03109
65285 -66.36 83.93 1.59e-19 1.03009
65288 -56.94 86.84 1.61e-19 1.02936
65291 15.00 89.00 1.62e-19 1.02908
65294 86.94 86.84 1.61e-19 1.02936
65297 96.36 83.93 1.59e-19 1.03009
65300 99.91 80.96 1.56e-19 1.03109
65303 101.91 77.98 1.52e-19 1.03220
65306 103.29 74.99 1.46e-19 1.03316
65309 104.36 72.00 1.40e-19 1.03390
65312 105.25 69.00 1.32e-19 1.03421
65315 106.03 66.00 1.24e-19 1.03417
65318 106.74 62.99 1.15e-19 1.03356
65321 107.40 59.97 1.05e-19 1.03234
65324 -83.42 59.64 9.89e-20 1.03144
65327 -83.36 62.69 1.08e-19 1.03287
65330 -83.40 65.72 1.17e-19 1.03365
65333 -83.60 68.75 1.26e-19 1.03419
65336 -84.03 71.77 1.33e-19 1.03428
65339 -84.82 74.77 1.40e-19 1.03386
65342 -86.22 77.76 1.45e-19 1.03330
65345 -88.82 80.73 1.50e-19 1.03266
65348 -94.24 83.64 1.53e-19 1.03199
65351 -109.00 86.38 1.55e-19 1.03154
65354 -165.00 88.00 1.55e-19 1.03138
65357 139.00 86.38 1.55e-19 1.03154
65360 124.24 83.64 1.53e-19 1.03199
65363 118.82 80.73 1.50e-19 1.03266
65366 116.22 77.76 1.45e-19 1.03330
65369 114.82 74.77 1.40e-19 1.03386
65372 114.03 71.77 1.33e-19 1.03428
65375 113.60 68.75 1.26e-19 1.03419
65378 113.40 65.72 1.17e-19 1.03365
65381 113.36 62.69 1.08e-19 1.03287
65384 113.42 59.64 9.89e-20 1.03144
65387 -90.51 65.03 1.10e-19 1.03290
65390 -91.61 68.04 1.18e-19 1.03375
65393 -93.21 71.02 1.26e-19 1.03426
65396 -95.59 73.95 1.32e-19 1.03423
65399 -99.24 76.82 1.38e-19 1.03404
65402 -105.13 79.58 1.42e-19 1.03372
65405 -115.34 82.12 1.45e-19 1.03340
65408 -134.13 84.15 1.47e-19 1.03318
65411 -165.00 85.00 1.48e-19 1.03300
65414 164.13 84.15 1.47e-19 1.03318
65417 145.34 82.12 1.45e-19 1.03340
65420 135.13 79.58 1.42e-19 1.03372
65423 129.24 76.82 1.38e-19 1.03404
65426 125.59 73.95 1.32e-19 1.03423
65429 123.21 71.02 1.26e-19 1.03426
65432 121.61 68.04 1.18e-19 1.03375
65435 120.51 65.03 1.10e-19 1.03290
65438 -101.49 69.80 1.17e-19 1.03367
65441 -105.01 72.61 1.24e-19 1.03411
65444 -110.04 75.29 1.29e-19 1.03421
65447 -117.41 77.77 1.34e-19 1.03424
65450 -128.42 79.90 1.37e-19 1.03409
65453 -144.45 81.43 1.39e-19 1.03405
65456 -165.00 82.00 1.39e-19 1.03394
65459 174.45 81.43 1.39e-19 1.03405
65462 158.42 79.90 1.37e-19 1.03409
65465 147.41 77.77 1.34e-19 1.03424
65468 140.04 75.29 1.29e-19 1.03421
65471 135.01 72.61 1.24e-19 1.03411
65474 131.49 69.80 1.17e-19 1.03367
65477 -118.54 73.33 1.20e-19 1.03384
65480 -126.21 75.54 1.24e-19 1.03410
65483 -136.50 77.35 1.27e-19 1.03428
65486 -149.69 78.56 1.29e-19 1.03411
65489 -165.00 79.00 1.30e-19 1.03423
65492 179.69 78.56 1.29e-19 1.03411
65495 166.50 77.35 1.27e-19 1.03428
65498 156.21 75.54 1.24e-19 1.03410
65501 148.54 73.33 1.20e-19 1.03384
65504 -141.78 74.62 1.17e-19 1.03357
65507 -152.81 75.64 1.19e-19 1.03372
65510 -165.00 76.00 1.20e-19 1.03388
65513 -177.19 75.64 1.19e-19 1.03372
65516 171.78 74.62 1.17e-19 1.03357
65519 -154.87 72.69 1.09e-19 1.03268
65522 -165.00 73.00 1.09e-19 1.03291
65525 -175.13 72.69 1.09e-19 1.03268
65528 -165.00 70.00 9.89e-20 1.03136
65531 -165.00 67.00 8.82e-20 1.02925
57281 15.00 -74.00 -9.37e-20 -0.09373
62981 15.00 -90.00 -1.44e-19 -0.14381
