  Year  Month   Day  Hour  Minute  Second    foF2 (MHz)   foF2 POLAN Error (MHz)   hmF2 (km)
  2011    10    07    00     00      00         5.289            0.130               286.8
  2011    10    07    00     10      00         6.463            0.253               311.5
  2011    10    07    00     20      00         6.828            0.115               307.1
  2011    10    07    00     30      00         6.732            0.234               331.3
  2011    10    07    00     40      00         6.528            0.241               339.1
  2011    10    07    00     50      00         5.334            0.227               315.1
  2011    10    07    01     00      00         5.613            0.487               344.5
  2011    10    07    01     10      00         4.864            0.363               325.8
  2011    10    07    01     20      00         5.010            0.217               320.4
  2011    10    07    01     30      00         5.291            0.261               309.4
  2011    10    07    01     40      00         5.412            0.159               330.3
  2011    10    07    01     50      00         5.780            0.119               305.1
  2011    10    07    02     00      00         5.716            0.200               333.8
  2011    10    07    02     10      00         5.710            0.241               319.9
  2011    10    07    02     20      00         6.052            0.295               338.8
  2011    10    07    02     30      00         4.953            0.160               312.3
  2011    10    07    02     40      00         4.929            0.189               300.3
  2011    10    07    02     50      00         4.774            0.218               292.5
  2011    10    07    03     00      00         4.641            0.171               314.2
  2011    10    07    03     10      00         5.394            0.393               344.1
  2011    10    07    03     20      00         5.283            0.246               325.7
  2011    10    07    03     30      00         4.894            0.419               321.1
  2011    10    07    03     40      00         4.935            0.218               329.2
  2011    10    07    03     50      00         5.597            0.511               327.9
  2011    10    07    04     00      00         5.227            0.249               328.2
  2011    10    07    04     10      00         5.284            0.293               330.8
  2011    10    07    04     20      00         5.438            0.387               319.9
  2011    10    07    04     30      00         5.643            0.289               322.7
  2011    10    07    04     40      00         5.020            0.212               326.4
  2011    10    07    04     50      00         5.090            0.083               309.9
  2011    10    07    05     00      00         5.129            0.242               314.9
  2011    10    07    05     10      00         5.127            0.193               321.6
  2011    10    07    05     20      00         4.982            0.298               326.7
  2011    10    07    05     30      00         5.430            0.435               333.4
  2011    10    07    05     40      00         5.670            0.308               319.6
  2011    10    07    05     50      00         5.320            0.150               315.0
  2011    10    07    06     00      00         5.318            0.175               311.2
  2011    10    07    06     10      00         5.572            0.252               316.9
  2011    10    07    06     20      00         4.984            0.057               319.5
  2011    10    07    06     30      00         5.124            0.350               327.8
  2011    10    07    06     40      00         5.277            0.326               319.3
  2011    10    07    06     50      00         5.481            0.402               336.1
  2011    10    07    07     00      00         5.068            0.372               298.8
  2011    10    07    07     10      00         4.621            0.174               309.8
  2011    10    07    07     20      00         4.307            0.210               294.8
  2011    10    07    07     30      00       999.999           99.999              9999.9
  2011    10    07    07     40      00       999.999           99.999              9999.9
  2011    10    07    07     50      00       999.999           99.999              9999.9
  2011    10    07    08     00      00       999.999           99.999              9999.9
  2011    10    07    08     10      00       999.999           99.999              9999.9
  2011    10    07    08     20      00       999.999           99.999              9999.9
  2011    10    07    08     30      00       999.999           99.999              9999.9
  2011    10    07    08     40      00       999.999           99.999              9999.9
  2011    10    07    08     50      00       999.999           99.999              9999.9
  2011    10    07    09     00      00         6.030            0.180               292.6
  2011    10    07    09     10      00       999.999           99.999              9999.9
  2011    10    07    09     20      00       999.999           99.999              9999.9
  2011    10    07    09     30      00       999.999           99.999              9999.9
  2011    10    07    09     40      00       999.999           99.999              9999.9
  2011    10    07    09     50      00       999.999           99.999              9999.9
  2011    10    07    10     00      00       999.999           99.999              9999.9
  2011    10    07    10     10      00       999.999           99.999              9999.9
  2011    10    07    10     20      00       999.999           99.999              9999.9
  2011    10    07    10     30      00       999.999           99.999              9999.9
  2011    10    07    10     40      00       999.999           99.999              9999.9
  2011    10    07    10     50      00       999.999           99.999              9999.9
  2011    10    07    11     00      00       999.999           99.999              9999.9
  2011    10    07    11     10      00         4.486            0.236               324.6
  2011    10    07    11     20      00         4.164            0.123               305.6
  2011    10    07    11     30      00         4.657            0.209               318.5
  2011    10    07    11     40      00         4.298            0.540               288.5
  2011    10    07    11     50      00         4.246            0.218               284.7
  2011    10    07    12     00      00       999.999           99.999              9999.9
  2011    10    07    12     10      00         4.521            0.163               300.4
  2011    10    07    12     20      00         4.271            0.182               311.7
  2011    10    07    12     30      00         4.626            0.250               294.6
  2011    10    07    12     40      00         4.229            0.177               293.6
  2011    10    07    12     50      00       999.999           99.999              9999.9
  2011    10    07    13     00      00       999.999           99.999              9999.9
  2011    10    07    13     10      00       999.999           99.999              9999.9
  2011    10    07    13     20      00       999.999           99.999              9999.9
  2011    10    07    13     30      00       999.999           99.999              9999.9
  2011    10    07    13     40      00       999.999           99.999              9999.9
  2011    10    07    13     50      00         4.838            0.164               301.1
  2011    10    07    14     00      00         5.002            0.178               288.0
  2011    10    07    14     10      00         6.440            0.109               304.3
  2011    10    07    14     20      00         6.249            0.160               299.7
  2011    10    07    14     30      00         5.852            0.127               277.2
  2011    10    07    14     40      00         5.881            0.406               306.3
  2011    10    07    14     50      00         5.741            0.179               275.3
  2011    10    07    15     00      00         6.273            0.264               287.4
  2011    10    07    15     10      00         7.283            0.236               294.3
  2011    10    07    15     20      00         6.940            0.207               284.2
  2011    10    07    15     30      00         7.122            0.101               293.5
  2011    10    07    15     40      00         7.242            0.249               290.6
  2011    10    07    15     50      00         7.263            0.264               290.5
  2011    10    07    16     00      00         7.362            0.309               302.9
  2011    10    07    16     10      00         7.038            0.132               285.6
  2011    10    07    16     20      00         6.876            0.231               282.0
  2011    10    07    16     30      00         7.143            0.365               304.3
  2011    10    07    16     40      00         7.288            0.280               299.9
  2011    10    07    16     50      00         7.761            0.481               288.8
  2011    10    07    17     00      00         7.260            0.260               276.2
  2011    10    07    17     10      00         6.952            0.308               284.4
  2011    10    07    17     20      00         7.651            0.224               283.3
  2011    10    07    17     30      00         7.660            0.230               288.1
  2011    10    07    17     40      00         6.984            0.164               275.1
  2011    10    07    17     50      00       999.999           99.999              9999.9
  2011    10    07    18     00      00       999.999           99.999              9999.9
  2011    10    07    18     10      00       999.999           99.999              9999.9
  2011    10    07    18     20      00       999.999           99.999              9999.9
  2011    10    07    18     30      00       999.999           99.999              9999.9
  2011    10    07    18     40      00       999.999           99.999              9999.9
  2011    10    07    18     50      00         7.574            0.211               264.4
  2011    10    07    19     00      00         7.240            0.327               289.1
  2011    10    07    19     10      00         6.594            0.249               277.5
  2011    10    07    19     20      00         6.279            0.193               288.9
  2011    10    07    19     30      00         6.382            0.226               267.2
  2011    10    07    19     40      00         6.733            0.223               308.3
  2011    10    07    19     50      00         7.701            0.193               273.4
  2011    10    07    20     00      00         8.868            0.182               301.9
  2011    10    07    20     10      00         9.205            0.197               294.4
  2011    10    07    20     20      00         9.068            0.222               292.4
  2011    10    07    20     30      00         8.158            0.163               292.6
  2011    10    07    20     40      00         7.257            0.190               285.5
  2011    10    07    20     50      00       999.999           99.999              9999.9
  2011    10    07    21     00      00       999.999           99.999              9999.9
  2011    10    07    21     10      00       999.999           99.999              9999.9
  2011    10    07    21     20      00       999.999           99.999              9999.9
  2011    10    07    21     30      00         7.389            0.395               298.2
  2011    10    07    21     40      00         6.990            0.440               311.1
  2011    10    07    21     50      00       999.999           99.999              9999.9
  2011    10    07    22     00      00       999.999           99.999              9999.9
  2011    10    07    22     10      00       999.999           99.999              9999.9
  2011    10    07    22     20      00       999.999           99.999              9999.9
  2011    10    07    22     30      00       999.999           99.999              9999.9
  2011    10    07    22     40      00       999.999           99.999              9999.9
  2011    10    07    22     50      00       999.999           99.999              9999.9
  2011    10    07    23     00      00       999.999           99.999              9999.9
  2011    10    07    23     10      00       999.999           99.999              9999.9
  2011    10    07    23     20      00         6.835            0.190               283.9
  2011    10    07    23     30      00         6.901            0.244               303.2
  2011    10    07    23     40      00         6.977            0.239               306.1
  2011    10    07    23     50      00         6.640            0.148               281.5
  2011    10    08    00     00      00         6.067            0.254               317.0
  2011    10    08    00     10      00         6.258            0.123               311.0
  2011    10    08    00     20      00         6.422            0.196               310.9
  2011    10    08    00     30      00         6.437            0.277               311.2
  2011    10    08    00     40      00         6.352            0.297               313.2
  2011    10    08    00     50      00         6.032            0.185               296.4
  2011    10    08    01     00      00         6.022            0.174               287.5
  2011    10    08    01     10      00         6.129            0.258               285.4
  2011    10    08    01     20      00         5.956            0.071               290.0
  2011    10    08    01     30      00         6.632            0.441               306.4
  2011    10    08    01     40      00         6.485            0.249               287.2
  2011    10    08    01     50      00         6.428            0.281               301.9
  2011    10    08    02     00      00         5.672            0.233               263.8
  2011    10    08    02     10      00         5.885            0.101               298.9
  2011    10    08    02     20      00         6.234            0.202               284.8
  2011    10    08    02     30      00         6.150            0.222               292.6
  2011    10    08    02     40      00         5.931            0.166               282.4
  2011    10    08    02     50      00       999.999           99.999              9999.9
  2011    10    08    03     00      00       999.999           99.999              9999.9
  2011    10    08    03     10      00       999.999           99.999              9999.9
  2011    10    08    03     20      00         5.650            0.153               306.3
  2011    10    08    03     30      00         5.768            0.496               316.3
  2011    10    08    03     40      00         5.709            0.275               307.5
  2011    10    08    03     50      00         5.635            0.198               308.0
  2011    10    08    04     00      00         5.732            0.185               310.4
  2011    10    08    04     10      00         5.501            0.274               319.1
  2011    10    08    04     20      00         5.605            0.508               307.3
  2011    10    08    04     30      00         5.719            0.225               316.1
  2011    10    08    04     40      00         4.789            0.284               312.8
  2011    10    08    04     50      00         5.111            0.325               322.9
  2011    10    08    05     00      00         4.406            0.188               304.9
  2011    10    08    05     10      00         4.389            0.147               304.8
  2011    10    08    05     20      00         4.445            0.137               294.6
  2011    10    08    05     30      00         5.287            0.144               305.9
  2011    10    08    05     40      00         5.208            0.147               303.7
  2011    10    08    05     50      00         4.733            0.334               298.8
  2011    10    08    06     00      00         4.958            0.204               285.4
  2011    10    08    06     10      00         5.059            0.237               292.0
  2011    10    08    06     20      00         4.476            0.217               286.3
  2011    10    08    06     30      00         4.995            0.269               321.0
  2011    10    08    06     40      00         4.972            0.151               328.0
  2011    10    08    06     50      00         4.733            0.322               321.8
  2011    10    08    07     00      00       999.999           99.999              9999.9
  2011    10    08    07     10      00         4.271            0.313               330.7
  2011    10    08    07     20      00       999.999           99.999              9999.9
  2011    10    08    07     30      00         4.299            0.347               348.1
  2011    10    08    07     40      00         3.702            0.117               285.8
  2011    10    08    07     50      00         4.065            0.124               306.9
  2011    10    08    08     00      00         4.082            0.139               306.9
  2011    10    08    08     10      00         4.015            0.192               321.5
  2011    10    08    08     20      00         3.687            0.142               319.9
  2011    10    08    08     30      00         3.570            0.235               317.6
  2011    10    08    08     40      00         3.480            0.084               301.5
  2011    10    08    08     50      00         3.520            0.085               303.5
  2011    10    08    09     00      00         3.604            0.168               315.4
  2011    10    08    09     10      00         3.586            0.103               305.7
  2011    10    08    09     20      00         3.535            0.168               292.5
  2011    10    08    09     30      00         4.649            0.211               330.2
  2011    10    08    09     40      00         4.740            0.201               323.9
  2011    10    08    09     50      00         5.592            0.136               313.9
  2011    10    08    10     00      00         5.317            0.204               285.8
  2011    10    08    10     10      00         5.020            0.136               275.1
  2011    10    08    10     20      00       999.999           99.999              9999.9
  2011    10    08    10     30      00         5.072            0.193               312.1
  2011    10    08    10     40      00         5.314            0.189               315.4
  2011    10    08    10     50      00         5.236            0.163               297.6
  2011    10    08    11     00      00         4.888            0.167               292.9
  2011    10    08    11     10      00       999.999           99.999              9999.9
  2011    10    08    11     20      00       999.999           99.999              9999.9
  2011    10    08    11     30      00       999.999           99.999              9999.9
  2011    10    08    11     40      00       999.999           99.999              9999.9
  2011    10    08    11     50      00       999.999           99.999              9999.9
  2011    10    08    12     00      00       999.999           99.999              9999.9
  2011    10    08    12     10      00       999.999           99.999              9999.9
  2011    10    08    12     20      00       999.999           99.999              9999.9
  2011    10    08    12     30      00       999.999           99.999              9999.9
  2011    10    08    12     40      00       999.999           99.999              9999.9
  2011    10    08    12     50      00       999.999           99.999              9999.9
  2011    10    08    13     00      00       999.999           99.999              9999.9
  2011    10    08    13     10      00       999.999           99.999              9999.9
  2011    10    08    13     20      00       999.999           99.999              9999.9
  2011    10    08    13     30      00       999.999           99.999              9999.9
  2011    10    08    13     40      00       999.999           99.999              9999.9
  2011    10    08    13     50      00       999.999           99.999              9999.9
  2011    10    08    14     00      00       999.999           99.999              9999.9
  2011    10    08    14     10      00         6.631            0.244               301.0
  2011    10    08    14     20      00         6.394            0.160               295.7
  2011    10    08    14     30      00         6.695            0.188               300.4
  2011    10    08    14     40      00         6.851            0.331               310.7
  2011    10    08    14     50      00         7.376            0.360               314.9
  2011    10    08    15     00      00         7.233            0.319               306.6
  2011    10    08    15     10      00         7.071            0.301               314.9
  2011    10    08    15     20      00         7.213            0.172               300.4
  2011    10    08    15     30      00         7.573            0.306               305.7
  2011    10    08    15     40      00         7.615            0.164               280.7
  2011    10    08    15     50      00         7.579            0.209               280.2
  2011    10    08    16     00      00         7.484            0.195               270.7
  2011    10    08    16     10      00         7.906            0.268               278.6
  2011    10    08    16     20      00         6.966            0.199               279.1
  2011    10    08    16     30      00         6.620            0.289               281.2
  2011    10    08    16     40      00         6.095            0.016               272.2
  2011    10    08    16     50      00         5.818            0.203               280.5
  2011    10    08    17     00      00         6.352            0.182               288.0
  2011    10    08    17     10      00         6.412            0.248               294.9
  2011    10    08    17     20      00         6.302            0.239               290.5
  2011    10    08    17     30      00         6.019            0.126               273.4
  2011    10    08    17     40      00         6.302            0.266               281.3
  2011    10    08    17     50      00         6.472            0.285               269.2
  2011    10    08    18     00      00         6.852            0.193               291.7
  2011    10    08    18     10      00         7.300            0.191               273.0
  2011    10    08    18     20      00         6.967            0.118               273.9
  2011    10    08    18     30      00         6.313            0.085               267.3
  2011    10    08    18     40      00         9.240            0.279               281.2
  2011    10    08    18     50      00         6.118            0.185               284.4
  2011    10    08    19     00      00         5.699            0.244               280.0
  2011    10    08    19     10      00         5.811            0.230               282.4
  2011    10    08    19     20      00         6.180            0.162               275.1
  2011    10    08    19     30      00         7.445            0.273               261.7
  2011    10    08    19     40      00         7.092            0.229               275.1
  2011    10    08    19     50      00         7.059            0.180               280.7
  2011    10    08    20     00      00         7.035            0.279               270.4
  2011    10    08    20     10      00         6.131            0.419               236.8
  2011    10    08    20     20      00       999.999           99.999              9999.9
  2011    10    08    20     30      00       999.999           99.999              9999.9
  2011    10    08    20     40      00       999.999           99.999              9999.9
  2011    10    08    20     50      00       999.999           99.999              9999.9
  2011    10    08    21     00      00       999.999           99.999              9999.9
  2011    10    08    21     10      00       999.999           99.999              9999.9
  2011    10    08    21     20      00       999.999           99.999              9999.9
  2011    10    08    21     30      00       999.999           99.999              9999.9
  2011    10    08    21     40      00         6.681            0.277               301.8
  2011    10    08    21     50      00         6.171            0.327               287.9
  2011    10    08    22     00      00         6.161            0.222               288.3
  2011    10    08    22     10      00         6.214            0.218               296.9
  2011    10    08    22     20      00         6.044            0.219               315.9
  2011    10    08    22     30      00         6.438            0.203               273.3
  2011    10    08    22     40      00       999.999           99.999              9999.9
  2011    10    08    22     50      00       999.999           99.999              9999.9
  2011    10    08    23     00      00       999.999           99.999              9999.9
  2011    10    08    23     10      00       999.999           99.999              9999.9
  2011    10    08    23     20      00       999.999           99.999              9999.9
  2011    10    08    23     30      00         6.291            0.281               290.0
  2011    10    08    23     40      00         5.649            0.304               303.5
  2011    10    08    23     50      00         5.689            0.227               310.2
  2011    10    09    00     00      00         6.643            0.536               320.0
  2011    10    09    00     10      00         5.919            0.299               322.2
  2011    10    09    00     20      00         5.971            0.265               321.2
  2011    10    09    00     30      00         5.867            0.401               326.8
  2011    10    09    00     40      00         6.281            0.618               353.9
  2011    10    09    00     50      00         6.054            0.260               307.8
  2011    10    09    01     00      00         6.830            0.212               282.6
  2011    10    09    01     10      00         5.331            0.193               288.9
  2011    10    09    01     20      00       999.999           99.999              9999.9
  2011    10    09    01     30      00         6.190            0.269               329.5
  2011    10    09    01     40      00         5.918            0.205               312.9
  2011    10    09    01     50      00         7.180            0.226               303.8
  2011    10    09    02     00      00         7.561            0.137               306.7
  2011    10    09    02     10      00         6.996            0.498               291.6
  2011    10    09    02     20      00         6.330            0.042               271.5
  2011    10    09    02     30      00         5.315            0.459               293.4
  2011    10    09    02     40      00         5.926            0.417               290.8
  2011    10    09    02     50      00         4.741            0.180               288.9
  2011    10    09    03     00      00         4.913            0.166               289.4
  2011    10    09    03     10      00         6.075            0.290               322.1
  2011    10    09    03     20      00         7.137            0.276               315.3
  2011    10    09    03     30      00         5.508            0.182               319.0
  2011    10    09    03     40      00         5.444            0.219               302.5
  2011    10    09    03     50      00         5.194            0.269               322.4
  2011    10    09    04     00      00         6.014            0.226               332.3
  2011    10    09    04     10      00         5.946            0.225               325.1
  2011    10    09    04     20      00         6.256            0.224               313.3
  2011    10    09    04     30      00         6.057            0.266               333.5
  2011    10    09    04     40      00         6.486            0.230               331.1
  2011    10    09    04     50      00         5.795            0.389               334.5
  2011    10    09    05     00      00         5.467            0.452               316.3
  2011    10    09    05     10      00         6.472            0.528               327.6
  2011    10    09    05     20      00         6.578            0.247               326.3
  2011    10    09    05     30      00         6.657            0.502               328.8
  2011    10    09    05     40      00         5.796            0.222               324.6
  2011    10    09    05     50      00         5.206            0.202               309.7
  2011    10    09    06     00      00         6.916            0.249               310.7
  2011    10    09    06     10      00         7.365            0.209               304.6
  2011    10    09    06     20      00         5.858            0.225               290.7
  2011    10    09    06     30      00         5.934            0.235               323.3
  2011    10    09    06     40      00         6.522            0.263               311.8
  2011    10    09    06     50      00       999.999           99.999              9999.9
  2011    10    09    07     00      00       999.999           99.999              9999.9
  2011    10    09    07     10      00       999.999           99.999              9999.9
  2011    10    09    07     20      00       999.999           99.999              9999.9
  2011    10    09    07     30      00       999.999           99.999              9999.9
  2011    10    09    07     40      00       999.999           99.999              9999.9
  2011    10    09    07     50      00         3.904            0.195               333.7
  2011    10    09    08     00      00         5.040            0.188               322.6
  2011    10    09    08     10      00         5.271            0.265               333.8
  2011    10    09    08     20      00         7.024            0.173               308.7
  2011    10    09    08     30      00         4.295            0.192               309.0
  2011    10    09    08     40      00         3.667            0.171               298.2
  2011    10    09    08     50      00         4.038            0.174               323.1
  2011    10    09    09     00      00         4.136            0.213               313.2
  2011    10    09    09     10      00         4.412            0.223               323.9
  2011    10    09    09     20      00         3.839            0.213               314.9
  2011    10    09    09     30      00         4.690            0.381               342.8
  2011    10    09    09     40      00         4.483            0.214               334.5
  2011    10    09    09     50      00         4.716            0.132               313.8
  2011    10    09    10     00      00       999.999           99.999              9999.9
  2011    10    09    10     10      00       999.999           99.999              9999.9
  2011    10    09    10     20      00       999.999           99.999              9999.9
  2011    10    09    10     30      00         3.665            0.145               322.3
  2011    10    09    10     40      00         3.864            0.231               321.2
  2011    10    09    10     50      00         3.787            0.186               312.4
  2011    10    09    11     00      00         3.564            0.129               294.1
  2011    10    09    11     10      00       999.999           99.999              9999.9
  2011    10    09    11     20      00       999.999           99.999              9999.9
  2011    10    09    11     30      00       999.999           99.999              9999.9
  2011    10    09    11     40      00       999.999           99.999              9999.9
  2011    10    09    11     50      00       999.999           99.999              9999.9
  2011    10    09    12     00      00       999.999           99.999              9999.9
  2011    10    09    12     10      00       999.999           99.999              9999.9
  2011    10    09    12     20      00         3.992            0.092               293.4
  2011    10    09    12     30      00         4.255            0.167               292.1
  2011    10    09    12     40      00         3.744            0.138               289.1
  2011    10    09    12     50      00         4.105            0.188               300.9
  2011    10    09    13     00      00         4.250            0.152               298.4
  2011    10    09    13     10      00         4.246            0.125               305.3
  2011    10    09    13     20      00         4.269            0.152               306.4
  2011    10    09    13     30      00         4.347            0.222               314.6
  2011    10    09    13     40      00         4.497            0.237               326.8
  2011    10    09    13     50      00         4.618            0.231               321.1
  2011    10    09    14     00      00         4.789            0.222               333.1
  2011    10    09    14     10      00         4.714            0.174               320.7
  2011    10    09    14     20      00         4.948            0.214               325.3
  2011    10    09    14     30      00         5.152            0.225               317.9
  2011    10    09    14     40      00         5.177            0.233               320.5
  2011    10    09    14     50      00         4.961            0.148               312.9
  2011    10    09    15     00      00         5.460            0.189               324.0
  2011    10    09    15     10      00         4.927            0.102               319.3
  2011    10    09    15     20      00         5.914            0.202               326.2
  2011    10    09    15     30      00         6.500            0.163               317.3
  2011    10    09    15     40      00         5.216            0.105               303.1
  2011    10    09    15     50      00         5.764            0.243               301.9
  2011    10    09    16     00      00         5.065            0.078               283.5
  2011    10    09    16     10      00         5.325            0.190               312.5
  2011    10    09    16     20      00         4.580            0.226               289.0
  2011    10    09    16     30      00         5.206            0.106               299.1
  2011    10    09    16     40      00         5.974            0.223               308.6
  2011    10    09    16     50      00         5.795            0.224               292.8
  2011    10    09    17     00      00         5.617            0.232               300.3
  2011    10    09    17     10      00         5.593            0.216               297.5
  2011    10    09    17     20      00         5.720            0.218               313.4
  2011    10    09    17     30      00         5.498            0.122               267.3
  2011    10    09    17     40      00       999.999           99.999              9999.9
  2011    10    09    17     50      00       999.999           99.999              9999.9
  2011    10    09    18     00      00         5.290            0.133               296.0
  2011    10    09    18     10      00         7.134            0.225               323.0
  2011    10    09    18     20      00         6.827            0.126               305.4
  2011    10    09    18     30      00         7.148            0.317               313.6
  2011    10    09    18     40      00         6.124            0.286               299.6
  2011    10    09    18     50      00         5.347            0.267               297.6
  2011    10    09    19     00      00         4.915            0.174               295.0
  2011    10    09    19     10      00         5.240            0.310               295.7
  2011    10    09    19     20      00         5.538            0.175               306.8
  2011    10    09    19     30      00         5.710            0.257               305.6
  2011    10    09    19     40      00         5.750            0.329               310.6
  2011    10    09    19     50      00         5.829            0.292               313.8
  2011    10    09    20     00      00         5.864            0.216               303.4
  2011    10    09    20     10      00         6.272            0.157               296.7
  2011    10    09    20     20      00         6.067            0.218               301.6
  2011    10    09    20     30      00         5.974            0.137               299.5
  2011    10    09    20     40      00         5.821            0.167               292.9
  2011    10    09    20     50      00         6.140            0.293               307.0
  2011    10    09    21     00      00         6.016            0.194               281.7
  2011    10    09    21     10      00         6.194            0.069               283.2
  2011    10    09    21     20      00         6.248            0.097               278.2
  2011    10    09    21     30      00         6.692            0.209               302.9
  2011    10    09    21     40      00         6.410            0.091               301.0
  2011    10    09    21     50      00         6.569            0.256               309.8
  2011    10    09    22     00      00         6.291            0.413               274.8
  2011    10    09    22     10      00         7.022            0.341               297.6
  2011    10    09    22     20      00         6.065            0.182               276.6
  2011    10    09    22     30      00         6.349            0.262               270.6
  2011    10    09    22     40      00         7.313            0.494               295.4
  2011    10    09    22     50      00         7.589            0.253               286.2
  2011    10    09    23     00      00         6.241            0.141               285.0
  2011    10    09    23     10      00         6.181            0.267               315.5
  2011    10    09    23     20      00         6.222            0.225               304.4
  2011    10    09    23     30      00         6.468            0.251               303.8
  2011    10    09    23     40      00         6.255            0.235               309.3
  2011    10    09    23     50      00         6.203            0.201               300.0
  2011    10    10    00     00      00         6.398            0.299               311.4
  2011    10    10    00     10      00         6.736            0.280               329.0
  2011    10    10    00     20      00         5.921            0.282               295.6
  2011    10    10    00     30      00         6.713            0.235               314.3
  2011    10    10    00     40      00         6.571            0.276               326.2
  2011    10    10    00     50      00         6.233            0.276               301.5
  2011    10    10    01     00      00         6.671            0.217               302.2
  2011    10    10    01     10      00       999.999           99.999              9999.9
  2011    10    10    01     20      00       999.999           99.999              9999.9
  2011    10    10    01     30      00         5.238            0.178               320.5
  2011    10    10    01     40      00         5.700            0.142               308.0
  2011    10    10    01     50      00         5.847            0.237               301.9
  2011    10    10    02     00      00       999.999           99.999              9999.9
  2011    10    10    02     10      00       999.999           99.999              9999.9
  2011    10    10    02     20      00       999.999           99.999              9999.9
  2011    10    10    02     30      00       999.999           99.999              9999.9
  2011    10    10    02     40      00       999.999           99.999              9999.9
  2011    10    10    02     50      00         4.942            0.141               286.4
  2011    10    10    03     00      00         5.039            0.251               309.8
  2011    10    10    03     10      00         4.349            0.147               300.0
  2011    10    10    03     20      00         4.295            0.107               316.5
  2011    10    10    03     30      00         5.436            0.266               323.1
  2011    10    10    03     40      00         5.528            0.277               325.9
  2011    10    10    03     50      00         5.624            0.328               337.5
  2011    10    10    04     00      00         5.786            0.416               350.8
  2011    10    10    04     10      00         5.563            0.296               334.3
  2011    10    10    04     20      00         5.860            0.167               333.4
  2011    10    10    04     30      00         6.032            0.160               332.7
  2011    10    10    04     40      00         5.737            0.207               338.5
  2011    10    10    04     50      00         5.909            0.266               318.8
  2011    10    10    05     00      00         5.784            0.218               318.4
  2011    10    10    05     10      00         5.728            0.235               319.7
  2011    10    10    05     20      00         5.831            0.189               322.1
  2011    10    10    05     30      00         4.213            0.215               335.5
  2011    10    10    05     40      00         4.208            0.188               324.1
  2011    10    10    05     50      00         4.587            0.192               311.3
  2011    10    10    06     00      00         4.460            0.143               298.1
  2011    10    10    06     10      00         4.280            0.101               303.7
  2011    10    10    06     20      00         4.355            0.164               317.5
  2011    10    10    06     30      00         4.279            0.167               324.5
  2011    10    10    06     40      00         4.098            0.179               319.3
  2011    10    10    06     50      00         4.193            0.310               305.5
  2011    10    10    07     00      00       999.999           99.999              9999.9
  2011    10    10    07     10      00       999.999           99.999              9999.9
  2011    10    10    07     20      00       999.999           99.999              9999.9
  2011    10    10    07     30      00       999.999           99.999              9999.9
  2011    10    10    07     40      00       999.999           99.999              9999.9
  2011    10    10    07     50      00       999.999           99.999              9999.9
  2011    10    10    08     00      00         3.112            0.109               310.4
  2011    10    10    08     10      00         3.412            0.176               328.1
  2011    10    10    08     20      00         3.272            0.186               303.1
  2011    10    10    08     30      00         2.749            0.075               281.8
  2011    10    10    08     40      00         2.871            0.106               299.5
  2011    10    10    08     50      00         3.081            0.182               313.7
  2011    10    10    09     00      00         3.276            0.228               333.7
  2011    10    10    09     10      00         3.362            0.194               312.2
  2011    10    10    09     20      00         2.890            0.106               296.0
  2011    10    10    09     30      00         2.842            0.124               293.9
  2011    10    10    09     40      00         2.846            0.096               313.0
  2011    10    10    09     50      00         2.900            0.116               298.4
  2011    10    10    10     00      00         2.779            0.074               308.2
  2011    10    10    10     10      00       999.999           99.999              9999.9
  2011    10    10    10     20      00       999.999           99.999              9999.9
  2011    10    10    10     30      00       999.999           99.999              9999.9
  2011    10    10    10     40      00       999.999           99.999              9999.9
  2011    10    10    10     50      00       999.999           99.999              9999.9
  2011    10    10    11     00      00       999.999           99.999              9999.9
  2011    10    10    11     10      00       999.999           99.999              9999.9
  2011    10    10    11     20      00         3.272            0.173               313.6
  2011    10    10    11     30      00         3.383            0.134               307.3
  2011    10    10    11     40      00         3.282            0.094               311.4
  2011    10    10    11     50      00         3.271            0.187               310.2
  2011    10    10    12     00      00         4.390            0.168               310.8
  2011    10    10    12     10      00         4.187            0.141               307.9
  2011    10    10    12     20      00         4.467            0.191               323.7
  2011    10    10    12     30      00         4.667            0.265               306.3
  2011    10    10    12     40      00         4.244            0.168               300.3
  2011    10    10    12     50      00         4.738            0.267               303.4
  2011    10    10    13     00      00         5.178            0.138               314.1
  2011    10    10    13     10      00         5.633            0.192               305.5
  2011    10    10    13     20      00         4.591            0.186               311.5
  2011    10    10    13     30      00         5.576            0.268               308.0
  2011    10    10    13     40      00         5.550            0.236               286.1
  2011    10    10    13     50      00         5.233            0.204               299.2
  2011    10    10    14     00      00         5.059            0.333               309.0
  2011    10    10    14     10      00         5.591            0.324               316.5
  2011    10    10    14     20      00         5.729            0.263               313.2
  2011    10    10    14     30      00         5.384            0.208               295.0
  2011    10    10    14     40      00         6.407            0.273               314.1
  2011    10    10    14     50      00         6.479            0.283               304.7
  2011    10    10    15     00      00         6.483            0.272               303.8
  2011    10    10    15     10      00         6.231            0.257               318.2
  2011    10    10    15     20      00         6.532            0.236               313.7
  2011    10    10    15     30      00         6.422            0.193               299.5
  2011    10    10    15     40      00         6.345            0.199               291.4
  2011    10    10    15     50      00         6.325            0.287               299.7
  2011    10    10    16     00      00         6.623            0.156               306.4
  2011    10    10    16     10      00         6.617            0.171               290.2
  2011    10    10    16     20      00         6.569            0.424               315.5
  2011    10    10    16     30      00         6.315            0.238               291.6
  2011    10    10    16     40      00         6.341            0.249               294.8
  2011    10    10    16     50      00         6.574            0.186               299.2
  2011    10    10    17     00      00         6.099            0.294               295.2
  2011    10    10    17     10      00         6.113            0.220               295.3
  2011    10    10    17     20      00         5.139            0.164               274.8
  2011    10    10    17     30      00         5.574            0.234               280.9
  2011    10    10    17     40      00         5.279            0.147               273.5
  2011    10    10    17     50      00         5.397            0.333               285.7
  2011    10    10    18     00      00         5.669            0.163               286.3
  2011    10    10    18     10      00         5.112            0.093               273.4
  2011    10    10    18     20      00         5.743            0.175               297.2
  2011    10    10    18     30      00         5.888            0.258               291.0
  2011    10    10    18     40      00         6.243            0.227               306.1
  2011    10    10    18     50      00         6.081            0.224               284.3
  2011    10    10    19     00      00         6.365            0.270               296.3
  2011    10    10    19     10      00         6.263            0.294               283.2
  2011    10    10    19     20      00         5.611            0.197               312.9
  2011    10    10    19     30      00         5.601            0.159               294.7
  2011    10    10    19     40      00         6.156            0.219               305.1
  2011    10    10    19     50      00         6.438            0.272               298.6
  2011    10    10    20     00      00         6.722            0.242               283.3
  2011    10    10    20     10      00         5.964            0.242               312.4
  2011    10    10    20     20      00         5.539            0.191               304.3
  2011    10    10    20     30      00         5.931            0.248               318.2
  2011    10    10    20     40      00         6.202            0.166               314.1
  2011    10    10    20     50      00         5.939            0.259               303.1
  2011    10    10    21     00      00         5.610            0.226               279.8
  2011    10    10    21     10      00         5.700            0.190               267.1
  2011    10    10    21     20      00         6.033            0.230               283.3
  2011    10    10    21     30      00         6.618            0.258               311.1
  2011    10    10    21     40      00         6.631            0.306               304.7
  2011    10    10    21     50      00         5.959            0.163               275.1
  2011    10    10    22     00      00         6.026            0.179               278.9
  2011    10    10    22     10      00         5.066            0.230               281.2
  2011    10    10    22     20      00         5.671            0.081               282.4
  2011    10    10    22     30      00         6.045            0.256               294.3
  2011    10    10    22     40      00         5.991            0.223               272.8
  2011    10    10    22     50      00         5.917            0.151               277.6
  2011    10    10    23     00      00         5.816            0.226               270.1
  2011    10    10    23     10      00         5.849            0.262               272.3
  2011    10    10    23     20      00       999.999           99.999              9999.9
  2011    10    10    23     30      00       999.999           99.999              9999.9
  2011    10    10    23     40      00         6.031            0.257               294.9
  2011    10    10    23     50      00         5.466            0.138               288.8
  2011    10    11    00     00      00         4.742            0.484               297.1
  2011    10    11    00     10      00         5.089            0.227               275.2
  2011    10    11    00     20      00         5.049            0.196               287.5
  2011    10    11    00     30      00         5.547            0.109               290.9
  2011    10    11    00     40      00         5.407            0.275               302.7
  2011    10    11    00     50      00         5.508            0.232               285.3
  2011    10    11    01     00      00         5.984            0.516               295.2
  2011    10    11    01     10      00         5.397            0.240               287.7
  2011    10    11    01     20      00         6.114            0.383               280.0
  2011    10    11    01     30      00         5.584            0.254               300.6
  2011    10    11    01     40      00         5.848            0.217               293.2
  2011    10    11    01     50      00         5.857            0.209               289.9
  2011    10    11    02     00      00       999.999           99.999              9999.9
  2011    10    11    02     10      00       999.999           99.999              9999.9
  2011    10    11    02     20      00       999.999           99.999              9999.9
  2011    10    11    02     30      00       999.999           99.999              9999.9
  2011    10    11    02     40      00       999.999           99.999              9999.9
  2011    10    11    02     50      00       999.999           99.999              9999.9
  2011    10    11    03     00      00       999.999           99.999              9999.9
  2011    10    11    03     10      00       999.999           99.999              9999.9
  2011    10    11    03     20      00         5.737            0.259               309.2
  2011    10    11    03     30      00         5.861            0.356               301.9
  2011    10    11    03     40      00         5.657            0.188               289.6
  2011    10    11    03     50      00         5.566            0.194               293.6
  2011    10    11    04     00      00         5.440            0.185               299.9
  2011    10    11    04     10      00       999.999           99.999              9999.9
  2011    10    11    04     20      00       999.999           99.999              9999.9
  2011    10    11    04     30      00       999.999           99.999              9999.9
  2011    10    11    04     40      00       999.999           99.999              9999.9
  2011    10    11    04     50      00       999.999           99.999              9999.9
  2011    10    11    05     00      00       999.999           99.999              9999.9
  2011    10    11    05     10      00       999.999           99.999              9999.9
  2011    10    11    05     20      00       999.999           99.999              9999.9
  2011    10    11    05     30      00       999.999           99.999              9999.9
  2011    10    11    05     40      00       999.999           99.999              9999.9
  2011    10    11    05     50      00       999.999           99.999              9999.9
  2011    10    11    06     00      00       999.999           99.999              9999.9
  2011    10    11    06     10      00       999.999           99.999              9999.9
  2011    10    11    06     20      00       999.999           99.999              9999.9
  2011    10    11    06     30      00       999.999           99.999              9999.9
  2011    10    11    06     40      00       999.999           99.999              9999.9
  2011    10    11    06     50      00       999.999           99.999              9999.9
  2011    10    11    07     00      00       999.999           99.999              9999.9
  2011    10    11    07     10      00       999.999           99.999              9999.9
  2011    10    11    07     20      00       999.999           99.999              9999.9
  2011    10    11    07     30      00       999.999           99.999              9999.9
  2011    10    11    07     40      00       999.999           99.999              9999.9
  2011    10    11    07     50      00       999.999           99.999              9999.9
  2011    10    11    08     00      00       999.999           99.999              9999.9
  2011    10    11    08     10      00       999.999           99.999              9999.9
  2011    10    11    08     20      00       999.999           99.999              9999.9
  2011    10    11    08     30      00       999.999           99.999              9999.9
  2011    10    11    08     40      00         3.815            0.173               286.9
  2011    10    11    08     50      00         3.323            0.103               286.3
  2011    10    11    09     00      00         3.343            0.158               315.9
  2011    10    11    09     10      00       999.999           99.999              9999.9
  2011    10    11    09     20      00       999.999           99.999              9999.9
  2011    10    11    09     30      00       999.999           99.999              9999.9
  2011    10    11    09     40      00       999.999           99.999              9999.9
  2011    10    11    09     50      00       999.999           99.999              9999.9
  2011    10    11    10     00      00       999.999           99.999              9999.9
  2011    10    11    10     10      00       999.999           99.999              9999.9
  2011    10    11    10     20      00       999.999           99.999              9999.9
  2011    10    11    10     30      00       999.999           99.999              9999.9
  2011    10    11    10     40      00       999.999           99.999              9999.9
  2011    10    11    10     50      00       999.999           99.999              9999.9
  2011    10    11    11     00      00       999.999           99.999              9999.9
  2011    10    11    11     10      00       999.999           99.999              9999.9
  2011    10    11    11     20      00       999.999           99.999              9999.9
  2011    10    11    11     30      00       999.999           99.999              9999.9
  2011    10    11    11     40      00       999.999           99.999              9999.9
  2011    10    11    11     50      00       999.999           99.999              9999.9
  2011    10    11    12     00      00       999.999           99.999              9999.9
  2011    10    11    12     10      00         4.418            0.243               304.5
  2011    10    11    12     20      00         4.270            0.152               301.2
  2011    10    11    12     30      00         4.386            0.207               311.5
  2011    10    11    12     40      00         4.527            0.227               304.2
  2011    10    11    12     50      00         4.889            0.230               307.0
  2011    10    11    13     00      00         4.900            0.194               295.9
  2011    10    11    13     10      00         5.045            0.102               284.6
  2011    10    11    13     20      00         5.001            0.210               286.6
  2011    10    11    13     30      00         5.072            0.156               295.5
  2011    10    11    13     40      00         5.402            0.147               287.7
  2011    10    11    13     50      00         5.275            0.192               279.9
  2011    10    11    14     00      00         5.703            0.189               291.9
  2011    10    11    14     10      00         5.833            0.141               267.8
  2011    10    11    14     20      00         6.571            0.222               289.4
  2011    10    11    14     30      00         7.305            0.190               295.5
  2011    10    11    14     40      00         7.124            0.138               296.8
  2011    10    11    14     50      00         7.167            0.328               300.9
  2011    10    11    15     00      00         7.525            0.298               294.5
  2011    10    11    15     10      00         7.645            0.266               290.5
  2011    10    11    15     20      00         7.655            0.152               292.8
  2011    10    11    15     30      00         8.137            0.249               292.8
  2011    10    11    15     40      00         5.678            0.179               302.5
  2011    10    11    15     50      00         5.823            0.179               305.4
  2011    10    11    16     00      00         5.565            0.195               295.8
  2011    10    11    16     10      00         6.113            0.239               303.0
  2011    10    11    16     20      00         6.641            0.287               299.6
  2011    10    11    16     30      00         6.069            0.168               299.1
  2011    10    11    16     40      00         6.154            0.087               298.6
  2011    10    11    16     50      00         6.132            0.354               297.5
  2011    10    11    17     00      00         6.280            0.256               279.2
  2011    10    11    17     10      00         6.345            0.346               276.0
  2011    10    11    17     20      00         6.252            0.207               271.8
  2011    10    11    17     30      00         6.355            0.084               280.1
  2011    10    11    17     40      00         8.729            0.082               289.4
  2011    10    11    17     50      00         7.448            0.207               280.4
  2011    10    11    18     00      00         7.274            0.136               285.3
  2011    10    11    18     10      00         7.742            0.245               273.1
  2011    10    11    18     20      00         6.135            0.291               248.7
  2011    10    11    18     30      00         6.988            0.317               291.8
  2011    10    11    18     40      00         8.083            0.218               300.9
  2011    10    11    18     50      00         8.110            0.325               299.7
  2011    10    11    19     00      00         6.968            0.117               263.5
  2011    10    11    19     10      00         7.355            0.165               288.1
  2011    10    11    19     20      00         6.920            0.096               284.2
  2011    10    11    19     30      00         6.522            0.171               276.7
  2011    10    11    19     40      00         7.187            0.162               286.8
  2011    10    11    19     50      00         6.554            0.193               292.2
  2011    10    11    20     00      00         6.691            0.243               308.1
  2011    10    11    20     10      00         6.819            0.237               294.5
  2011    10    11    20     20      00         6.877            0.231               301.8
  2011    10    11    20     30      00         7.072            0.257               296.6
  2011    10    11    20     40      00         7.541            0.242               306.2
  2011    10    11    20     50      00         7.855            0.194               297.6
  2011    10    11    21     00      00         5.930            0.212               266.4
  2011    10    11    21     10      00         5.337            0.226               284.9
  2011    10    11    21     20      00         5.522            0.183               269.8
  2011    10    11    21     30      00         6.720            0.278               299.2
  2011    10    11    21     40      00         5.424            0.227               310.2
  2011    10    11    21     50      00         5.818            0.334               314.0
  2011    10    11    22     00      00         5.680            0.381               289.7
  2011    10    11    22     10      00         5.842            0.210               299.7
  2011    10    11    22     20      00         5.850            0.212               289.2
  2011    10    11    22     30      00         6.168            0.186               281.2
  2011    10    11    22     40      00         5.942            0.365               271.1
  2011    10    11    22     50      00         5.646            0.234               270.1
  2011    10    11    23     00      00         5.153            0.200               277.8
  2011    10    11    23     10      00         5.330            0.237               283.4
  2011    10    11    23     20      00         5.427            0.238               288.2
  2011    10    11    23     30      00         6.577            0.279               283.7
  2011    10    11    23     40      00         7.358            0.343               307.5
  2011    10    11    23     50      00       999.999           99.999              9999.9
