  Year  Month   Day  Hour  Minute  Second    foF2 (MHz)   foF2 POLAN Error (MHz)   hmF2 (km)
  2011    04    30    00     00      00         3.680            0.209               222.4
  2011    04    30    00     10      00         4.183            0.283               240.9
  2011    04    30    00     20      00         4.185            0.160               242.2
  2011    04    30    00     30      00         4.806            0.193               281.7
  2011    04    30    00     40      00         4.848            0.204               306.5
  2011    04    30    00     50      00         4.236            0.219               294.9
  2011    04    30    01     00      00         4.108            0.331               321.3
  2011    04    30    01     10      00         4.609            0.256               328.3
  2011    04    30    01     20      00         5.274            0.113               337.1
  2011    04    30    01     30      00         5.119            0.237               340.6
  2011    04    30    01     40      00         4.337            0.158               327.8
  2011    04    30    01     50      00         4.946            0.250               336.7
  2011    04    30    02     00      00         3.960            0.155               303.6
  2011    04    30    02     10      00         4.913            0.276               340.1
  2011    04    30    02     20      00         3.835            0.038               292.4
  2011    04    30    02     30      00         3.840            0.136               296.2
  2011    04    30    02     40      00         3.579            0.140               281.6
  2011    04    30    02     50      00         3.662            0.241               297.3
  2011    04    30    03     00      00         3.611            0.201               317.6
  2011    04    30    03     10      00         4.130            0.051               306.5
  2011    04    30    03     20      00         3.985            0.141               281.2
  2011    04    30    03     30      00         4.102            0.311               275.2
  2011    04    30    03     40      00         3.665            0.086               238.0
  2011    04    30    03     50      00         4.097            0.134               288.7
  2011    04    30    04     00      00         3.514            0.022               267.0
  2011    04    30    04     10      00         3.480            0.226               318.0
  2011    04    30    04     20      00         3.369            0.209               312.0
  2011    04    30    04     30      00         3.530            0.226               334.1
  2011    04    30    04     40      00         3.554            0.167               339.5
  2011    04    30    04     50      00         3.822            0.085               318.9
  2011    04    30    05     00      00         3.908            0.031               299.1
  2011    04    30    05     10      00         4.122            0.099               293.8
  2011    04    30    05     20      00         4.033            0.151               272.7
  2011    04    30    05     30      00         3.614            0.091               292.9
  2011    04    30    05     40      00         3.530            0.008               294.1
  2011    04    30    05     50      00         3.427            0.074               307.0
  2011    04    30    06     00      00         3.668            0.086               285.6
  2011    04    30    06     10      00         3.934            0.100               279.4
  2011    04    30    06     20      00         3.694            0.103               317.2
  2011    04    30    06     30      00         4.390            0.363               351.4
  2011    04    30    06     40      00         3.834            0.302               312.0
  2011    04    30    06     50      00         4.128            0.194               324.7
  2011    04    30    07     00      00         4.721            0.361               323.8
  2011    04    30    07     10      00         4.790            0.368               316.1
  2011    04    30    07     20      00         4.903            0.100               296.2
  2011    04    30    07     30      00         4.665            0.163               268.9
  2011    04    30    07     40      00         4.887            0.058               260.4
  2011    04    30    07     50      00         5.129            0.119               265.6
  2011    04    30    08     00      00         4.690            0.040               279.3
  2011    04    30    08     10      00         4.245            0.183               277.8
  2011    04    30    08     20      00         3.563            0.094               275.6
  2011    04    30    08     30      00         3.777            0.137               271.0
  2011    04    30    08     40      00         3.684            0.013               266.8
  2011    04    30    08     50      00         3.776            0.217               274.8
  2011    04    30    09     00      00         3.681            0.078               271.6
  2011    04    30    09     10      00         4.024            0.216               322.2
  2011    04    30    09     20      00         4.167            0.208               315.5
  2011    04    30    09     30      00         4.079            0.234               310.1
  2011    04    30    09     40      00         4.166            0.221               312.6
  2011    04    30    09     50      00         4.178            0.201               310.6
  2011    04    30    10     00      00         4.307            0.121               310.4
  2011    04    30    10     10      00         4.428            0.211               323.3
  2011    04    30    10     20      00         4.551            0.248               328.6
  2011    04    30    10     30      00         4.161            0.374               315.5
  2011    04    30    10     40      00         4.812            0.078               332.5
  2011    04    30    10     50      00         4.260            0.204               340.9
  2011    04    30    11     00      00         4.169            0.321               328.9
  2011    04    30    11     10      00         5.269            0.277               347.0
  2011    04    30    11     20      00         4.800            0.255               340.8
  2011    04    30    11     30      00         5.070            0.255               331.6
  2011    04    30    11     40      00         4.537            0.255               333.3
  2011    04    30    11     50      00         5.230            0.286               337.2
  2011    04    30    12     00      00         5.285            0.206               349.4
  2011    04    30    12     10      00         4.964            0.214               367.3
  2011    04    30    12     20      00         5.156            0.103               348.4
  2011    04    30    12     30      00         5.409            0.113               312.9
  2011    04    30    12     40      00         4.888            0.378               323.2
  2011    04    30    12     50      00         4.352            0.398               304.6
  2011    04    30    13     00      00         4.003            0.095               257.4
  2011    04    30    13     10      00         3.852            0.063               240.7
  2011    04    30    13     20      00       999.999           99.999              9999.9
  2011    04    30    13     30      00       999.999           99.999              9999.9
  2011    04    30    13     40      00       999.999           99.999              9999.9
  2011    04    30    13     50      00       999.999           99.999              9999.9
  2011    04    30    14     00      00         3.795            0.053               190.8
  2011    04    30    14     10      00         3.997            0.248               185.9
  2011    04    30    14     20      00         4.022            0.195               209.4
  2011    04    30    14     30      00         3.818            0.015               215.2
  2011    04    30    14     40      00         3.873            0.024               247.0
  2011    04    30    14     50      00         4.043            0.098               233.4
  2011    04    30    15     00      00         4.031            0.045               257.1
  2011    04    30    15     10      00         4.106            0.041               203.4
  2011    04    30    15     20      00         3.825            0.166               181.2
  2011    04    30    15     30      00       999.999           99.999              9999.9
  2011    04    30    15     40      00         4.224            0.315               193.4
  2011    04    30    15     50      00         4.055            0.049               184.1
  2011    04    30    16     00      00         4.166            0.054               229.3
  2011    04    30    16     10      00         4.255            0.049               225.6
  2011    04    30    16     20      00       999.999           99.999              9999.9
  2011    04    30    16     30      00       999.999           99.999              9999.9
  2011    04    30    16     40      00       999.999           99.999              9999.9
  2011    04    30    16     50      00         4.166            0.266               172.2
  2011    04    30    17     00      00         4.110            0.130               187.5
  2011    04    30    17     10      00         3.937            0.088               191.5
  2011    04    30    17     20      00         4.972            0.318               281.4
  2011    04    30    17     30      00         4.154            0.171               200.0
  2011    04    30    17     40      00         4.108            0.055               193.1
  2011    04    30    17     50      00         5.164            0.295               320.0
  2011    04    30    18     00      00         5.044            0.340               276.6
  2011    04    30    18     10      00         5.096            0.347               284.4
  2011    04    30    18     20      00         4.975            0.295               314.7
  2011    04    30    18     30      00         5.154            0.285               306.2
  2011    04    30    18     40      00         4.890            0.271               312.5
  2011    04    30    18     50      00         4.568            0.306               241.6
  2011    04    30    19     00      00         5.236            0.377               273.7
  2011    04    30    19     10      00         5.175            0.397               288.4
  2011    04    30    19     20      00         4.204            0.324               212.3
  2011    04    30    19     30      00         4.086            0.149               242.7
  2011    04    30    19     40      00         4.973            0.289               275.7
  2011    04    30    19     50      00         4.170            0.077               245.1
  2011    04    30    20     00      00         4.189            0.122               242.1
  2011    04    30    20     10      00         4.142            0.078               252.3
  2011    04    30    20     20      00         5.119            0.238               279.2
  2011    04    30    20     30      00         5.398            0.262               286.1
  2011    04    30    20     40      00         5.646            0.287               315.1
  2011    04    30    20     50      00         5.074            0.309               298.2
  2011    04    30    21     00      00         5.832            0.240               308.6
  2011    04    30    21     10      00         5.258            0.242               305.3
  2011    04    30    21     20      00         5.480            0.208               312.2
  2011    04    30    21     30      00         5.460            0.263               322.6
  2011    04    30    21     40      00         5.239            0.231               314.7
  2011    04    30    21     50      00         5.569            0.308               310.7
  2011    04    30    22     00      00         5.655            0.413               306.1
  2011    04    30    22     10      00         5.538            0.161               308.0
  2011    04    30    22     20      00         5.449            0.198               293.4
  2011    04    30    22     30      00         5.568            0.160               294.2
  2011    04    30    22     40      00         4.978            0.168               283.6
  2011    04    30    22     50      00         5.164            0.191               300.6
  2011    04    30    23     00      00         4.998            0.337               320.7
  2011    04    30    23     10      00         4.029            0.071               252.1
  2011    04    30    23     20      00         4.009            0.031               243.1
  2011    04    30    23     30      00         3.754            0.077               223.2
  2011    04    30    23     40      00         3.950            0.203               260.5
  2011    04    30    23     50      00         4.216            0.300               289.0
  2011    05    01    00     00      00         3.796            0.128               262.0
  2011    05    01    00     10      00         4.779            0.328               285.8
  2011    05    01    00     20      00         4.874            0.246               316.4
  2011    05    01    00     30      00         4.377            0.184               290.1
  2011    05    01    00     40      00         4.277            0.178               289.3
  2011    05    01    00     50      00         4.060            0.231               301.3
  2011    05    01    01     00      00         5.276            0.457               338.9
  2011    05    01    01     10      00         5.406            0.138               313.9
  2011    05    01    01     20      00         5.330            0.214               309.9
  2011    05    01    01     30      00         4.950            0.171               306.0
  2011    05    01    01     40      00         5.287            0.230               326.7
  2011    05    01    01     50      00         4.551            0.305               306.7
  2011    05    01    02     00      00         4.452            0.109               300.5
  2011    05    01    02     10      00         4.897            0.446               351.2
  2011    05    01    02     20      00         5.078            0.200               323.3
  2011    05    01    02     30      00         5.309            0.057               288.6
  2011    05    01    02     40      00         5.157            0.134               281.9
  2011    05    01    02     50      00         4.874            0.205               299.3
  2011    05    01    03     00      00         5.134            0.155               311.7
  2011    05    01    03     10      00         4.306            0.105               302.5
  2011    05    01    03     20      00         4.484            0.084               308.2
  2011    05    01    03     30      00         4.783            0.343               301.5
  2011    05    01    03     40      00         4.734            0.392               307.1
  2011    05    01    03     50      00         4.669            0.314               326.5
  2011    05    01    04     00      00         4.757            0.122               311.7
  2011    05    01    04     10      00         4.886            0.339               306.5
  2011    05    01    04     20      00         4.768            0.031               300.0
  2011    05    01    04     30      00         4.734            0.129               307.4
  2011    05    01    04     40      00         4.525            0.123               302.9
  2011    05    01    04     50      00         4.704            0.070               300.3
  2011    05    01    05     00      00         4.755            0.142               313.2
  2011    05    01    05     10      00         4.124            0.282               281.7
  2011    05    01    05     20      00         4.665            0.183               319.2
  2011    05    01    05     30      00         4.640            0.430               313.6
  2011    05    01    05     40      00         4.674            0.218               322.6
  2011    05    01    05     50      00         4.683            0.361               350.4
  2011    05    01    06     00      00         4.740            0.149               326.1
  2011    05    01    06     10      00         4.707            0.139               309.7
  2011    05    01    06     20      00         4.689            0.372               325.2
  2011    05    01    06     30      00         4.873            0.337               331.6
  2011    05    01    06     40      00         4.780            0.409               338.4
  2011    05    01    06     50      00         4.788            0.431               322.3
  2011    05    01    07     00      00         4.217            0.071               303.2
  2011    05    01    07     10      00         4.415            0.166               319.8
  2011    05    01    07     20      00         4.513            0.273               310.1
  2011    05    01    07     30      00         4.117            0.146               293.5
  2011    05    01    07     40      00         4.983            0.495               344.7
  2011    05    01    07     50      00         4.678            0.359               343.5
  2011    05    01    08     00      00         4.514            0.312               330.7
  2011    05    01    08     10      00         4.922            0.173               325.2
  2011    05    01    08     20      00         4.873            0.234               306.9
  2011    05    01    08     30      00         5.069            0.070               302.4
  2011    05    01    08     40      00         4.975            0.067               302.3
  2011    05    01    08     50      00         4.372            0.169               261.5
  2011    05    01    09     00      00         4.113            0.096               272.8
  2011    05    01    09     10      00         4.073            0.228               303.1
  2011    05    01    09     20      00         4.302            0.344               296.7
  2011    05    01    09     30      00         4.267            0.237               300.7
  2011    05    01    09     40      00         4.278            0.154               309.4
  2011    05    01    09     50      00         4.078            0.310               295.4
  2011    05    01    10     00      00         4.188            0.274               319.8
  2011    05    01    10     10      00         4.335            0.143               325.8
  2011    05    01    10     20      00         4.045            0.262               324.8
  2011    05    01    10     30      00         4.042            0.371               335.4
  2011    05    01    10     40      00         3.846            0.328               321.0
  2011    05    01    10     50      00         4.240            0.284               330.0
  2011    05    01    11     00      00         4.225            0.127               311.2
  2011    05    01    11     10      00         4.179            0.163               290.2
  2011    05    01    11     20      00         4.177            0.126               296.1
  2011    05    01    11     30      00         4.206            0.169               311.1
  2011    05    01    11     40      00         4.207            0.186               297.1
  2011    05    01    11     50      00         3.889            0.138               279.5
  2011    05    01    12     00      00         3.762            0.151               269.4
  2011    05    01    12     10      00         4.446            0.223               316.2
  2011    05    01    12     20      00         4.023            0.196               286.7
  2011    05    01    12     30      00         4.162            0.270               306.3
  2011    05    01    12     40      00         4.381            0.273               306.6
  2011    05    01    12     50      00         4.478            0.251               313.4
  2011    05    01    13     00      00         4.263            0.397               305.4
  2011    05    01    13     10      00         4.360            0.298               304.2
  2011    05    01    13     20      00         4.756            0.191               291.4
  2011    05    01    13     30      00         4.279            0.244               286.7
  2011    05    01    13     40      00         4.860            0.293               319.1
  2011    05    01    13     50      00         5.047            0.286               319.0
  2011    05    01    14     00      00         5.427            0.119               318.9
  2011    05    01    14     10      00         5.497            0.126               296.1
  2011    05    01    14     20      00         4.907            0.110               289.7
  2011    05    01    14     30      00       999.999           99.999              9999.9
  2011    05    01    14     40      00       999.999           99.999              9999.9
  2011    05    01    14     50      00       999.999           99.999              9999.9
  2011    05    01    15     00      00       999.999           99.999              9999.9
  2011    05    01    15     10      00       999.999           99.999              9999.9
  2011    05    01    15     20      00       999.999           99.999              9999.9
  2011    05    01    15     30      00       999.999           99.999              9999.9
  2011    05    01    15     40      00       999.999           99.999              9999.9
  2011    05    01    15     50      00       999.999           99.999              9999.9
  2011    05    01    16     00      00       999.999           99.999              9999.9
  2011    05    01    16     10      00       999.999           99.999              9999.9
  2011    05    01    16     20      00       999.999           99.999              9999.9
  2011    05    01    16     30      00       999.999           99.999              9999.9
  2011    05    01    16     40      00       999.999           99.999              9999.9
  2011    05    01    16     50      00       999.999           99.999              9999.9
  2011    05    01    17     00      00       999.999           99.999              9999.9
  2011    05    01    17     10      00         5.400            0.287               311.2
  2011    05    01    17     20      00         5.407            0.388               281.7
  2011    05    01    17     30      00         5.281            0.412               331.2
  2011    05    01    17     40      00       999.999           99.999              9999.9
  2011    05    01    17     50      00       999.999           99.999              9999.9
  2011    05    01    18     00      00       999.999           99.999              9999.9
  2011    05    01    18     10      00       999.999           99.999              9999.9
  2011    05    01    18     20      00       999.999           99.999              9999.9
  2011    05    01    18     30      00       999.999           99.999              9999.9
  2011    05    01    18     40      00         4.294            0.305               202.3
  2011    05    01    18     50      00         4.678            0.362               230.7
  2011    05    01    19     00      00         4.283            0.168               201.5
  2011    05    01    19     10      00       999.999           99.999              9999.9
  2011    05    01    19     20      00       999.999           99.999              9999.9
  2011    05    01    19     30      00       999.999           99.999              9999.9
  2011    05    01    19     40      00       999.999           99.999              9999.9
  2011    05    01    19     50      00       999.999           99.999              9999.9
  2011    05    01    20     00      00       999.999           99.999              9999.9
  2011    05    01    20     10      00       999.999           99.999              9999.9
  2011    05    01    20     20      00         3.961            0.036               234.4
  2011    05    01    20     30      00         3.926            0.037               222.9
  2011    05    01    20     40      00         3.925            0.049               230.1
  2011    05    01    20     50      00       999.999           99.999              9999.9
  2011    05    01    21     00      00       999.999           99.999              9999.9
  2011    05    01    21     10      00       999.999           99.999              9999.9
  2011    05    01    21     20      00       999.999           99.999              9999.9
  2011    05    01    21     30      00       999.999           99.999              9999.9
  2011    05    01    21     40      00       999.999           99.999              9999.9
  2011    05    01    21     50      00         5.279            0.240               329.7
  2011    05    01    22     00      00         4.999            0.295               320.1
  2011    05    01    22     10      00         4.286            0.351               296.0
  2011    05    01    22     20      00         4.774            0.289               319.6
  2011    05    01    22     30      00         4.804            0.437               325.5
  2011    05    01    22     40      00         4.907            0.345               334.8
  2011    05    01    22     50      00         5.106            0.215               333.6
  2011    05    01    23     00      00         5.164            0.456               351.4
  2011    05    01    23     10      00         5.000            0.224               325.9
  2011    05    01    23     20      00         4.962            0.423               341.2
  2011    05    01    23     30      00         4.649            0.340               319.7
  2011    05    01    23     40      00         4.819            0.398               330.3
  2011    05    01    23     50      00         4.870            0.355               310.1
  2011    05    02    00     00      00         5.633            0.183               330.9
  2011    05    02    00     10      00         5.629            0.272               324.2
  2011    05    02    00     20      00         5.601            0.214               314.4
  2011    05    02    00     30      00         5.560            0.215               331.5
  2011    05    02    00     40      00         5.410            0.222               327.4
  2011    05    02    00     50      00         5.166            0.224               328.6
  2011    05    02    01     00      00         4.987            0.212               309.8
  2011    05    02    01     10      00         4.605            0.186               312.2
  2011    05    02    01     20      00         4.728            0.104               313.2
  2011    05    02    01     30      00         5.465            0.295               320.7
  2011    05    02    01     40      00         5.289            0.471               321.6
  2011    05    02    01     50      00         5.035            0.497               327.2
  2011    05    02    02     00      00         5.433            0.537               345.6
  2011    05    02    02     10      00         4.913            0.197               326.7
  2011    05    02    02     20      00         4.981            0.168               329.5
  2011    05    02    02     30      00         5.339            0.439               328.6
  2011    05    02    02     40      00         5.017            0.354               328.1
  2011    05    02    02     50      00         5.646            0.231               328.8
  2011    05    02    03     00      00         5.040            0.454               329.4
  2011    05    02    03     10      00         5.928            0.241               335.7
  2011    05    02    03     20      00         5.607            0.256               316.2
  2011    05    02    03     30      00         5.283            0.109               303.3
  2011    05    02    03     40      00         5.285            0.068               297.6
  2011    05    02    03     50      00         4.949            0.420               309.1
  2011    05    02    04     00      00         4.150            0.166               276.1
  2011    05    02    04     10      00         3.785            0.132               295.1
  2011    05    02    04     20      00         3.479            0.263               305.3
  2011    05    02    04     30      00         3.730            0.158               319.4
  2011    05    02    04     40      00         3.693            0.140               300.0
  2011    05    02    04     50      00         3.522            0.149               277.1
  2011    05    02    05     00      00         3.367            0.238               276.0
  2011    05    02    05     10      00         3.546            0.138               327.3
  2011    05    02    05     20      00         3.651            0.137               316.5
  2011    05    02    05     30      00         3.835            0.255               313.4
  2011    05    02    05     40      00         3.903            0.185               328.6
  2011    05    02    05     50      00         4.078            0.203               334.6
  2011    05    02    06     00      00         3.529            0.240               291.9
  2011    05    02    06     10      00         3.461            0.057               311.8
  2011    05    02    06     20      00         4.170            0.208               337.5
  2011    05    02    06     30      00         3.523            0.036               319.2
  2011    05    02    06     40      00         3.936            0.360               326.2
  2011    05    02    06     50      00         3.977            0.156               292.8
  2011    05    02    07     00      00         3.801            0.220               329.3
  2011    05    02    07     10      00         3.501            0.107               306.4
  2011    05    02    07     20      00         3.618            0.151               330.6
  2011    05    02    07     30      00         4.264            0.226               333.7
  2011    05    02    07     40      00         4.259            0.247               325.9
  2011    05    02    07     50      00         3.978            0.176               315.7
  2011    05    02    08     00      00         4.355            0.038               297.2
  2011    05    02    08     10      00         4.404            0.076               283.9
  2011    05    02    08     20      00         5.261            0.125               284.6
  2011    05    02    08     30      00         4.362            0.023               254.6
  2011    05    02    08     40      00         4.166            0.332               321.1
  2011    05    02    08     50      00         3.845            0.115               287.5
  2011    05    02    09     00      00         3.194            0.165               270.7
  2011    05    02    09     10      00         3.656            0.263               313.3
  2011    05    02    09     20      00         3.582            0.142               303.9
  2011    05    02    09     30      00       999.999           99.999              9999.9
  2011    05    02    09     40      00       999.999           99.999              9999.9
  2011    05    02    09     50      00       999.999           99.999              9999.9
  2011    05    02    10     00      00         3.665            0.153               300.0
  2011    05    02    10     10      00         3.331            0.022               274.5
  2011    05    02    10     20      00         3.533            0.197               298.8
  2011    05    02    10     30      00         3.621            0.205               282.8
  2011    05    02    10     40      00         3.389            0.068               273.7
  2011    05    02    10     50      00         3.303            0.057               270.4
  2011    05    02    11     00      00         3.274            0.058               243.2
  2011    05    02    11     10      00         3.421            0.074               264.4
  2011    05    02    11     20      00         3.386            0.049               249.3
  2011    05    02    11     30      00         3.525            0.253               264.6
  2011    05    02    11     40      00         3.424            0.065               257.5
  2011    05    02    11     50      00         3.567            0.047               266.2
  2011    05    02    12     00      00         3.832            0.172               300.0
  2011    05    02    12     10      00         3.839            0.244               318.4
  2011    05    02    12     20      00         4.071            0.283               308.1
  2011    05    02    12     30      00         4.144            0.275               300.2
  2011    05    02    12     40      00         3.931            0.244               297.9
  2011    05    02    12     50      00         3.973            0.201               276.8
  2011    05    02    13     00      00         3.847            0.137               250.8
  2011    05    02    13     10      00         3.773            0.030               259.0
  2011    05    02    13     20      00         3.955            0.129               255.1
  2011    05    02    13     30      00         4.085            0.144               269.2
  2011    05    02    13     40      00         4.309            0.297               301.6
  2011    05    02    13     50      00         4.021            0.015               259.6
  2011    05    02    14     00      00         3.945            0.129               207.5
  2011    05    02    14     10      00         3.860            0.059               252.3
  2011    05    02    14     20      00         3.874            0.093               234.3
  2011    05    02    14     30      00         3.840            0.034               234.1
  2011    05    02    14     40      00       999.999           99.999              9999.9
  2011    05    02    14     50      00       999.999           99.999              9999.9
  2011    05    02    15     00      00       999.999           99.999              9999.9
  2011    05    02    15     10      00       999.999           99.999              9999.9
  2011    05    02    15     20      00       999.999           99.999              9999.9
  2011    05    02    15     30      00       999.999           99.999              9999.9
  2011    05    02    15     40      00       999.999           99.999              9999.9
  2011    05    02    15     50      00       999.999           99.999              9999.9
  2011    05    02    16     00      00       999.999           99.999              9999.9
  2011    05    02    16     10      00       999.999           99.999              9999.9
  2011    05    02    16     20      00       999.999           99.999              9999.9
  2011    05    02    16     30      00         5.905            0.140               316.8
  2011    05    02    16     40      00         6.397            0.090               322.5
  2011    05    02    16     50      00         6.517            0.091               305.7
  2011    05    02    17     00      00         6.359            0.182               307.3
  2011    05    02    17     10      00         6.105            0.223               288.3
  2011    05    02    17     20      00         6.298            0.295               323.7
  2011    05    02    17     30      00         4.976            0.309               277.8
  2011    05    02    17     40      00         5.161            0.298               289.6
  2011    05    02    17     50      00         5.700            0.235               319.7
  2011    05    02    18     00      00         5.961            0.209               307.7
  2011    05    02    18     10      00         5.305            0.222               311.0
  2011    05    02    18     20      00         6.302            0.184               317.0
  2011    05    02    18     30      00         5.283            0.127               296.6
  2011    05    02    18     40      00         6.137            0.326               312.1
  2011    05    02    18     50      00         5.469            0.188               312.1
  2011    05    02    19     00      00         5.559            0.168               314.4
  2011    05    02    19     10      00         5.487            0.308               301.1
  2011    05    02    19     20      00         4.730            0.341               272.7
  2011    05    02    19     30      00         5.288            0.264               291.5
  2011    05    02    19     40      00         4.078            0.095               221.7
  2011    05    02    19     50      00         4.085            0.045               224.9
  2011    05    02    20     00      00         4.138            0.059               220.1
  2011    05    02    20     10      00         5.908            0.196               298.0
  2011    05    02    20     20      00         6.018            0.215               295.9
  2011    05    02    20     30      00         5.877            0.202               304.7
  2011    05    02    20     40      00         6.140            0.234               325.2
  2011    05    02    20     50      00         5.605            0.060               283.3
  2011    05    02    21     00      00         5.679            0.303               299.3
  2011    05    02    21     10      00         5.156            0.295               308.1
  2011    05    02    21     20      00         5.192            0.405               313.4
  2011    05    02    21     30      00         5.547            0.375               337.0
  2011    05    02    21     40      00         5.500            0.166               320.0
  2011    05    02    21     50      00         4.852            0.205               294.9
  2011    05    02    22     00      00         5.465            0.149               319.9
  2011    05    02    22     10      00         5.587            0.246               342.0
  2011    05    02    22     20      00         4.376            0.125               271.2
  2011    05    02    22     30      00         4.501            0.292               296.0
  2011    05    02    22     40      00         4.551            0.305               279.1
  2011    05    02    22     50      00         5.656            0.073               311.5
  2011    05    02    23     00      00         5.260            0.227               316.3
  2011    05    02    23     10      00         6.018            0.260               325.5
  2011    05    02    23     20      00         6.097            0.218               321.4
  2011    05    02    23     30      00         6.229            0.218               314.7
  2011    05    02    23     40      00         5.851            0.239               303.5
  2011    05    02    23     50      00         6.200            0.278               310.8
  2011    05    03    00     00      00         6.314            0.321               320.0
  2011    05    03    00     10      00         6.038            0.230               316.4
  2011    05    03    00     20      00         6.550            0.447               329.2
  2011    05    03    00     30      00         5.994            0.168               304.2
  2011    05    03    00     40      00         5.991            0.497               326.6
  2011    05    03    00     50      00         5.914            0.216               312.7
  2011    05    03    01     00      00         6.079            0.168               319.5
  2011    05    03    01     10      00         5.841            0.245               312.2
  2011    05    03    01     20      00         6.124            0.192               296.4
  2011    05    03    01     30      00         5.523            0.203               299.2
  2011    05    03    01     40      00         5.374            0.088               293.0
  2011    05    03    01     50      00         5.450            0.239               304.9
  2011    05    03    02     00      00         5.467            0.263               312.7
  2011    05    03    02     10      00         5.588            0.165               301.9
  2011    05    03    02     20      00         5.658            0.194               312.0
  2011    05    03    02     30      00         5.215            0.209               320.4
  2011    05    03    02     40      00         4.835            0.232               315.1
  2011    05    03    02     50      00         4.622            0.208               307.4
  2011    05    03    03     00      00         4.854            0.131               312.7
  2011    05    03    03     10      00         5.327            0.222               303.5
  2011    05    03    03     20      00         5.360            0.239               325.3
  2011    05    03    03     30      00         4.901            0.359               304.3
  2011    05    03    03     40      00         5.078            0.309               313.5
  2011    05    03    03     50      00         4.786            0.176               295.6
  2011    05    03    04     00      00         4.781            0.158               299.4
  2011    05    03    04     10      00         4.927            0.087               305.4
  2011    05    03    04     20      00         5.159            0.257               324.2
  2011    05    03    04     30      00         4.632            0.241               309.0
  2011    05    03    04     40      00         5.145            0.455               304.0
  2011    05    03    04     50      00         5.633            0.210               328.7
  2011    05    03    05     00      00         5.423            0.245               306.3
  2011    05    03    05     10      00         5.138            0.048               303.9
  2011    05    03    05     20      00         4.870            0.146               296.2
  2011    05    03    05     30      00         4.919            0.058               298.0
  2011    05    03    05     40      00         4.921            0.175               305.7
  2011    05    03    05     50      00         4.980            0.190               314.4
  2011    05    03    06     00      00         5.186            0.262               310.3
  2011    05    03    06     10      00         4.674            0.304               309.5
  2011    05    03    06     20      00         4.779            0.317               323.2
  2011    05    03    06     30      00         4.790            0.446               324.7
  2011    05    03    06     40      00         5.048            0.516               324.6
  2011    05    03    06     50      00         4.776            0.364               308.5
  2011    05    03    07     00      00         4.794            0.490               325.1
  2011    05    03    07     10      00         4.743            0.469               313.6
  2011    05    03    07     20      00         5.036            0.130               299.7
  2011    05    03    07     30      00         4.558            0.133               282.0
  2011    05    03    07     40      00         4.742            0.425               322.2
  2011    05    03    07     50      00         4.785            0.087               319.6
  2011    05    03    08     00      00         4.906            0.203               279.1
  2011    05    03    08     10      00         4.375            0.299               253.9
  2011    05    03    08     20      00         4.172            0.278               259.6
  2011    05    03    08     30      00       999.999           99.999              9999.9
  2011    05    03    08     40      00         4.243            0.092               286.4
  2011    05    03    08     50      00         4.040            0.249               309.6
  2011    05    03    09     00      00       999.999           99.999              9999.9
  2011    05    03    09     10      00         4.069            0.149               307.0
  2011    05    03    09     20      00         4.288            0.326               301.4
  2011    05    03    09     30      00         4.204            0.157               276.7
  2011    05    03    09     40      00         4.155            0.263               289.2
  2011    05    03    09     50      00         4.115            0.197               301.5
  2011    05    03    10     00      00         4.135            0.131               296.3
  2011    05    03    10     10      00         4.224            0.111               294.5
  2011    05    03    10     20      00         4.907            0.258               323.8
  2011    05    03    10     30      00         4.928            0.173               319.9
  2011    05    03    10     40      00         4.897            0.242               306.7
  2011    05    03    10     50      00         4.872            0.037               297.7
  2011    05    03    11     00      00         5.160            0.145               310.6
  2011    05    03    11     10      00         5.139            0.195               301.7
  2011    05    03    11     20      00         4.927            0.161               270.6
  2011    05    03    11     30      00         5.202            0.303               261.8
  2011    05    03    11     40      00         5.211            0.043               274.9
  2011    05    03    11     50      00         5.091            0.204               321.5
  2011    05    03    12     00      00         5.559            0.236               332.7
  2011    05    03    12     10      00         5.502            0.206               322.6
  2011    05    03    12     20      00         5.650            0.079               277.7
  2011    05    03    12     30      00         5.257            0.127               242.5
  2011    05    03    12     40      00         4.854            0.044               279.0
  2011    05    03    12     50      00         4.267            0.273               281.3
  2011    05    03    13     00      00         4.038            0.240               261.5
  2011    05    03    13     10      00         3.850            0.029               228.5
  2011    05    03    13     20      00         4.315            0.355               288.2
  2011    05    03    13     30      00         4.339            0.309               299.9
  2011    05    03    13     40      00         4.407            0.244               287.5
  2011    05    03    13     50      00         4.119            0.213               264.6
  2011    05    03    14     00      00         4.801            0.287               306.7
  2011    05    03    14     10      00         5.362            0.148               306.6
  2011    05    03    14     20      00         5.278            0.189               305.5
  2011    05    03    14     30      00         4.870            0.290               292.2
  2011    05    03    14     40      00         4.279            0.271               262.4
  2011    05    03    14     50      00         4.658            0.318               304.3
  2011    05    03    15     00      00         4.554            0.321               290.7
  2011    05    03    15     10      00         4.100            0.137               253.5
  2011    05    03    15     20      00         3.977            0.028               228.4
  2011    05    03    15     30      00         3.941            0.139               225.6
  2011    05    03    15     40      00         4.566            0.317               280.2
  2011    05    03    15     50      00         4.570            0.282               241.7
  2011    05    03    16     00      00         4.608            0.297               249.5
  2011    05    03    16     10      00         4.057            0.018               231.1
  2011    05    03    16     20      00         5.149            0.313               296.2
  2011    05    03    16     30      00         4.858            0.315               269.4
  2011    05    03    16     40      00         4.403            0.057               239.1
  2011    05    03    16     50      00         4.670            0.190               251.7
  2011    05    03    17     00      00         4.176            0.034               212.2
  2011    05    03    17     10      00         4.140            0.072               225.2
  2011    05    03    17     20      00         4.609            0.353               262.1
  2011    05    03    17     30      00         5.575            0.218               307.1
  2011    05    03    17     40      00         5.445            0.474               343.1
  2011    05    03    17     50      00         5.089            0.328               313.3
  2011    05    03    18     00      00         5.246            0.298               317.1
  2011    05    03    18     10      00         5.825            0.122               292.8
  2011    05    03    18     20      00         5.181            0.304               274.2
  2011    05    03    18     30      00         5.158            0.323               298.9
  2011    05    03    18     40      00         4.838            0.454               284.4
  2011    05    03    18     50      00         5.623            0.338               309.3
  2011    05    03    19     00      00         5.449            0.207               303.5
  2011    05    03    19     10      00         5.570            0.201               317.6
  2011    05    03    19     20      00         5.427            0.239               309.5
  2011    05    03    19     30      00         5.211            0.388               320.5
  2011    05    03    19     40      00         5.010            0.223               305.3
  2011    05    03    19     50      00         5.283            0.218               298.3
  2011    05    03    20     00      00         5.262            0.456               301.7
  2011    05    03    20     10      00         5.274            0.261               313.1
  2011    05    03    20     20      00         5.561            0.292               316.2
  2011    05    03    20     30      00         5.656            0.117               291.9
  2011    05    03    20     40      00         5.611            0.223               301.3
  2011    05    03    20     50      00         5.190            0.226               313.4
  2011    05    03    21     00      00         5.658            0.232               309.8
  2011    05    03    21     10      00         5.479            0.227               309.9
  2011    05    03    21     20      00         5.519            0.148               318.4
  2011    05    03    21     30      00         5.646            0.123               311.2
  2011    05    03    21     40      00         5.051            0.287               317.5
  2011    05    03    21     50      00         5.109            0.174               303.3
  2011    05    03    22     00      00         4.980            0.228               289.8
  2011    05    03    22     10      00         5.265            0.304               323.7
  2011    05    03    22     20      00         5.627            0.136               313.7
  2011    05    03    22     30      00         5.827            0.104               305.7
  2011    05    03    22     40      00         5.625            0.100               300.4
  2011    05    03    22     50      00         5.628            0.263               309.8
  2011    05    03    23     00      00         5.718            0.225               307.1
  2011    05    03    23     10      00         5.811            0.319               304.5
  2011    05    03    23     20      00         5.444            0.290               305.6
  2011    05    03    23     30      00         5.473            0.274               309.4
  2011    05    03    23     40      00         5.414            0.243               312.0
  2011    05    03    23     50      00         5.787            0.276               314.3
  2011    05    04    00     00      00         6.139            0.179               318.3
  2011    05    04    00     10      00         5.720            0.219               304.9
  2011    05    04    00     20      00         5.849            0.117               305.0
  2011    05    04    00     30      00         5.999            0.129               306.5
  2011    05    04    00     40      00         6.098            0.181               300.5
  2011    05    04    00     50      00         5.451            0.429               291.1
  2011    05    04    01     00      00         5.118            0.323               315.8
  2011    05    04    01     10      00         5.382            0.384               308.6
  2011    05    04    01     20      00         5.239            0.207               310.1
  2011    05    04    01     30      00         5.103            0.080               296.6
  2011    05    04    01     40      00         5.259            0.145               304.1
  2011    05    04    01     50      00         5.143            0.229               299.9
  2011    05    04    02     00      00         5.107            0.088               281.1
  2011    05    04    02     10      00         5.066            0.025               286.8
  2011    05    04    02     20      00         4.727            0.049               282.5
  2011    05    04    02     30      00         4.869            0.222               297.3
  2011    05    04    02     40      00         4.780            0.121               307.0
  2011    05    04    02     50      00         5.011            0.253               308.8
  2011    05    04    03     00      00         4.973            0.188               301.7
  2011    05    04    03     10      00         4.985            0.122               301.6
  2011    05    04    03     20      00         5.278            0.123               307.4
  2011    05    04    03     30      00         5.236            0.201               313.1
  2011    05    04    03     40      00         5.091            0.181               302.2
  2011    05    04    03     50      00         5.174            0.255               317.5
  2011    05    04    04     00      00         5.180            0.296               324.5
  2011    05    04    04     10      00         4.861            0.071               290.3
  2011    05    04    04     20      00         5.094            0.126               308.9
  2011    05    04    04     30      00         4.943            0.076               303.0
  2011    05    04    04     40      00         4.982            0.292               316.3
  2011    05    04    04     50      00         5.015            0.174               302.5
  2011    05    04    05     00      00         5.188            0.224               300.6
  2011    05    04    05     10      00         5.092            0.120               298.7
  2011    05    04    05     20      00         5.006            0.192               302.8
  2011    05    04    05     30      00         4.954            0.108               293.9
  2011    05    04    05     40      00         4.980            0.248               303.6
  2011    05    04    05     50      00         5.148            0.091               296.1
  2011    05    04    06     00      00         4.987            0.348               289.1
  2011    05    04    06     10      00         4.994            0.239               282.6
  2011    05    04    06     20      00         4.941            0.170               303.7
  2011    05    04    06     30      00         4.886            0.334               304.6
  2011    05    04    06     40      00         5.044            0.401               305.9
  2011    05    04    06     50      00         5.379            0.126               298.0
  2011    05    04    07     00      00         5.245            0.079               291.6
  2011    05    04    07     10      00         5.003            0.142               289.0
  2011    05    04    07     20      00         5.335            0.230               317.5
  2011    05    04    07     30      00         5.580            0.406               326.7
  2011    05    04    07     40      00         5.788            0.084               303.1
  2011    05    04    07     50      00         5.935            0.192               313.3
  2011    05    04    08     00      00         5.924            0.055               295.5
  2011    05    04    08     10      00         5.792            0.128               297.6
  2011    05    04    08     20      00         5.903            0.442               306.3
  2011    05    04    08     30      00         5.773            0.155               293.8
  2011    05    04    08     40      00         5.277            0.111               275.5
  2011    05    04    08     50      00         5.880            0.371               313.2
  2011    05    04    09     00      00         5.125            0.230               271.8
  2011    05    04    09     10      00         5.022            0.123               280.4
  2011    05    04    09     20      00         4.632            0.274               312.5
  2011    05    04    09     30      00         4.778            0.150               316.4
  2011    05    04    09     40      00         4.904            0.141               308.7
  2011    05    04    09     50      00         4.803            0.066               293.5
  2011    05    04    10     00      00         4.633            0.097               287.2
  2011    05    04    10     10      00         4.578            0.101               266.0
  2011    05    04    10     20      00         4.329            0.085               263.3
  2011    05    04    10     30      00         4.231            0.053               274.1
  2011    05    04    10     40      00         4.619            0.196               321.2
  2011    05    04    10     50      00         4.615            0.081               302.0
  2011    05    04    11     00      00         4.705            0.155               294.5
  2011    05    04    11     10      00         5.187            0.145               298.5
  2011    05    04    11     20      00         4.949            0.256               295.8
  2011    05    04    11     30      00         4.764            0.138               287.3
  2011    05    04    11     40      00         4.928            0.220               313.2
  2011    05    04    11     50      00         5.089            0.197               301.6
  2011    05    04    12     00      00         5.055            0.123               303.9
  2011    05    04    12     10      00         5.059            0.134               267.7
  2011    05    04    12     20      00         5.205            0.276               302.0
  2011    05    04    12     30      00         5.279            0.277               309.4
  2011    05    04    12     40      00         5.260            0.241               300.9
  2011    05    04    12     50      00         4.990            0.227               295.2
  2011    05    04    13     00      00         4.817            0.212               296.4
  2011    05    04    13     10      00         4.896            0.242               298.5
  2011    05    04    13     20      00         4.975            0.115               288.8
  2011    05    04    13     30      00         4.976            0.139               293.3
  2011    05    04    13     40      00         4.951            0.231               297.7
  2011    05    04    13     50      00         4.924            0.279               300.6
  2011    05    04    14     00      00         4.972            0.305               292.4
  2011    05    04    14     10      00         5.028            0.320               288.8
  2011    05    04    14     20      00         4.872            0.273               281.9
  2011    05    04    14     30      00         5.055            0.305               300.7
  2011    05    04    14     40      00         4.971            0.274               257.1
  2011    05    04    14     50      00         5.052            0.139               285.0
  2011    05    04    15     00      00         5.312            0.216               306.0
  2011    05    04    15     10      00         5.292            0.217               300.6
  2011    05    04    15     20      00         5.307            0.252               295.8
  2011    05    04    15     30      00         5.379            0.224               296.9
  2011    05    04    15     40      00         5.290            0.280               293.4
  2011    05    04    15     50      00         5.109            0.222               283.9
  2011    05    04    16     00      00         4.989            0.247               290.4
  2011    05    04    16     10      00         5.111            0.282               287.6
  2011    05    04    16     20      00         5.029            0.217               284.3
  2011    05    04    16     30      00         4.753            0.299               279.6
  2011    05    04    16     40      00         4.631            0.325               274.9
  2011    05    04    16     50      00         4.952            0.242               280.9
  2011    05    04    17     00      00         5.130            0.288               336.4
  2011    05    04    17     10      00         5.160            0.303               299.5
  2011    05    04    17     20      00         5.095            0.330               301.1
  2011    05    04    17     30      00         4.202            0.033               226.4
  2011    05    04    17     40      00         5.281            0.241               303.1
  2011    05    04    17     50      00         4.218            0.038               231.0
  2011    05    04    18     00      00         4.162            0.010               211.8
  2011    05    04    18     10      00         4.131            0.094               229.5
  2011    05    04    18     20      00         5.130            0.295               290.2
  2011    05    04    18     30      00         5.318            0.375               289.8
  2011    05    04    18     40      00         5.104            0.310               266.7
  2011    05    04    18     50      00         4.729            0.380               238.8
  2011    05    04    19     00      00         4.882            0.404               257.7
  2011    05    04    19     10      00         4.761            0.322               245.4
  2011    05    04    19     20      00         5.145            0.312               295.9
  2011    05    04    19     30      00         4.574            0.392               287.2
  2011    05    04    19     40      00         4.988            0.368               291.7
  2011    05    04    19     50      00         5.649            0.301               305.1
  2011    05    04    20     00      00         5.501            0.379               307.2
  2011    05    04    20     10      00         5.778            0.047               285.1
  2011    05    04    20     20      00         5.793            0.232               296.7
  2011    05    04    20     30      00         5.400            0.168               285.4
  2011    05    04    20     40      00         5.538            0.241               289.6
  2011    05    04    20     50      00         5.468            0.261               276.6
  2011    05    04    21     00      00         5.871            0.201               273.3
  2011    05    04    21     10      00         5.804            0.304               257.3
  2011    05    04    21     20      00         5.718            0.251               298.6
  2011    05    04    21     30      00         5.629            0.166               295.5
  2011    05    04    21     40      00         5.784            0.438               289.9
  2011    05    04    21     50      00         5.844            0.095               294.8
  2011    05    04    22     00      00         5.741            0.152               296.9
  2011    05    04    22     10      00         5.838            0.101               291.0
  2011    05    04    22     20      00         5.649            0.061               279.9
  2011    05    04    22     30      00         5.541            0.198               287.2
  2011    05    04    22     40      00         5.650            0.204               295.4
  2011    05    04    22     50      00         5.495            0.251               265.8
  2011    05    04    23     00      00         5.874            0.129               287.0
  2011    05    04    23     10      00         5.698            0.183               275.6
  2011    05    04    23     20      00         5.520            0.203               265.2
  2011    05    04    23     30      00         5.287            0.221               276.4
  2011    05    04    23     40      00         5.307            0.272               297.4
