  Year  Month   Day  Hour  Minute  Second    foF2 (MHz)   foF2 POLAN Error (MHz)   hmF2 (km)
  2012    06    10    00     00      00         5.356            0.228               336.1
  2012    06    10    00     10      00         5.342            0.173               324.4
  2012    06    10    00     20      00         5.577            0.065               253.1
  2012    06    10    00     30      00         6.106            0.113               263.2
  2012    06    10    00     40      00         5.863            0.235               296.1
  2012    06    10    00     50      00         5.836            0.221               289.3
  2012    06    10    01     00      00         5.911            0.337               294.2
  2012    06    10    01     10      00         5.902            0.272               294.4
  2012    06    10    01     20      00         5.950            0.309               307.7
  2012    06    10    01     30      00         5.610            0.225               297.4
  2012    06    10    01     40      00         5.876            0.233               318.6
  2012    06    10    01     50      00         6.107            0.178               295.1
  2012    06    10    02     00      00         6.422            0.299               287.1
  2012    06    10    02     10      00         5.895            0.376               297.1
  2012    06    10    02     20      00         5.102            0.280               313.9
  2012    06    10    02     30      00         5.826            0.258               330.9
  2012    06    10    02     40      00         6.162            0.276               333.7
  2012    06    10    02     50      00         5.733            0.195               327.8
  2012    06    10    03     00      00         6.480            0.277               328.5
  2012    06    10    03     10      00         6.808            0.255               309.9
  2012    06    10    03     20      00         7.089            0.219               288.9
  2012    06    10    03     30      00         6.669            0.119               271.1
  2012    06    10    03     40      00         6.118            0.164               276.7
  2012    06    10    03     50      00         5.801            0.273               282.5
  2012    06    10    04     00      00         5.234            0.229               276.5
  2012    06    10    04     10      00         5.179            0.154               298.2
  2012    06    10    04     20      00         5.565            0.226               309.6
  2012    06    10    04     30      00         5.839            0.288               330.3
  2012    06    10    04     40      00         6.320            0.311               302.9
  2012    06    10    04     50      00         6.488            0.253               298.4
  2012    06    10    05     00      00         6.402            0.285               303.9
  2012    06    10    05     10      00         6.316            0.215               290.7
  2012    06    10    05     20      00         6.072            0.200               304.5
  2012    06    10    05     30      00         6.111            0.228               301.5
  2012    06    10    05     40      00         6.141            0.207               300.4
  2012    06    10    05     50      00         6.101            0.162               304.2
  2012    06    10    06     00      00         6.172            0.311               310.5
  2012    06    10    06     10      00         5.742            0.220               296.2
  2012    06    10    06     20      00         5.499            0.143               278.1
  2012    06    10    06     30      00         5.959            0.305               307.2
  2012    06    10    06     40      00         5.902            0.247               307.3
  2012    06    10    06     50      00         5.974            0.224               310.9
  2012    06    10    07     00      00       999.999           99.999              9999.9
  2012    06    10    07     10      00       999.999           99.999              9999.9
  2012    06    10    07     20      00       999.999           99.999              9999.9
  2012    06    10    07     30      00       999.999           99.999              9999.9
  2012    06    10    07     40      00       999.999           99.999              9999.9
  2012    06    10    07     50      00       999.999           99.999              9999.9
  2012    06    10    08     00      00         6.046            0.218               292.1
  2012    06    10    08     10      00         5.852            0.248               307.1
  2012    06    10    08     20      00         6.112            0.241               309.0
  2012    06    10    08     30      00         5.922            0.247               301.7
  2012    06    10    08     40      00         5.891            0.208               300.3
  2012    06    10    08     50      00         6.023            0.209               297.9
  2012    06    10    09     00      00         5.932            0.220               295.7
  2012    06    10    09     10      00         6.010            0.293               311.9
  2012    06    10    09     20      00         5.995            0.218               294.0
  2012    06    10    09     30      00         5.937            0.303               275.3
  2012    06    10    09     40      00         5.912            0.271               310.0
  2012    06    10    09     50      00         5.951            0.249               307.5
  2012    06    10    10     00      00         5.932            0.183               300.6
  2012    06    10    10     10      00         5.790            0.261               304.3
  2012    06    10    10     20      00         5.831            0.226               293.9
  2012    06    10    10     30      00         5.944            0.242               297.8
  2012    06    10    10     40      00         5.751            0.211               293.6
  2012    06    10    10     50      00         5.939            0.236               298.9
  2012    06    10    11     00      00         5.851            0.257               297.5
  2012    06    10    11     10      00         5.780            0.308               297.0
  2012    06    10    11     20      00         5.911            0.197               283.3
  2012    06    10    11     30      00         5.583            0.236               296.0
  2012    06    10    11     40      00         5.420            0.207               285.9
  2012    06    10    11     50      00         5.570            0.258               295.1
  2012    06    10    12     00      00         5.541            0.247               291.8
  2012    06    10    12     10      00         5.361            0.204               289.4
  2012    06    10    12     20      00         5.472            0.173               281.2
  2012    06    10    12     30      00         5.298            0.279               274.3
  2012    06    10    12     40      00         5.620            0.187               282.2
  2012    06    10    12     50      00         5.515            0.126               262.4
  2012    06    10    13     00      00         5.321            0.177               273.8
  2012    06    10    13     10      00         5.296            0.217               288.2
  2012    06    10    13     20      00         5.379            0.215               276.6
  2012    06    10    13     30      00         5.373            0.212               271.7
  2012    06    10    13     40      00         5.491            0.171               276.8
  2012    06    10    13     50      00         5.252            0.091               264.0
  2012    06    10    14     00      00         5.285            0.272               282.3
  2012    06    10    14     10      00         5.349            0.240               283.8
  2012    06    10    14     20      00         5.089            0.402               280.2
  2012    06    10    14     30      00         5.138            0.286               282.2
  2012    06    10    14     40      00         5.310            0.390               285.6
  2012    06    10    14     50      00         5.440            0.432               276.9
  2012    06    10    15     00      00         5.176            0.288               269.9
  2012    06    10    15     10      00       999.999           99.999              9999.9
  2012    06    10    15     20      00       999.999           99.999              9999.9
  2012    06    10    15     30      00       999.999           99.999              9999.9
  2012    06    10    15     40      00       999.999           99.999              9999.9
  2012    06    10    15     50      00       999.999           99.999              9999.9
  2012    06    10    16     00      00       999.999           99.999              9999.9
  2012    06    10    16     10      00       999.999           99.999              9999.9
  2012    06    10    16     20      00       999.999           99.999              9999.9
  2012    06    10    16     30      00       999.999           99.999              9999.9
  2012    06    10    16     40      00       999.999           99.999              9999.9
  2012    06    10    16     50      00       999.999           99.999              9999.9
  2012    06    10    17     00      00       999.999           99.999              9999.9
  2012    06    10    17     10      00       999.999           99.999              9999.9
  2012    06    10    17     20      00       999.999           99.999              9999.9
  2012    06    10    17     30      00       999.999           99.999              9999.9
  2012    06    10    17     40      00       999.999           99.999              9999.9
  2012    06    10    17     50      00       999.999           99.999              9999.9
  2012    06    10    18     00      00       999.999           99.999              9999.9
  2012    06    10    18     10      00       999.999           99.999              9999.9
  2012    06    10    18     20      00       999.999           99.999              9999.9
  2012    06    10    18     30      00       999.999           99.999              9999.9
  2012    06    10    18     40      00       999.999           99.999              9999.9
  2012    06    10    18     50      00       999.999           99.999              9999.9
  2012    06    10    19     00      00       999.999           99.999              9999.9
  2012    06    10    19     10      00       999.999           99.999              9999.9
  2012    06    10    19     20      00       999.999           99.999              9999.9
  2012    06    10    19     30      00       999.999           99.999              9999.9
  2012    06    10    19     40      00       999.999           99.999              9999.9
  2012    06    10    19     50      00       999.999           99.999              9999.9
  2012    06    10    20     00      00       999.999           99.999              9999.9
  2012    06    10    20     10      00       999.999           99.999              9999.9
  2012    06    10    20     20      00       999.999           99.999              9999.9
  2012    06    10    20     30      00       999.999           99.999              9999.9
  2012    06    10    20     40      00       999.999           99.999              9999.9
  2012    06    10    20     50      00         5.551            0.294               295.0
  2012    06    10    21     00      00       999.999           99.999              9999.9
  2012    06    10    21     10      00       999.999           99.999              9999.9
  2012    06    10    21     20      00       999.999           99.999              9999.9
  2012    06    10    21     30      00       999.999           99.999              9999.9
  2012    06    10    21     40      00       999.999           99.999              9999.9
  2012    06    10    21     50      00       999.999           99.999              9999.9
  2012    06    10    22     00      00       999.999           99.999              9999.9
  2012    06    10    22     10      00       999.999           99.999              9999.9
  2012    06    10    22     20      00       999.999           99.999              9999.9
  2012    06    10    22     30      00       999.999           99.999              9999.9
  2012    06    10    22     40      00       999.999           99.999              9999.9
  2012    06    10    22     50      00       999.999           99.999              9999.9
  2012    06    10    23     00      00         6.121            0.216               289.7
  2012    06    10    23     10      00         6.193            0.253               286.6
  2012    06    10    23     20      00         6.102            0.164               274.9
  2012    06    10    23     30      00         6.063            0.186               270.5
  2012    06    10    23     40      00         6.151            0.280               284.3
  2012    06    10    23     50      00         6.182            0.395               294.6
  2012    06    11    00     00      00         6.499            0.279               311.0
  2012    06    11    00     10      00         6.232            0.249               321.5
  2012    06    11    00     20      00         6.594            0.246               322.6
  2012    06    11    00     30      00         6.285            0.197               311.1
  2012    06    11    00     40      00         6.276            0.222               302.3
  2012    06    11    00     50      00         6.344            0.252               311.4
  2012    06    11    01     00      00       999.999           99.999              9999.9
  2012    06    11    01     10      00       999.999           99.999              9999.9
  2012    06    11    01     20      00       999.999           99.999              9999.9
  2012    06    11    01     30      00       999.999           99.999              9999.9
  2012    06    11    01     40      00       999.999           99.999              9999.9
  2012    06    11    01     50      00       999.999           99.999              9999.9
  2012    06    11    02     00      00         6.354            0.194               250.3
  2012    06    11    02     10      00         5.754            0.212               273.7
  2012    06    11    02     20      00         6.202            0.245               299.5
  2012    06    11    02     30      00         6.342            0.153               289.3
  2012    06    11    02     40      00         6.555            0.252               296.0
  2012    06    11    02     50      00         6.611            0.164               306.5
  2012    06    11    03     00      00       999.999           99.999              9999.9
  2012    06    11    03     10      00       999.999           99.999              9999.9
  2012    06    11    03     20      00       999.999           99.999              9999.9
  2012    06    11    03     30      00       999.999           99.999              9999.9
  2012    06    11    03     40      00       999.999           99.999              9999.9
  2012    06    11    03     50      00       999.999           99.999              9999.9
  2012    06    11    04     00      00         6.057            0.146               304.7
  2012    06    11    04     10      00         6.902            0.205               299.1
  2012    06    11    04     20      00         6.056            0.179               286.2
  2012    06    11    04     30      00         6.128            0.120               274.2
  2012    06    11    04     40      00         5.305            0.117               278.0
  2012    06    11    04     50      00         5.616            0.157               307.5
  2012    06    11    05     00      00         5.527            0.148               302.8
  2012    06    11    05     10      00         5.451            0.184               291.8
  2012    06    11    05     20      00         5.825            0.257               310.3
  2012    06    11    05     30      00         5.880            0.299               306.9
  2012    06    11    05     40      00         5.971            0.202               298.4
  2012    06    11    05     50      00         6.206            0.249               297.2
  2012    06    11    06     00      00         6.060            0.208               252.0
  2012    06    11    06     10      00         6.014            0.183               239.0
  2012    06    11    06     20      00         6.309            0.205               237.8
  2012    06    11    06     30      00         6.085            0.181               239.2
  2012    06    11    06     40      00         5.067            0.193               292.8
  2012    06    11    06     50      00         5.322            0.248               307.1
  2012    06    11    07     00      00         5.125            0.194               301.9
  2012    06    11    07     10      00         5.580            0.212               333.1
  2012    06    11    07     20      00         5.760            0.169               319.2
  2012    06    11    07     30      00         6.360            0.208               318.9
  2012    06    11    07     40      00         6.379            0.115               270.1
  2012    06    11    07     50      00         6.182            0.297               276.7
  2012    06    11    08     00      00         6.509            0.286               282.7
  2012    06    11    08     10      00         6.402            0.207               279.2
  2012    06    11    08     20      00         6.241            0.273               317.4
  2012    06    11    08     30      00         6.333            0.159               334.4
  2012    06    11    08     40      00         6.207            0.117               313.3
  2012    06    11    08     50      00         6.462            0.268               310.5
  2012    06    11    09     00      00         6.015            0.191               317.7
  2012    06    11    09     10      00         6.232            0.190               320.4
  2012    06    11    09     20      00         6.338            0.312               325.3
  2012    06    11    09     30      00         6.174            0.276               318.0
  2012    06    11    09     40      00         5.652            0.262               304.5
  2012    06    11    09     50      00         5.733            0.187               306.8
  2012    06    11    10     00      00       999.999           99.999              9999.9
  2012    06    11    10     10      00       999.999           99.999              9999.9
  2012    06    11    10     20      00       999.999           99.999              9999.9
  2012    06    11    10     30      00       999.999           99.999              9999.9
  2012    06    11    10     40      00       999.999           99.999              9999.9
  2012    06    11    10     50      00       999.999           99.999              9999.9
  2012    06    11    11     00      00       999.999           99.999              9999.9
  2012    06    11    11     10      00       999.999           99.999              9999.9
  2012    06    11    11     20      00         4.940            0.226               305.8
  2012    06    11    11     30      00         5.197            0.269               304.8
  2012    06    11    11     40      00         5.223            0.189               264.7
  2012    06    11    11     50      00         5.346            0.248               282.5
  2012    06    11    12     00      00         5.399            0.181               293.3
  2012    06    11    12     10      00         5.026            0.255               296.5
  2012    06    11    12     20      00         5.159            0.239               301.2
  2012    06    11    12     30      00         5.140            0.156               281.4
  2012    06    11    12     40      00         5.077            0.276               281.0
  2012    06    11    12     50      00         5.040            0.210               278.9
  2012    06    11    13     00      00       999.999           99.999              9999.9
  2012    06    11    13     10      00       999.999           99.999              9999.9
  2012    06    11    13     20      00       999.999           99.999              9999.9
  2012    06    11    13     30      00       999.999           99.999              9999.9
  2012    06    11    13     40      00       999.999           99.999              9999.9
  2012    06    11    13     50      00       999.999           99.999              9999.9
  2012    06    11    14     00      00       999.999           99.999              9999.9
  2012    06    11    14     10      00       999.999           99.999              9999.9
  2012    06    11    14     20      00       999.999           99.999              9999.9
  2012    06    11    14     30      00       999.999           99.999              9999.9
  2012    06    11    14     40      00       999.999           99.999              9999.9
  2012    06    11    14     50      00       999.999           99.999              9999.9
  2012    06    11    15     00      00       999.999           99.999              9999.9
  2012    06    11    15     10      00       999.999           99.999              9999.9
  2012    06    11    15     20      00       999.999           99.999              9999.9
  2012    06    11    15     30      00       999.999           99.999              9999.9
  2012    06    11    15     40      00       999.999           99.999              9999.9
  2012    06    11    15     50      00       999.999           99.999              9999.9
  2012    06    11    16     00      00       999.999           99.999              9999.9
  2012    06    11    16     10      00       999.999           99.999              9999.9
  2012    06    11    16     20      00       999.999           99.999              9999.9
  2012    06    11    16     30      00       999.999           99.999              9999.9
  2012    06    11    16     40      00       999.999           99.999              9999.9
  2012    06    11    16     50      00       999.999           99.999              9999.9
  2012    06    11    17     00      00       999.999           99.999              9999.9
  2012    06    11    17     10      00       999.999           99.999              9999.9
  2012    06    11    17     20      00       999.999           99.999              9999.9
  2012    06    11    17     30      00       999.999           99.999              9999.9
  2012    06    11    17     40      00       999.999           99.999              9999.9
  2012    06    11    17     50      00       999.999           99.999              9999.9
  2012    06    11    18     00      00       999.999           99.999              9999.9
  2012    06    11    18     10      00       999.999           99.999              9999.9
  2012    06    11    18     20      00       999.999           99.999              9999.9
  2012    06    11    18     30      00       999.999           99.999              9999.9
  2012    06    11    18     40      00       999.999           99.999              9999.9
  2012    06    11    18     50      00       999.999           99.999              9999.9
  2012    06    11    19     00      00       999.999           99.999              9999.9
  2012    06    11    19     10      00       999.999           99.999              9999.9
  2012    06    11    19     20      00       999.999           99.999              9999.9
  2012    06    11    19     30      00       999.999           99.999              9999.9
  2012    06    11    19     40      00       999.999           99.999              9999.9
  2012    06    11    19     50      00       999.999           99.999              9999.9
  2012    06    11    20     00      00       999.999           99.999              9999.9
  2012    06    11    20     10      00       999.999           99.999              9999.9
  2012    06    11    20     20      00       999.999           99.999              9999.9
  2012    06    11    20     30      00       999.999           99.999              9999.9
  2012    06    11    20     40      00       999.999           99.999              9999.9
  2012    06    11    20     50      00       999.999           99.999              9999.9
  2012    06    11    21     00      00         6.412            0.259               330.7
  2012    06    11    21     10      00         5.934            0.295               325.8
  2012    06    11    21     20      00       999.999           99.999              9999.9
  2012    06    11    21     30      00         5.901            0.279               315.7
  2012    06    11    21     40      00         5.302            0.355               302.6
  2012    06    11    21     50      00         6.127            0.235               334.6
  2012    06    11    22     00      00         6.821            0.502               350.6
  2012    06    11    22     10      00         7.043            0.251               332.4
  2012    06    11    22     20      00         6.874            0.224               321.4
  2012    06    11    22     30      00         6.917            0.261               324.1
  2012    06    11    22     40      00         6.437            0.161               315.4
  2012    06    11    22     50      00         6.341            0.363               311.0
  2012    06    11    23     00      00         7.311            0.204               318.4
  2012    06    11    23     10      00         6.902            0.155               306.7
  2012    06    11    23     20      00         6.903            0.086               293.8
  2012    06    11    23     30      00         6.191            0.159               302.6
  2012    06    11    23     40      00         6.313            0.062               295.6
  2012    06    11    23     50      00         6.125            0.250               307.1
  2012    06    12    00     00      00         5.826            0.236               313.6
  2012    06    12    00     10      00         5.450            0.226               314.7
  2012    06    12    00     20      00         5.912            0.194               297.9
  2012    06    12    00     30      00         6.146            0.024               301.3
  2012    06    12    00     40      00         6.452            0.254               294.2
  2012    06    12    00     50      00         5.615            0.126               276.3
  2012    06    12    01     00      00         5.195            0.332               281.3
  2012    06    12    01     10      00         6.350            0.191               282.3
  2012    06    12    01     20      00         5.728            0.151               277.0
  2012    06    12    01     30      00         5.723            0.233               279.9
  2012    06    12    01     40      00         5.577            0.158               276.7
  2012    06    12    01     50      00         5.699            0.169               264.4
  2012    06    12    02     00      00         5.181            0.129               259.8
  2012    06    12    02     10      00       999.999           99.999              9999.9
  2012    06    12    02     20      00       999.999           99.999              9999.9
  2012    06    12    02     30      00         6.751            0.310               333.5
  2012    06    12    02     40      00         6.448            0.399               325.2
  2012    06    12    02     50      00         6.189            0.252               316.9
  2012    06    12    03     00      00         5.539            0.268               327.9
  2012    06    12    03     10      00         5.355            0.282               303.7
  2012    06    12    03     20      00         5.157            0.221               320.5
  2012    06    12    03     30      00         5.379            0.260               305.2
  2012    06    12    03     40      00         5.874            0.156               309.9
  2012    06    12    03     50      00         5.144            0.207               302.7
  2012    06    12    04     00      00         5.248            0.222               296.4
  2012    06    12    04     10      00         4.554            0.192               288.6
  2012    06    12    04     20      00         4.470            0.197               254.8
  2012    06    12    04     30      00         4.384            0.256               295.2
  2012    06    12    04     40      00         4.349            0.250               296.5
  2012    06    12    04     50      00         4.132            0.230               313.3
  2012    06    12    05     00      00         4.318            0.263               321.8
  2012    06    12    05     10      00         4.326            0.268               315.2
  2012    06    12    05     20      00         4.487            0.146               315.3
  2012    06    12    05     30      00         4.626            0.167               296.2
  2012    06    12    05     40      00         4.469            0.182               308.9
  2012    06    12    05     50      00         4.388            0.205               315.0
  2012    06    12    06     00      00         4.384            0.124               297.1
  2012    06    12    06     10      00         4.267            0.190               294.3
  2012    06    12    06     20      00         4.295            0.281               305.3
  2012    06    12    06     30      00         4.418            0.180               330.6
  2012    06    12    06     40      00         4.748            0.199               328.5
  2012    06    12    06     50      00         4.618            0.132               309.9
  2012    06    12    07     00      00         4.389            0.183               304.9
  2012    06    12    07     10      00         4.526            0.263               322.1
  2012    06    12    07     20      00         4.368            0.198               311.2
  2012    06    12    07     30      00         4.052            0.272               310.5
  2012    06    12    07     40      00         4.055            0.260               322.7
  2012    06    12    07     50      00         4.133            0.225               311.0
  2012    06    12    08     00      00         4.365            0.274               335.9
  2012    06    12    08     10      00         4.526            0.228               319.7
  2012    06    12    08     20      00         4.417            0.191               309.5
  2012    06    12    08     30      00         4.540            0.179               321.4
  2012    06    12    08     40      00         4.667            0.267               317.9
  2012    06    12    08     50      00         4.614            0.243               318.1
  2012    06    12    09     00      00       999.999           99.999              9999.9
  2012    06    12    09     10      00       999.999           99.999              9999.9
  2012    06    12    09     20      00       999.999           99.999              9999.9
  2012    06    12    09     30      00       999.999           99.999              9999.9
  2012    06    12    09     40      00       999.999           99.999              9999.9
  2012    06    12    09     50      00       999.999           99.999              9999.9
  2012    06    12    10     00      00         5.056            0.251               325.5
  2012    06    12    10     10      00         5.143            0.189               333.1
  2012    06    12    10     20      00         4.717            0.344               321.9
  2012    06    12    10     30      00         5.079            0.142               329.0
  2012    06    12    10     40      00         5.056            0.103               301.4
  2012    06    12    10     50      00         5.254            0.193               321.5
  2012    06    12    11     00      00         5.299            0.218               322.2
  2012    06    12    11     10      00         5.332            0.209               328.5
  2012    06    12    11     20      00         5.189            0.139               308.8
  2012    06    12    11     30      00         5.073            0.150               322.0
  2012    06    12    11     40      00         5.017            0.225               316.1
  2012    06    12    11     50      00         5.094            0.320               310.2
  2012    06    12    12     00      00         5.139            0.270               313.4
  2012    06    12    12     10      00         5.029            0.169               321.2
  2012    06    12    12     20      00         4.909            0.194               311.9
  2012    06    12    12     30      00         5.188            0.256               316.0
  2012    06    12    12     40      00         5.147            0.233               271.7
  2012    06    12    12     50      00         5.175            0.114               304.5
  2012    06    12    13     00      00         5.164            0.111               283.9
  2012    06    12    13     10      00         5.170            0.168               286.4
  2012    06    12    13     20      00         5.254            0.376               302.1
  2012    06    12    13     30      00         5.104            0.310               299.7
  2012    06    12    13     40      00         5.277            0.279               308.3
  2012    06    12    13     50      00         5.290            0.250               301.7
  2012    06    12    14     00      00         5.062            0.298               286.7
  2012    06    12    14     10      00         5.149            0.233               308.6
  2012    06    12    14     20      00         5.184            0.390               300.4
  2012    06    12    14     30      00       999.999           99.999              9999.9
  2012    06    12    14     40      00       999.999           99.999              9999.9
  2012    06    12    14     50      00       999.999           99.999              9999.9
  2012    06    12    15     00      00       999.999           99.999              9999.9
  2012    06    12    15     10      00       999.999           99.999              9999.9
  2012    06    12    15     20      00       999.999           99.999              9999.9
  2012    06    12    15     30      00       999.999           99.999              9999.9
  2012    06    12    15     40      00       999.999           99.999              9999.9
  2012    06    12    15     50      00       999.999           99.999              9999.9
  2012    06    12    16     00      00       999.999           99.999              9999.9
  2012    06    12    16     10      00       999.999           99.999              9999.9
  2012    06    12    16     20      00       999.999           99.999              9999.9
  2012    06    12    16     30      00       999.999           99.999              9999.9
  2012    06    12    16     40      00       999.999           99.999              9999.9
  2012    06    12    16     50      00       999.999           99.999              9999.9
  2012    06    12    17     00      00       999.999           99.999              9999.9
  2012    06    12    17     10      00       999.999           99.999              9999.9
  2012    06    12    17     20      00       999.999           99.999              9999.9
  2012    06    12    17     30      00       999.999           99.999              9999.9
  2012    06    12    17     40      00       999.999           99.999              9999.9
  2012    06    12    17     50      00       999.999           99.999              9999.9
  2012    06    12    18     00      00       999.999           99.999              9999.9
  2012    06    12    18     10      00       999.999           99.999              9999.9
  2012    06    12    18     20      00       999.999           99.999              9999.9
  2012    06    12    18     30      00       999.999           99.999              9999.9
  2012    06    12    18     40      00       999.999           99.999              9999.9
  2012    06    12    18     50      00       999.999           99.999              9999.9
  2012    06    12    19     00      00       999.999           99.999              9999.9
  2012    06    12    19     10      00       999.999           99.999              9999.9
  2012    06    12    19     20      00       999.999           99.999              9999.9
  2012    06    12    19     30      00       999.999           99.999              9999.9
  2012    06    12    19     40      00       999.999           99.999              9999.9
  2012    06    12    19     50      00       999.999           99.999              9999.9
  2012    06    12    20     00      00       999.999           99.999              9999.9
  2012    06    12    20     10      00       999.999           99.999              9999.9
  2012    06    12    20     20      00       999.999           99.999              9999.9
  2012    06    12    20     30      00       999.999           99.999              9999.9
  2012    06    12    20     40      00       999.999           99.999              9999.9
  2012    06    12    20     50      00       999.999           99.999              9999.9
  2012    06    12    21     00      00       999.999           99.999              9999.9
  2012    06    12    21     10      00       999.999           99.999              9999.9
  2012    06    12    21     20      00         5.396            0.270               309.1
  2012    06    12    21     30      00         5.502            0.329               299.0
  2012    06    12    21     40      00       999.999           99.999              9999.9
  2012    06    12    21     50      00       999.999           99.999              9999.9
  2012    06    12    22     00      00       999.999           99.999              9999.9
  2012    06    12    22     10      00       999.999           99.999              9999.9
  2012    06    12    22     20      00       999.999           99.999              9999.9
  2012    06    12    22     30      00       999.999           99.999              9999.9
  2012    06    12    22     40      00       999.999           99.999              9999.9
  2012    06    12    22     50      00       999.999           99.999              9999.9
  2012    06    12    23     00      00       999.999           99.999              9999.9
  2012    06    12    23     10      00       999.999           99.999              9999.9
  2012    06    12    23     20      00         5.571            0.246               321.2
  2012    06    12    23     30      00         5.291            0.230               314.6
  2012    06    12    23     40      00         5.299            0.327               303.3
  2012    06    12    23     50      00         5.178            0.319               294.3
  2012    06    13    00     00      00         5.305            0.300               305.2
  2012    06    13    00     10      00         5.127            0.278               294.7
  2012    06    13    00     20      00         5.378            0.275               296.5
  2012    06    13    00     30      00         5.359            0.136               305.1
  2012    06    13    00     40      00         5.423            0.210               310.0
  2012    06    13    00     50      00         5.268            0.266               302.6
  2012    06    13    01     00      00         5.408            0.174               303.8
  2012    06    13    01     10      00         5.418            0.210               293.6
  2012    06    13    01     20      00         5.655            0.302               305.2
  2012    06    13    01     30      00         5.343            0.208               294.4
  2012    06    13    01     40      00         5.161            0.163               305.3
  2012    06    13    01     50      00         5.387            0.283               297.2
  2012    06    13    02     00      00       999.999           99.999              9999.9
  2012    06    13    02     10      00       999.999           99.999              9999.9
  2012    06    13    02     20      00       999.999           99.999              9999.9
  2012    06    13    02     30      00       999.999           99.999              9999.9
  2012    06    13    02     40      00       999.999           99.999              9999.9
  2012    06    13    02     50      00       999.999           99.999              9999.9
  2012    06    13    03     00      00         5.179            0.221               293.4
  2012    06    13    03     10      00         5.264            0.240               315.9
  2012    06    13    03     20      00         5.301            0.230               307.6
  2012    06    13    03     30      00         5.190            0.228               307.1
  2012    06    13    03     40      00         5.244            0.215               310.6
  2012    06    13    03     50      00         5.076            0.187               298.0
  2012    06    13    04     00      00         5.284            0.340               315.1
  2012    06    13    04     10      00         5.307            0.260               330.6
  2012    06    13    04     20      00         5.640            0.204               329.3
  2012    06    13    04     30      00         5.756            0.140               310.7
  2012    06    13    04     40      00         6.033            0.177               315.2
  2012    06    13    04     50      00         5.960            0.050               297.3
  2012    06    13    05     00      00         5.877            0.111               299.5
  2012    06    13    05     10      00         5.576            0.077               291.0
  2012    06    13    05     20      00         5.404            0.200               293.6
  2012    06    13    05     30      00         5.293            0.207               297.1
  2012    06    13    05     40      00         5.327            0.131               304.8
  2012    06    13    05     50      00         5.412            0.167               304.5
  2012    06    13    06     00      00         5.186            0.147               287.1
  2012    06    13    06     10      00         5.321            0.167               297.2
  2012    06    13    06     20      00         5.481            0.181               307.0
  2012    06    13    06     30      00         5.479            0.211               289.7
  2012    06    13    06     40      00         5.120            0.139               297.2
  2012    06    13    06     50      00         5.188            0.171               300.1
  2012    06    13    07     00      00         5.233            0.088               296.2
  2012    06    13    07     10      00         5.153            0.073               296.9
  2012    06    13    07     20      00         5.321            0.219               315.9
  2012    06    13    07     30      00         5.300            0.193               301.3
  2012    06    13    07     40      00         5.081            0.145               295.9
  2012    06    13    07     50      00         5.089            0.187               312.1
  2012    06    13    08     00      00         5.161            0.214               315.1
  2012    06    13    08     10      00         5.236            0.154               317.5
  2012    06    13    08     20      00         5.058            0.172               310.3
  2012    06    13    08     30      00         4.950            0.173               302.1
  2012    06    13    08     40      00         4.940            0.209               297.4
  2012    06    13    08     50      00         5.227            0.173               309.2
  2012    06    13    09     00      00         5.208            0.234               307.2
  2012    06    13    09     10      00         5.110            0.150               304.9
  2012    06    13    09     20      00         5.210            0.212               319.5
  2012    06    13    09     30      00         5.412            0.212               317.6
  2012    06    13    09     40      00         5.485            0.210               300.4
  2012    06    13    09     50      00         5.588            0.111               287.5
  2012    06    13    10     00      00         5.494            0.083               274.6
  2012    06    13    10     10      00         5.579            0.140               263.0
  2012    06    13    10     20      00         5.274            0.177               250.7
  2012    06    13    10     30      00         4.758            0.189               239.2
  2012    06    13    10     40      00         4.475            0.156               268.0
  2012    06    13    10     50      00         4.578            0.217               296.9
  2012    06    13    11     00      00         5.047            0.312               332.2
  2012    06    13    11     10      00         5.023            0.183               270.9
  2012    06    13    11     20      00         4.922            0.273               278.4
  2012    06    13    11     30      00         4.929            0.279               315.1
  2012    06    13    11     40      00         5.234            0.355               308.4
  2012    06    13    11     50      00         5.042            0.282               311.9
  2012    06    13    12     00      00         5.267            0.184               304.0
  2012    06    13    12     10      00         5.271            0.260               299.3
  2012    06    13    12     20      00         5.283            0.213               297.1
  2012    06    13    12     30      00         5.326            0.305               298.4
  2012    06    13    12     40      00         5.128            0.272               318.6
  2012    06    13    12     50      00         5.394            0.276               340.4
  2012    06    13    13     00      00         5.259            0.265               308.1
  2012    06    13    13     10      00         5.529            0.233               321.8
  2012    06    13    13     20      00         5.780            0.259               311.7
  2012    06    13    13     30      00         5.663            0.161               312.3
  2012    06    13    13     40      00         5.874            0.231               308.5
  2012    06    13    13     50      00         5.570            0.159               298.4
  2012    06    13    14     00      00         6.056            0.299               303.8
  2012    06    13    14     10      00         6.139            0.112               307.5
  2012    06    13    14     20      00         5.535            0.250               284.5
  2012    06    13    14     30      00         5.309            0.244               284.5
  2012    06    13    14     40      00         5.352            0.312               306.0
  2012    06    13    14     50      00         5.692            0.164               298.9
  2012    06    13    15     00      00         5.443            0.345               295.8
  2012    06    13    15     10      00         5.569            0.324               293.3
  2012    06    13    15     20      00         5.679            0.261               305.2
  2012    06    13    15     30      00         5.314            0.356               287.0
  2012    06    13    15     40      00         5.711            0.231               295.7
  2012    06    13    15     50      00         5.358            0.252               285.0
  2012    06    13    16     00      00       999.999           99.999              9999.9
  2012    06    13    16     10      00       999.999           99.999              9999.9
  2012    06    13    16     20      00       999.999           99.999              9999.9
  2012    06    13    16     30      00       999.999           99.999              9999.9
  2012    06    13    16     40      00       999.999           99.999              9999.9
  2012    06    13    16     50      00       999.999           99.999              9999.9
  2012    06    13    17     00      00       999.999           99.999              9999.9
  2012    06    13    17     10      00       999.999           99.999              9999.9
  2012    06    13    17     20      00       999.999           99.999              9999.9
  2012    06    13    17     30      00       999.999           99.999              9999.9
  2012    06    13    17     40      00       999.999           99.999              9999.9
  2012    06    13    17     50      00       999.999           99.999              9999.9
  2012    06    13    18     00      00         5.775            0.378               301.0
  2012    06    13    18     10      00         6.041            0.330               304.7
  2012    06    13    18     20      00       999.999           99.999              9999.9
  2012    06    13    18     30      00       999.999           99.999              9999.9
  2012    06    13    18     40      00       999.999           99.999              9999.9
  2012    06    13    18     50      00       999.999           99.999              9999.9
  2012    06    13    19     00      00       999.999           99.999              9999.9
  2012    06    13    19     10      00       999.999           99.999              9999.9
  2012    06    13    19     20      00         5.938            0.300               300.1
  2012    06    13    19     30      00         5.965            0.415               308.3
  2012    06    13    19     40      00         5.773            0.299               289.3
  2012    06    13    19     50      00         5.803            0.245               284.8
  2012    06    13    20     00      00         5.837            0.305               295.1
  2012    06    13    20     10      00         5.938            0.265               302.3
  2012    06    13    20     20      00         6.099            0.159               301.3
  2012    06    13    20     30      00         6.041            0.133               289.1
  2012    06    13    20     40      00         6.033            0.254               309.4
  2012    06    13    20     50      00         6.143            0.277               318.8
  2012    06    13    21     00      00       999.999           99.999              9999.9
  2012    06    13    21     10      00       999.999           99.999              9999.9
  2012    06    13    21     20      00       999.999           99.999              9999.9
  2012    06    13    21     30      00       999.999           99.999              9999.9
  2012    06    13    21     40      00       999.999           99.999              9999.9
  2012    06    13    21     50      00       999.999           99.999              9999.9
  2012    06    13    22     00      00         6.487            0.232               308.4
  2012    06    13    22     10      00         6.602            0.241               303.2
  2012    06    13    22     20      00         6.701            0.277               319.9
  2012    06    13    22     30      00         6.536            0.199               297.1
  2012    06    13    22     40      00         6.578            0.240               310.8
  2012    06    13    22     50      00         6.772            0.277               319.7
  2012    06    13    23     00      00       999.999           99.999              9999.9
  2012    06    13    23     10      00       999.999           99.999              9999.9
  2012    06    13    23     20      00       999.999           99.999              9999.9
  2012    06    13    23     30      00       999.999           99.999              9999.9
  2012    06    13    23     40      00       999.999           99.999              9999.9
  2012    06    13    23     50      00       999.999           99.999              9999.9
  2012    06    14    00     00      00       999.999           99.999              9999.9
  2012    06    14    00     10      00       999.999           99.999              9999.9
  2012    06    14    00     20      00       999.999           99.999              9999.9
  2012    06    14    00     30      00       999.999           99.999              9999.9
  2012    06    14    00     40      00       999.999           99.999              9999.9
  2012    06    14    00     50      00       999.999           99.999              9999.9
  2012    06    14    01     00      00         5.873            0.221               286.6
  2012    06    14    01     10      00         6.028            0.264               299.3
  2012    06    14    01     20      00         5.732            0.192               288.2
  2012    06    14    01     30      00         6.032            0.231               307.5
  2012    06    14    01     40      00         6.028            0.245               300.9
  2012    06    14    01     50      00         6.213            0.205               298.6
  2012    06    14    02     00      00         6.252            0.200               303.1
  2012    06    14    02     10      00         6.215            0.244               299.4
  2012    06    14    02     20      00         6.212            0.259               306.6
  2012    06    14    02     30      00         6.250            0.197               330.5
  2012    06    14    02     40      00         6.004            0.225               311.8
  2012    06    14    02     50      00         5.993            0.215               320.5
  2012    06    14    03     00      00         6.044            0.185               323.4
  2012    06    14    03     10      00         6.043            0.179               302.6
  2012    06    14    03     20      00         6.060            0.129               303.5
  2012    06    14    03     30      00         5.961            0.224               296.6
  2012    06    14    03     40      00         5.970            0.163               288.1
  2012    06    14    03     50      00         6.046            0.154               289.8
  2012    06    14    04     00      00         6.255            0.213               301.2
  2012    06    14    04     10      00         6.237            0.150               299.5
  2012    06    14    04     20      00         6.287            0.205               306.8
  2012    06    14    04     30      00         6.418            0.196               314.4
  2012    06    14    04     40      00         6.497            0.243               305.2
  2012    06    14    04     50      00         6.575            0.252               322.4
  2012    06    14    05     00      00         6.675            0.242               299.6
  2012    06    14    05     10      00         6.445            0.210               291.9
  2012    06    14    05     20      00         6.250            0.265               299.8
  2012    06    14    05     30      00         6.410            0.327               307.9
  2012    06    14    05     40      00         6.190            0.179               294.9
  2012    06    14    05     50      00         6.133            0.198               309.6
  2012    06    14    06     00      00         6.111            0.256               312.8
  2012    06    14    06     10      00         5.867            0.238               306.3
  2012    06    14    06     20      00         5.854            0.249               310.9
  2012    06    14    06     30      00         5.941            0.258               310.7
  2012    06    14    06     40      00         6.111            0.314               319.4
  2012    06    14    06     50      00         6.170            0.143               316.9
  2012    06    14    07     00      00         6.163            0.233               305.8
  2012    06    14    07     10      00         6.316            0.240               314.9
  2012    06    14    07     20      00         6.362            0.195               308.7
  2012    06    14    07     30      00         6.222            0.278               303.0
  2012    06    14    07     40      00         6.071            0.284               296.9
  2012    06    14    07     50      00         5.753            0.218               295.8
  2012    06    14    08     00      00         5.330            0.115               271.8
  2012    06    14    08     10      00         5.572            0.219               304.3
  2012    06    14    08     20      00         5.875            0.285               323.7
  2012    06    14    08     30      00         5.860            0.168               312.7
  2012    06    14    08     40      00         5.873            0.173               284.8
  2012    06    14    08     50      00         5.803            0.174               292.7
  2012    06    14    09     00      00         6.191            0.249               304.1
  2012    06    14    09     10      00         5.961            0.270               297.5
  2012    06    14    09     20      00         5.873            0.223               306.4
  2012    06    14    09     30      00         5.997            0.302               299.6
  2012    06    14    09     40      00         5.852            0.285               313.2
  2012    06    14    09     50      00         6.423            0.108               293.6
  2012    06    14    10     00      00         6.238            0.191               282.0
  2012    06    14    10     10      00         6.134            0.125               279.6
  2012    06    14    10     20      00         6.181            0.237               275.8
  2012    06    14    10     30      00         5.868            0.206               299.5
  2012    06    14    10     40      00         5.828            0.266               324.0
  2012    06    14    10     50      00         5.286            0.155               296.7
  2012    06    14    11     00      00         5.719            0.309               315.0
  2012    06    14    11     10      00         5.904            0.251               316.3
  2012    06    14    11     20      00         6.172            0.292               307.7
  2012    06    14    11     30      00         6.472            0.170               289.6
  2012    06    14    11     40      00         6.051            0.213               282.8
  2012    06    14    11     50      00         6.031            0.170               317.9
  2012    06    14    12     00      00       999.999           99.999              9999.9
  2012    06    14    12     10      00       999.999           99.999              9999.9
  2012    06    14    12     20      00       999.999           99.999              9999.9
  2012    06    14    12     30      00       999.999           99.999              9999.9
  2012    06    14    12     40      00       999.999           99.999              9999.9
  2012    06    14    12     50      00       999.999           99.999              9999.9
  2012    06    14    13     00      00         5.518            0.333               290.2
  2012    06    14    13     10      00         5.146            0.321               291.7
  2012    06    14    13     20      00         5.218            0.257               291.6
  2012    06    14    13     30      00         5.177            0.330               311.2
  2012    06    14    13     40      00         5.603            0.231               297.5
  2012    06    14    13     50      00         5.711            0.193               304.5
  2012    06    14    14     00      00       999.999           99.999              9999.9
  2012    06    14    14     10      00       999.999           99.999              9999.9
  2012    06    14    14     20      00       999.999           99.999              9999.9
  2012    06    14    14     30      00       999.999           99.999              9999.9
  2012    06    14    14     40      00       999.999           99.999              9999.9
  2012    06    14    14     50      00       999.999           99.999              9999.9
  2012    06    14    15     00      00       999.999           99.999              9999.9
  2012    06    14    15     10      00       999.999           99.999              9999.9
  2012    06    14    15     20      00       999.999           99.999              9999.9
  2012    06    14    15     30      00       999.999           99.999              9999.9
  2012    06    14    15     40      00       999.999           99.999              9999.9
  2012    06    14    15     50      00       999.999           99.999              9999.9
  2012    06    14    16     00      00         6.011            0.330               309.2
  2012    06    14    16     10      00         6.035            0.095               278.8
  2012    06    14    16     20      00         5.588            0.390               286.3
  2012    06    14    16     30      00         5.401            0.320               276.0
  2012    06    14    16     40      00         5.405            0.292               279.4
  2012    06    14    16     50      00         5.643            0.290               301.7
  2012    06    14    17     00      00         5.988            0.323               304.9
  2012    06    14    17     10      00         5.749            0.280               306.5
  2012    06    14    17     20      00         6.107            0.182               296.7
  2012    06    14    17     30      00         6.142            0.219               303.0
  2012    06    14    17     40      00         6.072            0.192               315.8
  2012    06    14    17     50      00         6.231            0.162               296.3
  2012    06    14    18     00      00         6.289            0.297               300.4
  2012    06    14    18     10      00         5.999            0.311               300.9
  2012    06    14    18     20      00         6.063            0.191               306.1
  2012    06    14    18     30      00         6.050            0.171               303.4
  2012    06    14    18     40      00         6.133            0.204               303.7
  2012    06    14    18     50      00         5.528            0.262               293.8
  2012    06    14    19     00      00         5.846            0.273               312.6
  2012    06    14    19     10      00         5.794            0.341               291.5
  2012    06    14    19     20      00         6.626            0.250               312.0
  2012    06    14    19     30      00         5.520            0.253               277.3
  2012    06    14    19     40      00         5.501            0.390               312.1
  2012    06    14    19     50      00         5.828            0.321               316.2
  2012    06    14    20     00      00         5.927            0.291               326.8
  2012    06    14    20     10      00         5.867            0.303               302.7
  2012    06    14    20     20      00         5.970            0.194               307.5
  2012    06    14    20     30      00         6.081            0.239               308.6
  2012    06    14    20     40      00         6.202            0.172               311.5
  2012    06    14    20     50      00         6.351            0.198               315.7
  2012    06    14    21     00      00         6.342            0.344               309.6
  2012    06    14    21     10      00         6.080            0.300               301.0
  2012    06    14    21     20      00         6.049            0.273               323.5
  2012    06    14    21     30      00         6.102            0.265               306.3
  2012    06    14    21     40      00         6.103            0.289               308.8
  2012    06    14    21     50      00         6.000            0.140               296.1
  2012    06    14    22     00      00       999.999           99.999              9999.9
  2012    06    14    22     10      00       999.999           99.999              9999.9
  2012    06    14    22     20      00       999.999           99.999              9999.9
  2012    06    14    22     30      00       999.999           99.999              9999.9
  2012    06    14    22     40      00       999.999           99.999              9999.9
  2012    06    14    22     50      00       999.999           99.999              9999.9
  2012    06    14    23     00      00       999.999           99.999              9999.9
  2012    06    14    23     10      00       999.999           99.999              9999.9
  2012    06    14    23     20      00       999.999           99.999              9999.9
  2012    06    14    23     30      00       999.999           99.999              9999.9
  2012    06    14    23     40      00       999.999           99.999              9999.9
  2012    06    14    23     50      00       999.999           99.999              9999.9
  2012    06    15    00     00      00         6.300            0.261               291.6
  2012    06    15    00     10      00         6.081            0.291               302.4
  2012    06    15    00     20      00         6.195            0.229               308.7
  2012    06    15    00     30      00         6.230            0.168               301.0
  2012    06    15    00     40      00         6.284            0.299               297.1
  2012    06    15    00     50      00         6.366            0.109               292.7
  2012    06    15    01     00      00         6.394            0.167               290.6
  2012    06    15    01     10      00         6.421            0.334               300.6
  2012    06    15    01     20      00         6.412            0.278               301.4
  2012    06    15    01     30      00         6.471            0.203               298.0
  2012    06    15    01     40      00         6.603            0.244               294.0
  2012    06    15    01     50      00         6.521            0.148               286.8
  2012    06    15    02     00      00         6.435            0.190               285.6
  2012    06    15    02     10      00         6.381            0.187               302.1
  2012    06    15    02     20      00         6.432            0.184               289.9
  2012    06    15    02     30      00         6.471            0.351               300.6
  2012    06    15    02     40      00         6.223            0.203               287.5
  2012    06    15    02     50      00         6.199            0.136               279.0
  2012    06    15    03     00      00         6.276            0.222               283.6
  2012    06    15    03     10      00         6.281            0.284               298.3
  2012    06    15    03     20      00         6.151            0.213               296.6
  2012    06    15    03     30      00         6.371            0.150               299.5
  2012    06    15    03     40      00         6.279            0.171               294.8
  2012    06    15    03     50      00         6.221            0.220               305.7
  2012    06    15    04     00      00         6.781            0.262               295.9
  2012    06    15    04     10      00         6.001            0.040               270.0
  2012    06    15    04     20      00         6.250            0.279               292.3
  2012    06    15    04     30      00         6.244            0.179               311.4
  2012    06    15    04     40      00         6.243            0.099               307.0
  2012    06    15    04     50      00         6.511            0.216               307.4
  2012    06    15    05     00      00         6.522            0.271               314.2
  2012    06    15    05     10      00         6.533            0.338               315.4
  2012    06    15    05     20      00         6.372            0.290               306.4
  2012    06    15    05     30      00         6.597            0.344               313.3
  2012    06    15    05     40      00         6.435            0.207               301.2
  2012    06    15    05     50      00         6.503            0.204               288.1
  2012    06    15    06     00      00         6.415            0.220               302.7
  2012    06    15    06     10      00         6.304            0.202               305.9
  2012    06    15    06     20      00         6.454            0.142               297.9
  2012    06    15    06     30      00         6.539            0.185               298.6
  2012    06    15    06     40      00         6.549            0.148               291.0
  2012    06    15    06     50      00         6.500            0.110               281.8
  2012    06    15    07     00      00         6.479            0.199               300.2
  2012    06    15    07     10      00         6.549            0.141               298.1
  2012    06    15    07     20      00         6.359            0.151               290.9
  2012    06    15    07     30      00         6.399            0.136               293.0
  2012    06    15    07     40      00         6.251            0.200               282.2
  2012    06    15    07     50      00         6.233            0.199               292.9
  2012    06    15    08     00      00         6.046            0.114               295.7
  2012    06    15    08     10      00         6.223            0.231               293.6
  2012    06    15    08     20      00         6.290            0.247               298.0
  2012    06    15    08     30      00         6.200            0.085               275.3
  2012    06    15    08     40      00         6.074            0.092               283.1
  2012    06    15    08     50      00         6.363            0.234               305.7
  2012    06    15    09     00      00         6.444            0.242               316.1
  2012    06    15    09     10      00         6.412            0.218               314.0
  2012    06    15    09     20      00         6.410            0.162               304.3
  2012    06    15    09     30      00         6.644            0.172               297.2
  2012    06    15    09     40      00         6.720            0.330               318.3
  2012    06    15    09     50      00         6.730            0.126               319.2
  2012    06    15    10     00      00         6.596            0.158               277.3
  2012    06    15    10     10      00         6.679            0.113               286.4
  2012    06    15    10     20      00         6.671            0.194               267.2
  2012    06    15    10     30      00         6.472            0.091               240.4
  2012    06    15    10     40      00         6.715            0.096               237.6
  2012    06    15    10     50      00         6.848            0.112               233.3
  2012    06    15    11     00      00         6.487            0.099               236.3
  2012    06    15    11     10      00         5.821            0.330               306.7
  2012    06    15    11     20      00         5.610            0.251               309.6
  2012    06    15    11     30      00         6.342            0.348               328.4
  2012    06    15    11     40      00         6.267            0.100               307.9
  2012    06    15    11     50      00         6.146            0.076               268.6
  2012    06    15    12     00      00         6.218            0.193               293.6
  2012    06    15    12     10      00         6.056            0.190               299.1
  2012    06    15    12     20      00         5.841            0.266               295.4
  2012    06    15    12     30      00         6.044            0.357               294.9
  2012    06    15    12     40      00         5.682            0.310               293.7
  2012    06    15    12     50      00         5.840            0.254               310.3
  2012    06    15    13     00      00         6.070            0.250               333.8
  2012    06    15    13     10      00         6.167            0.073               298.3
  2012    06    15    13     20      00         6.279            0.160               283.3
  2012    06    15    13     30      00         6.110            0.240               277.6
  2012    06    15    13     40      00         5.743            0.117               247.4
  2012    06    15    13     50      00         5.953            0.196               295.8
  2012    06    15    14     00      00         5.721            0.194               297.8
  2012    06    15    14     10      00         5.866            0.239               297.5
  2012    06    15    14     20      00         5.695            0.214               290.9
  2012    06    15    14     30      00         5.722            0.141               283.6
  2012    06    15    14     40      00         5.903            0.264               300.0
  2012    06    15    14     50      00         5.730            0.293               290.1
  2012    06    15    15     00      00       999.999           99.999              9999.9
  2012    06    15    15     10      00       999.999           99.999              9999.9
  2012    06    15    15     20      00       999.999           99.999              9999.9
  2012    06    15    15     30      00       999.999           99.999              9999.9
  2012    06    15    15     40      00       999.999           99.999              9999.9
  2012    06    15    15     50      00       999.999           99.999              9999.9
  2012    06    15    16     00      00       999.999           99.999              9999.9
  2012    06    15    16     10      00       999.999           99.999              9999.9
  2012    06    15    16     20      00       999.999           99.999              9999.9
  2012    06    15    16     30      00       999.999           99.999              9999.9
  2012    06    15    16     40      00       999.999           99.999              9999.9
  2012    06    15    16     50      00       999.999           99.999              9999.9
  2012    06    15    17     00      00       999.999           99.999              9999.9
  2012    06    15    17     10      00       999.999           99.999              9999.9
  2012    06    15    17     20      00       999.999           99.999              9999.9
  2012    06    15    17     30      00       999.999           99.999              9999.9
  2012    06    15    17     40      00       999.999           99.999              9999.9
  2012    06    15    17     50      00       999.999           99.999              9999.9
  2012    06    15    18     00      00       999.999           99.999              9999.9
  2012    06    15    18     10      00       999.999           99.999              9999.9
  2012    06    15    18     20      00       999.999           99.999              9999.9
  2012    06    15    18     30      00       999.999           99.999              9999.9
  2012    06    15    18     40      00       999.999           99.999              9999.9
  2012    06    15    18     50      00       999.999           99.999              9999.9
  2012    06    15    19     00      00         6.453            0.288               306.4
  2012    06    15    19     10      00         6.596            0.214               298.4
  2012    06    15    19     20      00         6.079            0.200               306.0
  2012    06    15    19     30      00         6.434            0.139               291.6
  2012    06    15    19     40      00         6.231            0.161               303.4
  2012    06    15    19     50      00         6.080            0.286               303.8
  2012    06    15    20     00      00         6.272            0.197               313.4
  2012    06    15    20     10      00         6.202            0.216               308.1
  2012    06    15    20     20      00         6.502            0.256               312.9
  2012    06    15    20     30      00         6.543            0.332               304.8
  2012    06    15    20     40      00         6.577            0.214               284.9
  2012    06    15    20     50      00         6.385            0.152               336.3
  2012    06    15    21     00      00         6.444            0.200               289.8
  2012    06    15    21     10      00         6.470            0.258               305.3
  2012    06    15    21     20      00         6.309            0.183               291.7
  2012    06    15    21     30      00         6.368            0.160               302.1
  2012    06    15    21     40      00         6.429            0.144               296.4
  2012    06    15    21     50      00         6.005            0.239               301.5
  2012    06    15    22     00      00         6.162            0.211               316.4
  2012    06    15    22     10      00         6.171            0.261               292.2
  2012    06    15    22     20      00         6.317            0.280               308.1
  2012    06    15    22     30      00         6.518            0.307               313.5
  2012    06    15    22     40      00         6.622            0.252               308.8
  2012    06    15    22     50      00         6.568            0.227               300.9
  2012    06    15    23     00      00         6.542            0.265               310.3
  2012    06    15    23     10      00         6.550            0.262               309.3
  2012    06    15    23     20      00         6.366            0.243               302.2
  2012    06    15    23     30      00         6.249            0.203               293.8
  2012    06    15    23     40      00         6.312            0.276               314.1
  2012    06    15    23     50      00         6.703            0.307               317.7
  2012    06    16    00     00      00       999.999           99.999              9999.9
