65006 73.24 61.42 9.60e-20 0.68629
65000 64.69 66.09 1.12e-19 0.69574
65003 69.32 63.82 1.05e-19 0.69261
63197 -35.09 66.19 1.12e-19 0.69572
64142 -154.30 75.50 7.49e-20 0.66284
63191 -39.22 67.15 1.11e-19 0.69552
65213 -57.99 77.44 1.14e-19 0.69611
65210 -61.92 74.59 1.09e-19 0.69470
65294 86.94 86.84 1.17e-19 0.69594
65291 15.00 89.00 1.18e-19 0.69578
65288 -56.94 86.84 1.17e-19 0.69594
65075 -57.47 61.57 8.38e-20 0.67406
62987 15.00 -74.00 -8.61e-22 -0.00086
65072 81.77 60.39 8.57e-20 0.67614
65486 -149.69 78.56 8.57e-20 0.67610
65069 78.69 63.02 9.54e-20 0.68582
65420 135.13 79.58 9.90e-20 0.68873
62981 15.00 -90.00 -2.74e-21 -0.00274
65483 -136.50 77.35 8.38e-20 0.67413
65156 -25.98 80.83 1.22e-19 0.69054
65426 125.59 73.95 8.89e-20 0.67962
65480 -126.21 75.54 8.06e-20 0.67027
63281 -2.95 47.55 8.44e-20 0.67465
63287 -1.51 45.84 7.92e-20 0.66860
65150 -45.89 76.23 1.18e-19 0.69581
65390 -91.61 68.04 7.46e-20 0.66241
63227 -18.77 60.10 1.11e-19 0.69538
65393 -93.21 71.02 8.22e-20 0.67226
65396 -95.59 73.95 8.89e-20 0.67962
63221 -21.51 61.46 1.12e-19 0.69569
63443 45.48 49.24 8.31e-20 0.67320
64046 20.50 70.00 1.21e-19 0.67035
64082 20.50 48.00 8.93e-20 0.68002
64043 20.50 72.00 1.19e-19 0.66237
64040 20.50 74.00 1.18e-19 0.65718
64781 -30.59 55.29 9.02e-20 0.68087
64778 -34.18 53.14 8.06e-20 0.67037
64784 -26.57 57.31 9.90e-20 0.68871
64079 20.50 50.00 9.57e-20 0.68601
64787 -22.08 59.16 1.07e-19 0.69360
64919 -2.88 70.09 1.23e-19 0.67938
64925 15.00 71.00 1.20e-19 0.66442
64922 5.86 70.77 1.21e-19 0.66993
64439 54.68 50.43 8.02e-20 0.66977
64445 61.37 46.31 6.14e-20 0.64203
64442 58.18 48.44 7.09e-20 0.65734
63119 -95.35 67.98 7.19e-20 0.65868
63125 -90.61 68.69 7.72e-20 0.66598
63377 68.74 63.99 1.06e-19 0.69305
64544 53.49 54.84 9.45e-20 0.68497
64187 23.29 43.52 7.37e-20 0.66123
64325 -18.58 49.61 8.22e-20 0.67213
63776 -159.50 74.00 6.93e-20 0.65488
64181 15.00 44.00 7.61e-20 0.66454
64178 10.84 43.88 7.55e-20 0.66374
64184 19.16 43.88 7.55e-20 0.66374
64013 -159.50 88.00 1.12e-19 0.69579
64250 37.26 46.89 8.02e-20 0.66968
64253 41.20 45.58 7.36e-20 0.66103
64073 20.50 54.00 1.07e-19 0.69387
64070 20.50 56.00 1.12e-19 0.69571
65246 94.74 71.70 1.02e-19 0.69114
65492 179.69 78.56 8.57e-20 0.67610
65243 91.92 74.59 1.09e-19 0.69470
65495 166.50 77.35 8.38e-20 0.67413
64076 20.50 52.00 1.02e-19 0.69063
65240 87.99 77.44 1.14e-19 0.69611
64208 23.74 46.51 8.38e-20 0.67416
64457 -27.42 52.92 8.58e-20 0.67627
65177 81.53 73.61 1.13e-19 0.69597
64166 11.03 40.88 6.52e-20 0.64829
64163 15.00 38.00 5.56e-20 0.63128
65171 67.87 78.68 1.21e-19 0.69373
64094 20.50 40.00 6.20e-20 0.64299
65174 75.89 76.23 1.18e-19 0.69581
64160 15.00 35.00 4.59e-20 0.61069
65387 -90.51 65.03 6.63e-20 0.65016
63257 -9.72 54.13 1.01e-19 0.69044
65297 96.36 83.93 1.16e-19 0.69616
63251 -11.73 55.69 1.04e-19 0.69246
65381 113.36 62.69 6.47e-20 0.64763
65384 113.42 59.64 5.56e-20 0.63136
65357 139.00 86.38 1.12e-19 0.69562
65348 -94.24 83.64 1.10e-19 0.69501
65351 -109.00 86.38 1.12e-19 0.69562
64091 20.50 42.00 6.89e-20 0.65414
65354 -165.00 88.00 1.12e-19 0.69578
63179 -48.39 68.69 1.08e-19 0.69419
63185 -43.65 67.98 1.10e-19 0.69499
63323 105.02 69.92 9.14e-20 0.68216
65342 -86.22 77.76 1.02e-19 0.69108
65345 -88.82 80.73 1.07e-19 0.69368
65339 -84.82 74.77 9.67e-20 0.68687
65045 15.00 77.00 1.20e-19 0.66442
65042 1.88 76.67 1.21e-19 0.66995
65039 -10.07 75.72 1.23e-19 0.67937
63407 54.89 57.20 1.00e-19 0.68938
65423 129.24 76.82 9.46e-20 0.68503
64823 52.08 59.16 1.07e-19 0.69360
65489 -165.00 79.00 8.64e-20 0.67692
64820 47.07 60.82 1.13e-19 0.69591
64967 -29.19 68.20 1.18e-19 0.69576
64964 -34.69 66.09 1.12e-19 0.69574
63401 57.23 58.68 1.02e-19 0.69095
63095 40.40 47.00 7.89e-20 0.66809
64961 -39.32 63.82 1.05e-19 0.69261
64958 -43.24 61.42 9.60e-20 0.68629
64826 56.57 57.31 9.90e-20 0.68871
65063 70.62 68.01 1.12e-19 0.69562
65126 84.80 64.32 9.34e-20 0.68406
65060 65.21 70.32 1.17e-19 0.69595
65123 81.58 67.01 1.02e-19 0.69099
65066 75.03 65.56 1.04e-19 0.69219
65120 77.61 69.63 1.10e-19 0.69502
64592 57.42 52.92 8.58e-20 0.67627
64499 49.14 56.59 1.02e-19 0.69106
65519 -154.87 72.69 6.51e-20 0.64816
65522 -165.00 73.00 6.57e-20 0.64928
65525 -175.13 72.69 6.51e-20 0.64816
63293 -0.15 44.10 7.38e-20 0.66139
64055 20.50 64.00 1.23e-19 0.68914
64052 20.50 66.00 1.23e-19 0.68410
64466 -14.37 58.15 1.09e-19 0.69471
64049 20.50 68.00 1.23e-19 0.67778
64463 -19.14 56.59 1.02e-19 0.69106
64460 -23.49 54.84 9.45e-20 0.68497
64889 60.17 59.65 1.02e-19 0.69103
64895 67.82 55.26 8.38e-20 0.67398
64892 64.24 57.52 9.34e-20 0.68400
65225 -22.03 85.01 1.21e-19 0.69320
64376 58.87 43.83 5.56e-20 0.63137
64004 -159.50 82.00 9.61e-20 0.68637
64370 52.30 47.83 7.36e-20 0.66097
64007 -159.50 84.00 1.02e-19 0.69090
64373 55.72 45.90 6.47e-20 0.64748
64229 5.74 49.49 9.34e-20 0.68404
64235 15.00 50.00 9.60e-20 0.68631
64232 10.34 49.87 9.54e-20 0.68571
64109 -154.30 85.50 1.06e-19 0.69345
64115 -154.30 83.50 1.01e-19 0.69002
64112 -154.30 84.50 1.04e-19 0.69191
63809 -159.50 76.00 7.63e-20 0.66470
64283 15.00 53.00 1.05e-19 0.69262
64280 10.03 52.87 1.04e-19 0.69231
64286 19.97 52.87 1.04e-19 0.69231
65312 105.25 69.00 8.89e-20 0.67960
65315 106.03 66.00 8.02e-20 0.66984
65309 104.36 72.00 9.67e-20 0.68691
65306 103.29 74.99 1.03e-19 0.69180
65198 -70.10 62.89 7.63e-20 0.66464
65201 -68.64 65.84 8.58e-20 0.67622
65204 -66.90 68.78 9.46e-20 0.68505
65207 -64.74 71.70 1.02e-19 0.69114
65300 99.91 80.96 1.13e-19 0.69594
65303 101.91 77.98 1.09e-19 0.69470
65078 -54.80 64.32 9.34e-20 0.68406
65081 -51.58 67.01 1.02e-19 0.69099
65411 -165.00 85.00 1.05e-19 0.69262
65084 -47.61 69.63 1.10e-19 0.69502
65087 -42.61 72.15 1.16e-19 0.69615
64859 -7.85 66.25 1.22e-19 0.69055
64865 7.04 67.80 1.23e-19 0.67937
65417 145.34 82.12 1.02e-19 0.69105
63329 99.62 69.66 9.46e-20 0.68505
63335 94.39 69.25 9.75e-20 0.68751
63449 43.95 47.55 7.86e-20 0.66763
63455 42.51 45.84 7.37e-20 0.66134
64994 52.64 70.09 1.22e-19 0.69259
64988 35.87 72.94 1.23e-19 0.67686
64991 44.88 71.70 1.23e-19 0.68628
63215 -24.50 62.76 1.12e-19 0.69583
65153 -37.87 78.68 1.21e-19 0.69373
64997 59.19 68.20 1.18e-19 0.69576
63209 -27.74 63.99 1.13e-19 0.69592
64934 40.90 69.01 1.23e-19 0.68753
64016 14.04 90.00 1.16e-19 0.69613
64931 32.88 70.09 1.23e-19 0.67938
63431 48.85 52.53 9.11e-20 0.68180
64928 24.14 70.77 1.21e-19 0.66993
64010 -159.50 86.00 1.07e-19 0.69404
63473 -159.50 70.00 5.57e-20 0.63155
64937 48.05 67.59 1.21e-19 0.69318
63437 47.11 50.90 8.73e-20 0.67788
65132 -65.42 59.53 7.06e-20 0.65674
65135 -63.62 62.41 8.06e-20 0.67019
65129 87.47 61.57 8.38e-20 0.67406
64772 64.20 48.66 6.65e-20 0.65041
64775 -37.39 50.87 7.06e-20 0.65694
64415 15.00 59.00 1.18e-19 0.69578
64412 9.19 58.85 1.17e-19 0.69594
64409 3.49 58.40 1.16e-19 0.69617
63137 -80.38 69.66 8.69e-20 0.67744
63131 -85.61 69.25 8.22e-20 0.67210
64316 -22.30 47.83 7.36e-20 0.66097
64313 -25.72 45.90 6.47e-20 0.64748
64310 -28.87 43.83 5.56e-20 0.63137
63155 -64.02 69.92 9.92e-20 0.68893
63149 -69.50 70.00 9.55e-20 0.68586
64259 -20.22 45.15 6.63e-20 0.65017
64265 -12.75 48.42 8.22e-20 0.67212
64262 -16.62 46.88 7.46e-20 0.66251
65327 -83.36 62.69 6.47e-20 0.64763
57281 15.00 -74.00 -8.61e-22 -0.00086
64100 -154.30 88.50 1.13e-19 0.69601
64103 -154.30 87.50 1.11e-19 0.69550
65237 82.04 80.22 1.18e-19 0.69582
65234 71.87 82.83 1.20e-19 0.69454
64106 -154.30 86.50 1.09e-19 0.69465
65231 52.03 85.01 1.21e-19 0.69320
65228 15.00 86.00 1.22e-19 0.69260
65267 -76.03 66.00 8.02e-20 0.66984
64088 20.50 44.00 7.58e-20 0.66406
64193 2.01 45.89 8.06e-20 0.67017
64190 -2.11 45.05 7.63e-20 0.66480
64157 -154.30 77.50 8.17e-20 0.67161
64154 -154.30 71.50 6.11e-20 0.64153
64151 -154.30 72.50 6.45e-20 0.64732
64148 -154.30 73.50 6.80e-20 0.65280
64196 6.26 46.51 8.38e-20 0.67416
64982 15.00 74.00 1.15e-19 0.64906
64985 25.77 73.73 1.20e-19 0.66442
65369 114.82 74.77 9.67e-20 0.68687
64979 4.23 73.73 1.20e-19 0.66442
65375 113.60 68.75 8.22e-20 0.67219
65372 114.03 71.77 9.00e-20 0.68076
65366 116.22 77.76 1.02e-19 0.69108
65360 124.24 83.64 1.10e-19 0.69501
65363 118.82 80.73 1.07e-19 0.69368
65459 174.45 81.43 9.54e-20 0.68582
65462 158.42 79.90 9.34e-20 0.68402
65465 147.41 77.77 9.02e-20 0.68097
63173 -53.39 69.25 1.05e-19 0.69293
65036 -20.23 74.26 1.23e-19 0.68753
65270 -75.25 69.00 8.89e-20 0.67960
65273 -74.36 72.00 9.67e-20 0.68691
64952 71.94 57.20 8.57e-20 0.67618
65276 -73.29 74.99 1.03e-19 0.69180
65030 -35.21 70.32 1.17e-19 0.69595
65033 -28.52 72.43 1.21e-19 0.69319
64808 22.07 64.82 1.23e-19 0.68754
64811 28.94 64.29 1.22e-19 0.69055
65501 148.54 73.33 7.63e-20 0.66470
63353 80.22 67.15 1.03e-19 0.69190
64817 41.53 62.26 1.18e-19 0.69585
63005 15.00 -90.00 -2.74e-21 -0.00274
63389 62.51 61.46 1.05e-19 0.69255
62999 15.00 -74.00 -8.61e-22 -0.00086
63395 59.77 60.10 1.04e-19 0.69191
65507 -152.81 75.64 7.55e-20 0.66358
65054 50.23 74.26 1.23e-19 0.68753
65096 -16.27 78.38 1.23e-19 0.68493
65051 40.07 75.72 1.23e-19 0.67937
65048 28.12 76.67 1.21e-19 0.66995
65090 -36.13 74.51 1.20e-19 0.69454
65093 -27.58 76.63 1.22e-19 0.69054
65057 58.52 72.43 1.21e-19 0.69319
64496 44.37 58.15 1.09e-19 0.69471
64490 33.56 60.56 1.18e-19 0.69584
64493 39.17 59.48 1.14e-19 0.69610
63017 15.00 -90.00 -2.74e-21 -0.00274
63305 121.38 69.66 7.95e-20 0.66873
63011 15.00 -74.00 -8.61e-22 -0.00086
63299 126.61 69.25 7.49e-20 0.66286
64058 20.50 62.00 1.21e-19 0.69286
64061 20.50 60.00 1.19e-19 0.69520
64067 20.50 58.00 1.16e-19 0.69616
64802 7.93 64.82 1.23e-19 0.68754
64805 15.00 65.00 1.23e-19 0.68628
64799 1.06 64.29 1.22e-19 0.69055
64907 -29.72 63.95 1.12e-19 0.69564
64904 -34.39 61.83 1.04e-19 0.69220
64898 -41.94 57.20 8.57e-20 0.67618
64901 -38.43 59.57 9.54e-20 0.68569
64829 60.59 55.29 9.02e-20 0.68087
64379 -31.37 46.31 6.14e-20 0.64203
64367 48.58 49.61 8.22e-20 0.67213
64364 44.55 51.21 9.00e-20 0.68072
64361 40.23 52.61 9.67e-20 0.68687
64358 35.61 53.80 1.02e-19 0.69118
63371 72.27 65.14 1.05e-19 0.69293
63101 -146.50 74.10 7.10e-20 0.65739
63107 41.70 76.00 1.23e-19 0.68075
63968 -159.50 80.00 8.98e-20 0.68048
64343 9.65 55.86 1.12e-19 0.69565
63365 76.09 66.19 1.05e-19 0.69247
64247 33.10 47.99 8.58e-20 0.67632
64340 4.38 55.44 1.10e-19 0.69509
64244 28.75 48.86 9.02e-20 0.68100
64238 19.66 49.87 9.54e-20 0.68571
64346 15.00 56.00 1.12e-19 0.69578
64241 24.26 49.49 9.34e-20 0.68404
64268 -8.62 49.77 8.89e-20 0.67962
64271 -4.25 50.90 9.45e-20 0.68492
64274 0.34 51.81 9.90e-20 0.68874
64277 5.12 52.47 1.02e-19 0.69109
65264 -76.74 62.99 7.09e-20 0.65733
65261 -77.40 59.97 6.14e-20 0.64203
65258 101.35 59.93 6.65e-20 0.65040
65324 -83.42 59.64 5.56e-20 0.63136
65321 107.40 59.97 6.14e-20 0.64203
65318 106.74 62.99 7.09e-20 0.65733
64145 -154.30 74.50 7.14e-20 0.65798
65189 93.62 62.41 8.06e-20 0.67019
65195 -71.35 59.93 6.65e-20 0.65040
64139 -154.30 76.50 7.83e-20 0.66739
65441 -105.01 72.61 8.02e-20 0.66977
65438 -101.49 69.80 7.36e-20 0.66112
65444 -110.04 75.29 8.58e-20 0.67625
65447 -117.41 77.77 9.02e-20 0.68097
63341 89.39 68.69 9.99e-20 0.68945
63347 84.65 67.98 1.02e-19 0.69084
65018 -45.03 65.56 1.04e-19 0.69219
65027 -40.62 68.01 1.12e-19 0.69562
65159 -8.31 82.40 1.23e-19 0.68754
63239 -16.23 58.68 1.09e-19 0.69483
63245 -13.89 57.20 1.07e-19 0.69377
65165 38.31 82.40 1.23e-19 0.68754
63419 50.72 54.13 9.45e-20 0.68504
64943 59.72 63.95 1.12e-19 0.69564
64946 64.39 61.83 1.04e-19 0.69220
64847 -30.17 59.65 1.02e-19 0.69103
65141 -58.92 68.10 9.90e-20 0.68868
65138 -61.49 65.27 9.02e-20 0.68090
64838 67.39 50.87 7.06e-20 0.65694
64841 -37.82 55.26 8.38e-20 0.67398
64844 -34.24 57.52 9.34e-20 0.68400
64478 8.63 61.84 1.21e-19 0.69320
64481 15.00 62.00 1.22e-19 0.69260
64484 21.37 61.84 1.21e-19 0.69320
64487 27.59 61.35 1.20e-19 0.69455
64421 26.51 58.40 1.16e-19 0.69617
64424 32.00 57.66 1.13e-19 0.69595
64853 -20.33 63.41 1.16e-19 0.69615
64850 -25.56 61.63 1.10e-19 0.69510
64856 -14.43 64.97 1.20e-19 0.69456
63143 -74.98 69.92 9.14e-20 0.68219
64307 50.22 45.15 6.63e-20 0.65017
64298 38.62 49.77 8.89e-20 0.67962
64301 42.75 48.42 8.22e-20 0.67212
64304 46.62 46.88 7.46e-20 0.66251
64874 30.65 67.20 1.23e-19 0.68492
64868 15.00 68.00 1.23e-19 0.67686
64871 22.96 67.80 1.23e-19 0.67937
64877 37.85 66.25 1.22e-19 0.69055
64022 20.50 86.00 1.22e-19 0.69264
64025 20.50 84.00 1.23e-19 0.68883
64397 -16.66 53.94 9.67e-20 0.68698
64019 20.50 88.00 1.19e-19 0.69508
64394 -20.85 52.27 8.89e-20 0.67960
64388 -28.18 48.44 7.09e-20 0.65734
64391 -24.68 50.43 8.02e-20 0.66977
64214 32.11 45.05 7.63e-20 0.66480
64097 -154.30 89.50 1.15e-19 0.69618
64211 27.99 45.89 8.06e-20 0.67017
65219 -52.04 80.22 1.18e-19 0.69582
64217 -11.20 45.58 7.36e-20 0.66103
65222 -41.87 82.83 1.20e-19 0.69454
64427 37.23 56.66 1.09e-19 0.69473
64199 10.61 46.88 8.57e-20 0.67632
64202 15.00 47.00 8.64e-20 0.67692
64205 19.39 46.88 8.57e-20 0.67632
64976 -5.87 72.94 1.23e-19 0.67686
64973 -14.88 71.70 1.23e-19 0.68628
64970 -22.64 70.09 1.22e-19 0.69259
65450 -128.42 79.90 9.34e-20 0.68402
65453 -144.45 81.43 9.54e-20 0.68582
65162 15.00 83.00 1.23e-19 0.68628
63203 -31.27 65.14 1.13e-19 0.69590
65279 -71.91 77.98 1.09e-19 0.69470
65285 -66.36 83.93 1.16e-19 0.69616
65282 -69.91 80.96 1.13e-19 0.69594
65471 135.01 72.61 8.02e-20 0.66977
65468 140.04 75.29 8.58e-20 0.67625
65474 131.49 69.80 7.36e-20 0.66112
65477 -118.54 73.33 7.63e-20 0.66470
62993 15.00 -90.00 -2.74e-21 -0.00274
64940 54.30 65.88 1.17e-19 0.69591
65099 -1.81 79.57 1.23e-19 0.67937
65105 31.81 79.57 1.23e-19 0.67937
65102 15.00 80.00 1.23e-19 0.67686
64688 60.98 50.85 7.63e-20 0.66466
65405 -115.34 82.12 1.02e-19 0.69105
65402 -105.13 79.58 9.90e-20 0.68873
65399 -99.24 76.82 9.46e-20 0.68503
63269 -6.11 50.90 9.37e-20 0.68421
63275 -4.48 49.24 8.92e-20 0.67990
64037 20.50 76.00 1.19e-19 0.66183
64034 20.50 78.00 1.21e-19 0.66980
64028 20.50 82.00 1.23e-19 0.68369
64031 20.50 80.00 1.23e-19 0.67729
64916 -10.90 69.01 1.23e-19 0.68753
64793 -11.53 62.26 1.18e-19 0.69585
64790 -17.07 60.82 1.13e-19 0.69591
64910 -24.30 65.88 1.17e-19 0.69591
64913 -18.05 67.59 1.21e-19 0.69318
64796 -5.47 63.42 1.21e-19 0.69372
65144 -55.70 70.89 1.07e-19 0.69371
64430 42.12 55.41 1.03e-19 0.69188
64433 46.66 53.94 9.67e-20 0.68698
64349 20.35 55.86 1.12e-19 0.69565
64352 25.62 55.44 1.10e-19 0.69509
64355 30.72 54.74 1.07e-19 0.69362
63383 65.50 62.76 1.05e-19 0.69290
63113 -138.30 76.00 7.90e-20 0.66824
64436 50.85 52.27 8.89e-20 0.67960
64334 -5.61 53.80 1.02e-19 0.69118
65504 -141.78 74.62 7.36e-20 0.66101
64331 -10.23 52.61 9.67e-20 0.68687
64328 -14.55 51.21 9.00e-20 0.68072
64169 15.00 41.00 6.57e-20 0.64928
64172 18.97 40.88 6.52e-20 0.64829
64175 6.71 43.52 7.37e-20 0.66123
64337 -0.72 54.74 1.07e-19 0.69362
64814 35.47 63.42 1.21e-19 0.69372
65147 -51.53 73.61 1.13e-19 0.69597
65249 96.90 68.78 9.46e-20 0.68505
64085 20.50 46.00 8.26e-20 0.67270
65336 -84.03 71.77 9.00e-20 0.68076
65252 98.64 65.84 8.58e-20 0.67622
65255 100.10 62.89 7.63e-20 0.66464
65330 -83.40 65.72 7.36e-20 0.66109
65333 -83.60 68.75 8.22e-20 0.67219
64418 20.81 58.85 1.17e-19 0.69594
64133 -154.30 79.50 8.84e-20 0.67909
65186 91.49 65.27 9.02e-20 0.68090
64136 -154.30 78.50 8.51e-20 0.67551
65183 88.92 68.10 9.90e-20 0.68868
65180 85.70 70.89 1.07e-19 0.69371
65192 95.42 59.53 7.06e-20 0.65674
65414 164.13 84.15 1.04e-19 0.69232
65432 121.61 68.04 7.46e-20 0.66241
65435 120.51 65.03 6.63e-20 0.65016
63263 -7.85 52.53 9.77e-20 0.68768
65429 123.21 71.02 8.22e-20 0.67226
65408 -134.13 84.15 1.04e-19 0.69232
63317 110.50 70.00 8.77e-20 0.67839
63311 115.98 69.92 8.38e-20 0.67411
65009 76.59 58.92 8.63e-20 0.67680
65015 -48.69 63.02 9.54e-20 0.68582
65012 -51.77 60.39 8.57e-20 0.67614
65528 -165.00 70.00 5.56e-20 0.63128
65531 -165.00 67.00 4.59e-20 0.61069
63413 52.73 55.69 9.75e-20 0.68757
64955 -46.59 58.92 8.63e-20 0.67680
64949 68.43 59.57 9.54e-20 0.68569
65111 57.58 76.63 1.22e-19 0.69054
65168 55.98 80.83 1.22e-19 0.69054
65108 46.27 78.38 1.23e-19 0.68493
65114 66.13 74.51 1.20e-19 0.69454
65117 72.61 72.15 1.16e-19 0.69615
64862 -0.65 67.20 1.23e-19 0.68492
64835 64.18 53.14 8.06e-20 0.67037
65456 -165.00 82.00 9.60e-20 0.68631
64469 -9.17 59.48 1.14e-19 0.69610
64475 2.41 61.35 1.20e-19 0.69455
64472 -3.56 60.56 1.18e-19 0.69584
65513 -177.19 75.64 7.55e-20 0.66358
65510 -165.00 76.00 7.61e-20 0.66454
65516 171.78 74.62 7.36e-20 0.66101
64451 -34.20 48.66 6.65e-20 0.65041
64454 -30.98 50.85 7.63e-20 0.66466
63905 -159.50 78.00 8.31e-20 0.67325
64289 24.88 52.47 1.02e-19 0.69109
64295 34.25 50.90 9.45e-20 0.68492
64292 29.66 51.81 9.90e-20 0.68874
64883 50.33 63.41 1.16e-19 0.69615
64880 44.43 64.97 1.20e-19 0.69456
65498 156.21 75.54 8.06e-20 0.67027
63584 -159.50 72.00 6.24e-20 0.64381
64886 55.56 61.63 1.10e-19 0.69510
64406 -2.00 57.66 1.13e-19 0.69595
65378 113.40 65.72 7.36e-20 0.66109
64403 -7.23 56.66 1.09e-19 0.69473
64400 -12.12 55.41 1.03e-19 0.69188
64223 -3.10 47.99 8.58e-20 0.67632
64220 -7.26 46.89 8.02e-20 0.66968
64118 -154.30 82.50 9.78e-20 0.68780
64121 -154.30 81.50 9.48e-20 0.68523
64226 1.25 48.86 9.02e-20 0.68100
64124 -154.30 80.50 9.16e-20 0.68232
63161 -58.62 69.66 1.02e-19 0.69117
