65006 73.24 61.42 1.94e-19 1.38332
65000 64.69 66.09 2.29e-19 1.41906
65003 69.32 63.82 2.13e-19 1.40637
63197 -35.09 66.19 2.28e-19 1.41895
64142 -154.30 75.50 1.47e-19 1.30256
63191 -39.22 67.15 2.26e-19 1.41785
65213 -57.99 77.44 2.33e-19 1.42092
65210 -61.92 74.59 2.22e-19 1.41450
65294 86.94 86.84 2.40e-19 1.42168
65291 15.00 89.00 2.41e-19 1.42141
65288 -56.94 86.84 2.40e-19 1.42168
65075 -57.47 61.57 1.67e-19 1.34059
62987 15.00 -74.00 6.29e-21 0.00629
65072 81.77 60.39 1.71e-19 1.34786
65486 -149.69 78.56 1.71e-19 1.34777
65069 78.69 63.02 1.92e-19 1.38153
65420 135.13 79.58 2.00e-19 1.39203
62981 15.00 -90.00 2.53e-20 0.02531
65483 -136.50 77.35 1.67e-19 1.34074
65156 -25.98 80.83 2.50e-19 1.40715
65426 125.59 73.95 1.78e-19 1.35980
65480 -126.21 75.54 1.60e-19 1.32767
63281 -2.95 47.55 1.68e-19 1.34273
63287 -1.51 45.84 1.57e-19 1.32190
65150 -45.89 76.23 2.40e-19 1.42146
65390 -91.61 68.04 1.46e-19 1.30112
63227 -18.77 60.10 2.26e-19 1.41731
65393 -93.21 71.02 1.63e-19 1.33432
65396 -95.59 73.95 1.78e-19 1.35980
63221 -21.51 61.46 2.28e-19 1.41875
63443 45.48 49.24 1.65e-19 1.33774
64046 20.50 70.00 2.44e-19 1.34560
64082 20.50 48.00 1.79e-19 1.36122
64043 20.50 72.00 2.38e-19 1.32094
64040 20.50 74.00 2.34e-19 1.30492
64781 -30.59 55.29 1.81e-19 1.36426
64778 -34.18 53.14 1.60e-19 1.32789
64784 -26.57 57.31 2.00e-19 1.39200
64079 20.50 50.00 1.93e-19 1.38228
64787 -22.08 59.16 2.17e-19 1.41029
64919 -2.88 70.09 2.49e-19 1.37342
64925 15.00 71.00 2.40e-19 1.32728
64922 5.86 70.77 2.44e-19 1.34432
64439 54.68 50.43 1.59e-19 1.32594
64445 61.37 46.31 1.18e-19 1.23379
64442 58.18 48.44 1.39e-19 1.28405
63119 -95.35 67.98 1.41e-19 1.28864
63125 -90.61 68.69 1.52e-19 1.31301
63377 68.74 63.99 2.14e-19 1.40807
64544 53.49 54.84 1.90e-19 1.37866
64187 23.29 43.52 1.44e-19 1.29707
64325 -18.58 49.61 1.63e-19 1.33404
63776 -159.50 74.00 1.35e-19 1.27600
64181 15.00 44.00 1.50e-19 1.30828
64178 10.84 43.88 1.49e-19 1.30553
64184 19.16 43.88 1.49e-19 1.30553
64013 -159.50 88.00 2.29e-19 1.41917
64250 37.26 46.89 1.59e-19 1.32575
64253 41.20 45.58 1.44e-19 1.29664
64073 20.50 54.00 2.18e-19 1.41118
64070 20.50 56.00 2.28e-19 1.41881
65246 94.74 71.70 2.07e-19 1.40084
65492 179.69 78.56 1.71e-19 1.34777
65243 91.92 74.59 2.22e-19 1.41450
65495 166.50 77.35 1.67e-19 1.34074
64076 20.50 52.00 2.06e-19 1.39898
65240 87.99 77.44 2.33e-19 1.42092
64208 23.74 46.51 1.67e-19 1.34080
64457 -27.42 52.92 1.71e-19 1.34820
65177 81.53 73.61 2.31e-19 1.42006
64166 11.03 40.88 1.26e-19 1.25431
64163 15.00 38.00 1.06e-19 1.19904
65171 67.87 78.68 2.47e-19 1.41629
64094 20.50 40.00 1.19e-19 1.23693
65174 75.89 76.23 2.40e-19 1.42146
64160 15.00 35.00 8.52e-20 1.13384
65387 -90.51 65.03 1.29e-19 1.26050
63257 -9.72 54.13 2.05e-19 1.39824
65297 96.36 83.93 2.36e-19 1.42175
63251 -11.73 55.69 2.12e-19 1.40570
65381 113.36 62.69 1.25e-19 1.25200
65384 113.42 59.64 1.06e-19 1.19923
65357 139.00 86.38 2.27e-19 1.41842
65348 -94.24 83.64 2.24e-19 1.41584
65351 -109.00 86.38 2.27e-19 1.41842
64091 20.50 42.00 1.34e-19 1.27356
65354 -165.00 88.00 2.29e-19 1.41915
63179 -48.39 68.69 2.19e-19 1.41242
63185 -43.65 67.98 2.23e-19 1.41567
63323 105.02 69.92 1.83e-19 1.36857
65342 -86.22 77.76 2.07e-19 1.40070
65345 -88.82 80.73 2.17e-19 1.41047
65339 -84.82 74.77 1.95e-19 1.38540
65045 15.00 77.00 2.40e-19 1.32728
65042 1.88 76.67 2.44e-19 1.34436
65039 -10.07 75.72 2.49e-19 1.37340
63407 54.89 57.20 2.02e-19 1.39451
65423 129.24 76.82 1.90e-19 1.37881
64823 52.08 59.16 2.17e-19 1.41029
65489 -165.00 79.00 1.72e-19 1.35047
64820 47.07 60.82 2.30e-19 1.41993
64967 -29.19 68.20 2.41e-19 1.42136
64964 -34.69 66.09 2.29e-19 1.41906
63401 57.23 58.68 2.07e-19 1.40006
63095 40.40 47.00 1.56e-19 1.32025
64961 -39.32 63.82 2.13e-19 1.40637
64958 -43.24 61.42 1.94e-19 1.38332
64826 56.57 57.31 2.00e-19 1.39200
65063 70.62 68.01 2.27e-19 1.41841
65126 84.80 64.32 1.88e-19 1.37532
65060 65.21 70.32 2.40e-19 1.42172
65123 81.58 67.01 2.07e-19 1.40035
65066 75.03 65.56 2.11e-19 1.40487
65120 77.61 69.63 2.24e-19 1.41586
64592 57.42 52.92 1.71e-19 1.34820
64499 49.14 56.59 2.07e-19 1.40065
65519 -154.87 72.69 1.26e-19 1.25401
65522 -165.00 73.00 1.27e-19 1.25751
65525 -175.13 72.69 1.26e-19 1.25401
63293 -0.15 44.10 1.45e-19 1.29760
64055 20.50 64.00 2.50e-19 1.40303
64052 20.50 66.00 2.50e-19 1.38783
64466 -14.37 58.15 2.22e-19 1.41454
64049 20.50 68.00 2.48e-19 1.36850
64463 -19.14 56.59 2.07e-19 1.40065
64460 -23.49 54.84 1.90e-19 1.37866
64889 60.17 59.65 2.07e-19 1.40044
64895 67.82 55.26 1.67e-19 1.34042
64892 64.24 57.52 1.88e-19 1.37517
65225 -22.03 85.01 2.47e-19 1.41479
64376 58.87 43.83 1.06e-19 1.19925
64004 -159.50 82.00 1.94e-19 1.38360
64370 52.30 47.83 1.44e-19 1.29650
64007 -159.50 84.00 2.07e-19 1.39998
64373 55.72 45.90 1.25e-19 1.25168
64229 5.74 49.49 1.88e-19 1.37528
64235 15.00 50.00 1.94e-19 1.38336
64232 10.34 49.87 1.92e-19 1.38129
64109 -154.30 85.50 2.16e-19 1.40957
64115 -154.30 83.50 2.04e-19 1.39676
64112 -154.30 84.50 2.10e-19 1.40372
63809 -159.50 76.00 1.50e-19 1.30883
64283 15.00 53.00 2.13e-19 1.40639
64280 10.03 52.87 2.11e-19 1.40513
64286 19.97 52.87 2.11e-19 1.40513
65312 105.25 69.00 1.78e-19 1.35975
65315 106.03 66.00 1.59e-19 1.32609
65309 104.36 72.00 1.95e-19 1.38550
65306 103.29 74.99 2.10e-19 1.40338
65198 -70.10 62.89 1.50e-19 1.30874
65201 -68.64 65.84 1.71e-19 1.34809
65204 -66.90 68.78 1.90e-19 1.37885
65207 -64.74 71.70 2.07e-19 1.40084
65300 99.91 80.96 2.30e-19 1.42000
65303 101.91 77.98 2.22e-19 1.41451
65078 -54.80 64.32 1.88e-19 1.37532
65081 -51.58 67.01 2.07e-19 1.40035
65411 -165.00 85.00 2.13e-19 1.40639
65084 -47.61 69.63 2.24e-19 1.41586
65087 -42.61 72.15 2.36e-19 1.42174
64859 -7.85 66.25 2.50e-19 1.40717
64865 7.04 67.80 2.49e-19 1.37339
65417 145.34 82.12 2.07e-19 1.40049
63329 99.62 69.66 1.90e-19 1.37895
63335 94.39 69.25 1.97e-19 1.38767
63449 43.95 47.55 1.55e-19 1.31880
63455 42.51 45.84 1.45e-19 1.29742
64994 52.64 70.09 2.48e-19 1.41310
64988 35.87 72.94 2.48e-19 1.36566
64991 44.88 71.70 2.50e-19 1.39445
63215 -24.50 62.76 2.29e-19 1.41949
65153 -37.87 78.68 2.47e-19 1.41629
64997 59.19 68.20 2.41e-19 1.42136
63209 -27.74 63.99 2.30e-19 1.41984
64934 40.90 69.01 2.50e-19 1.39823
64016 14.04 90.00 2.37e-19 1.42183
64931 32.88 70.09 2.49e-19 1.37342
63431 48.85 52.53 1.83e-19 1.36748
64928 24.14 70.77 2.44e-19 1.34432
64010 -159.50 86.00 2.18e-19 1.41187
63473 -159.50 70.00 1.06e-19 1.19991
64937 48.05 67.59 2.47e-19 1.41476
63437 47.11 50.90 1.74e-19 1.35386
65132 -65.42 59.53 1.38e-19 1.28223
65135 -63.62 62.41 1.60e-19 1.32750
65129 87.47 61.57 1.67e-19 1.34059
64772 64.20 48.66 1.29e-19 1.26129
64775 -37.39 50.87 1.38e-19 1.28267
64415 15.00 59.00 2.41e-19 1.42141
64412 9.19 58.85 2.40e-19 1.42169
64409 3.49 58.40 2.36e-19 1.42179
63137 -80.38 69.66 1.74e-19 1.35239
63131 -85.61 69.25 1.63e-19 1.33397
64316 -22.30 47.83 1.44e-19 1.29650
64313 -25.72 45.90 1.25e-19 1.25168
64310 -28.87 43.83 1.06e-19 1.19925
63155 -64.02 69.92 2.01e-19 1.39270
63149 -69.50 70.00 1.92e-19 1.38175
64259 -20.22 45.15 1.29e-19 1.26053
64265 -12.75 48.42 1.63e-19 1.33401
64262 -16.62 46.88 1.47e-19 1.30136
65327 -83.36 62.69 1.25e-19 1.25200
57281 15.00 -74.00 6.29e-21 0.00629
64100 -154.30 88.50 2.31e-19 1.42030
64103 -154.30 87.50 2.26e-19 1.41786
65237 82.04 80.22 2.40e-19 1.42148
65234 71.87 82.83 2.45e-19 1.41847
64106 -154.30 86.50 2.21e-19 1.41428
65231 52.03 85.01 2.47e-19 1.41479
65228 15.00 86.00 2.48e-19 1.41313
65267 -76.03 66.00 1.59e-19 1.32609
64088 20.50 44.00 1.49e-19 1.30665
64193 2.01 45.89 1.60e-19 1.32746
64190 -2.11 45.05 1.50e-19 1.30907
64157 -154.30 77.50 1.62e-19 1.33224
64154 -154.30 71.50 1.17e-19 1.23218
64151 -154.30 72.50 1.25e-19 1.25107
64148 -154.30 73.50 1.32e-19 1.26912
64196 6.26 46.51 1.67e-19 1.34080
64982 15.00 74.00 2.27e-19 1.27993
64985 25.77 73.73 2.40e-19 1.32730
65369 114.82 74.77 1.95e-19 1.38540
64979 4.23 73.73 2.40e-19 1.32730
65375 113.60 68.75 1.63e-19 1.33417
65372 114.03 71.77 1.80e-19 1.36368
65366 116.22 77.76 2.07e-19 1.40070
65360 124.24 83.64 2.24e-19 1.41584
65363 118.82 80.73 2.17e-19 1.41047
65459 174.45 81.43 1.92e-19 1.38153
65462 158.42 79.90 1.88e-19 1.37523
65465 147.41 77.77 1.81e-19 1.36448
63173 -53.39 69.25 2.14e-19 1.40760
65036 -20.23 74.26 2.50e-19 1.39823
65270 -75.25 69.00 1.78e-19 1.35975
65273 -74.36 72.00 1.95e-19 1.38550
64952 71.94 57.20 1.71e-19 1.34795
65276 -73.29 74.99 2.10e-19 1.40338
65030 -35.21 70.32 2.40e-19 1.42172
65033 -28.52 72.43 2.47e-19 1.41478
64808 22.07 64.82 2.50e-19 1.39823
64811 28.94 64.29 2.50e-19 1.40717
65501 148.54 73.33 1.50e-19 1.30885
63353 80.22 67.15 2.10e-19 1.40361
64817 41.53 62.26 2.40e-19 1.42155
63389 62.51 61.46 2.13e-19 1.40618
63395 59.77 60.10 2.10e-19 1.40372
65507 -152.81 75.64 1.48e-19 1.30519
65054 50.23 74.26 2.50e-19 1.39823
65096 -16.27 78.38 2.50e-19 1.39035
65051 40.07 75.72 2.49e-19 1.37340
65048 28.12 76.67 2.44e-19 1.34436
65090 -36.13 74.51 2.45e-19 1.41845
65093 -27.58 76.63 2.50e-19 1.40715
65057 58.52 72.43 2.47e-19 1.41478
64496 44.37 58.15 2.22e-19 1.41454
64490 33.56 60.56 2.40e-19 1.42153
64493 39.17 59.48 2.33e-19 1.42090
63305 121.38 69.66 1.57e-19 1.32259
63299 126.61 69.25 1.47e-19 1.30269
64058 20.50 62.00 2.48e-19 1.41385
64061 20.50 60.00 2.43e-19 1.42013
64067 20.50 58.00 2.37e-19 1.42179
64802 7.93 64.82 2.50e-19 1.39823
64805 15.00 65.00 2.50e-19 1.39445
64799 1.06 64.29 2.50e-19 1.40717
64907 -29.72 63.95 2.27e-19 1.41846
64904 -34.39 61.83 2.11e-19 1.40489
64898 -41.94 57.20 1.71e-19 1.34795
64901 -38.43 59.57 1.92e-19 1.38123
64829 60.59 55.29 1.81e-19 1.36426
64379 -31.37 46.31 1.18e-19 1.23379
64367 48.58 49.61 1.63e-19 1.33404
64364 44.55 51.21 1.80e-19 1.36360
64361 40.23 52.61 1.95e-19 1.38541
64358 35.61 53.80 2.07e-19 1.40091
63371 72.27 65.14 2.14e-19 1.40758
63101 -146.50 74.10 1.39e-19 1.28435
63107 41.70 76.00 2.49e-19 1.37760
63968 -159.50 80.00 1.80e-19 1.36283
64343 9.65 55.86 2.27e-19 1.41849
63365 76.09 66.19 2.12e-19 1.40595
64247 33.10 47.99 1.71e-19 1.34831
64340 4.38 55.44 2.24e-19 1.41601
64244 28.75 48.86 1.81e-19 1.36455
64238 19.66 49.87 1.92e-19 1.38129
64346 15.00 56.00 2.29e-19 1.41915
64241 24.26 49.49 1.88e-19 1.37528
64268 -8.62 49.77 1.78e-19 1.35980
64271 -4.25 50.90 1.90e-19 1.37856
64274 0.34 51.81 2.00e-19 1.39206
64277 5.12 52.47 2.07e-19 1.40057
65264 -76.74 62.99 1.39e-19 1.28402
65261 -77.40 59.97 1.18e-19 1.23377
65258 101.35 59.93 1.29e-19 1.26127
65324 -83.42 59.64 1.06e-19 1.19923
65321 107.40 59.97 1.18e-19 1.23377
65318 106.74 62.99 1.39e-19 1.28402
64145 -154.30 74.50 1.40e-19 1.28629
65189 93.62 62.41 1.60e-19 1.32750
65195 -71.35 59.93 1.29e-19 1.26127
64139 -154.30 76.50 1.55e-19 1.31788
65441 -105.01 72.61 1.59e-19 1.32595
65438 -101.49 69.80 1.44e-19 1.29681
65444 -110.04 75.29 1.71e-19 1.34817
65447 -117.41 77.77 1.81e-19 1.36448
63341 89.39 68.69 2.02e-19 1.39460
63347 84.65 67.98 2.07e-19 1.39974
65018 -45.03 65.56 2.11e-19 1.40487
65027 -40.62 68.01 2.27e-19 1.41841
65159 -8.31 82.40 2.50e-19 1.39823
63239 -16.23 58.68 2.22e-19 1.41493
63245 -13.89 57.20 2.18e-19 1.41091
65165 38.31 82.40 2.50e-19 1.39823
63419 50.72 54.13 1.90e-19 1.37880
64943 59.72 63.95 2.27e-19 1.41846
64946 64.39 61.83 2.11e-19 1.40489
64847 -30.17 59.65 2.07e-19 1.40044
65141 -58.92 68.10 2.00e-19 1.39193
65138 -61.49 65.27 1.81e-19 1.36431
64838 67.39 50.87 1.38e-19 1.28267
64841 -37.82 55.26 1.67e-19 1.34042
64844 -34.24 57.52 1.88e-19 1.37517
64478 8.63 61.84 2.47e-19 1.41480
64481 15.00 62.00 2.48e-19 1.41313
64484 21.37 61.84 2.47e-19 1.41480
64487 27.59 61.35 2.45e-19 1.41847
64421 26.51 58.40 2.36e-19 1.42179
64424 32.00 57.66 2.30e-19 1.42001
64853 -20.33 63.41 2.36e-19 1.42173
64850 -25.56 61.63 2.24e-19 1.41602
64856 -14.43 64.97 2.45e-19 1.41850
63143 -74.98 69.92 1.83e-19 1.36867
64307 50.22 45.15 1.29e-19 1.26053
64298 38.62 49.77 1.78e-19 1.35980
64301 42.75 48.42 1.63e-19 1.33401
64304 46.62 46.88 1.47e-19 1.30136
64874 30.65 67.20 2.50e-19 1.39035
64868 15.00 68.00 2.48e-19 1.36567
64871 22.96 67.80 2.49e-19 1.37339
64877 37.85 66.25 2.50e-19 1.40717
64022 20.50 86.00 2.48e-19 1.41324
64025 20.50 84.00 2.50e-19 1.40211
64397 -16.66 53.94 1.95e-19 1.38565
64019 20.50 88.00 2.44e-19 1.41984
64394 -20.85 52.27 1.78e-19 1.35975
64388 -28.18 48.44 1.39e-19 1.28405
64391 -24.68 50.43 1.59e-19 1.32594
64214 32.11 45.05 1.50e-19 1.30907
64097 -154.30 89.50 2.35e-19 1.42160
64211 27.99 45.89 1.60e-19 1.32746
65219 -52.04 80.22 2.40e-19 1.42148
64217 -11.20 45.58 1.44e-19 1.29664
65222 -41.87 82.83 2.45e-19 1.41847
64427 37.23 56.66 2.22e-19 1.41458
64199 10.61 46.88 1.71e-19 1.34826
64202 15.00 47.00 1.72e-19 1.35047
64205 19.39 46.88 1.71e-19 1.34826
64976 -5.87 72.94 2.48e-19 1.36566
64973 -14.88 71.70 2.50e-19 1.39445
64970 -22.64 70.09 2.48e-19 1.41310
65450 -128.42 79.90 1.88e-19 1.37523
65453 -144.45 81.43 1.92e-19 1.38153
65162 15.00 83.00 2.50e-19 1.39445
63203 -31.27 65.14 2.30e-19 1.41970
65279 -71.91 77.98 2.22e-19 1.41451
65285 -66.36 83.93 2.36e-19 1.42175
65282 -69.91 80.96 2.30e-19 1.42000
65471 135.01 72.61 1.59e-19 1.32595
65468 140.04 75.29 1.71e-19 1.34817
65474 131.49 69.80 1.44e-19 1.29681
65477 -118.54 73.33 1.50e-19 1.30885
62993 15.00 -90.00 2.53e-20 0.02531
64940 54.30 65.88 2.40e-19 1.42163
65099 -1.81 79.57 2.49e-19 1.37339
65105 31.81 79.57 2.49e-19 1.37339
65102 15.00 80.00 2.48e-19 1.36567
64688 60.98 50.85 1.50e-19 1.30878
65405 -115.34 82.12 2.07e-19 1.40049
65402 -105.13 79.58 2.00e-19 1.39203
65399 -99.24 76.82 1.90e-19 1.37881
63269 -6.11 50.90 1.88e-19 1.37597
63275 -4.48 49.24 1.79e-19 1.36087
64037 20.50 76.00 2.38e-19 1.31929
64034 20.50 78.00 2.44e-19 1.34390
64028 20.50 82.00 2.50e-19 1.38661
64031 20.50 80.00 2.48e-19 1.36700
64916 -10.90 69.01 2.50e-19 1.39823
64793 -11.53 62.26 2.40e-19 1.42155
64790 -17.07 60.82 2.30e-19 1.41993
64910 -24.30 65.88 2.40e-19 1.42163
64913 -18.05 67.59 2.47e-19 1.41476
64796 -5.47 63.42 2.47e-19 1.41627
65144 -55.70 70.89 2.17e-19 1.41054
64430 42.12 55.41 2.10e-19 1.40354
64433 46.66 53.94 1.95e-19 1.38565
64349 20.35 55.86 2.27e-19 1.41849
64352 25.62 55.44 2.24e-19 1.41601
64355 30.72 54.74 2.17e-19 1.41034
63383 65.50 62.76 2.14e-19 1.40754
63113 -138.30 76.00 1.56e-19 1.32077
64436 50.85 52.27 1.78e-19 1.35975
64334 -5.61 53.80 2.07e-19 1.40091
65504 -141.78 74.62 1.44e-19 1.29658
64331 -10.23 52.61 1.95e-19 1.38541
64328 -14.55 51.21 1.80e-19 1.36360
64169 15.00 41.00 1.27e-19 1.25751
64172 18.97 40.88 1.26e-19 1.25431
64175 6.71 43.52 1.44e-19 1.29707
64337 -0.72 54.74 2.17e-19 1.41034
64814 35.47 63.42 2.47e-19 1.41627
65147 -51.53 73.61 2.31e-19 1.42006
65249 96.90 68.78 1.90e-19 1.37885
64085 20.50 46.00 1.64e-19 1.33594
65336 -84.03 71.77 1.80e-19 1.36368
65252 98.64 65.84 1.71e-19 1.34809
65255 100.10 62.89 1.50e-19 1.30874
65330 -83.40 65.72 1.44e-19 1.29676
65333 -83.60 68.75 1.63e-19 1.33417
64418 20.81 58.85 2.40e-19 1.42169
64133 -154.30 79.50 1.77e-19 1.35796
65186 91.49 65.27 1.81e-19 1.36431
64136 -154.30 78.50 1.69e-19 1.34561
65183 88.92 68.10 2.00e-19 1.39193
65180 85.70 70.89 2.17e-19 1.41054
65192 95.42 59.53 1.38e-19 1.28223
65414 164.13 84.15 2.11e-19 1.40514
65432 121.61 68.04 1.46e-19 1.30112
65435 120.51 65.03 1.29e-19 1.26050
63263 -7.85 52.53 1.97e-19 1.38833
65429 123.21 71.02 1.63e-19 1.33432
65408 -134.13 84.15 2.11e-19 1.40514
63317 110.50 70.00 1.75e-19 1.35556
63311 115.98 69.92 1.67e-19 1.34064
65009 76.59 58.92 1.72e-19 1.35021
65015 -48.69 63.02 1.92e-19 1.38153
65012 -51.77 60.39 1.71e-19 1.34786
65528 -165.00 70.00 1.06e-19 1.19904
65531 -165.00 67.00 8.52e-20 1.13384
63413 52.73 55.69 1.97e-19 1.38778
64955 -46.59 58.92 1.72e-19 1.35021
64949 68.43 59.57 1.92e-19 1.38123
65111 57.58 76.63 2.50e-19 1.40715
65168 55.98 80.83 2.50e-19 1.40715
65108 46.27 78.38 2.50e-19 1.39035
65114 66.13 74.51 2.45e-19 1.41845
65117 72.61 72.15 2.36e-19 1.42174
64862 -0.65 67.20 2.50e-19 1.39035
64835 64.18 53.14 1.60e-19 1.32789
65456 -165.00 82.00 1.94e-19 1.38336
64469 -9.17 59.48 2.33e-19 1.42090
64475 2.41 61.35 2.45e-19 1.41847
64472 -3.56 60.56 2.40e-19 1.42153
65513 -177.19 75.64 1.48e-19 1.30519
65510 -165.00 76.00 1.50e-19 1.30828
65516 171.78 74.62 1.44e-19 1.29658
64451 -34.20 48.66 1.29e-19 1.26129
64454 -30.98 50.85 1.50e-19 1.30878
63905 -159.50 78.00 1.65e-19 1.33784
64289 24.88 52.47 2.07e-19 1.40057
64295 34.25 50.90 1.90e-19 1.37856
64292 29.66 51.81 2.00e-19 1.39206
64883 50.33 63.41 2.36e-19 1.42173
64880 44.43 64.97 2.45e-19 1.41850
65498 156.21 75.54 1.60e-19 1.32767
63584 -159.50 72.00 1.20e-19 1.23960
64886 55.56 61.63 2.24e-19 1.41602
64406 -2.00 57.66 2.30e-19 1.42001
65378 113.40 65.72 1.44e-19 1.29676
64403 -7.23 56.66 2.22e-19 1.41458
64400 -12.12 55.41 2.10e-19 1.40354
64223 -3.10 47.99 1.71e-19 1.34831
64220 -7.26 46.89 1.59e-19 1.32575
64118 -154.30 82.50 1.98e-19 1.38869
64121 -154.30 81.50 1.91e-19 1.37952
64226 1.25 48.86 1.81e-19 1.36455
64124 -154.30 80.50 1.84e-19 1.36927
63161 -58.62 69.66 2.08e-19 1.40103
