65006 73.24 61.42 1.52e-19 1.08281
65000 64.69 66.09 1.80e-19 1.11775
65003 69.32 63.82 1.67e-19 1.10417
63197 -35.09 66.19 1.80e-19 1.11762
64142 -154.30 75.50 1.15e-19 1.01382
63191 -39.22 67.15 1.78e-19 1.11620
65213 -57.99 77.44 1.83e-19 1.12036
65210 -61.92 74.59 1.74e-19 1.11246
65294 86.94 86.84 1.89e-19 1.12332
65291 15.00 89.00 1.90e-19 1.12353
65288 -56.94 86.84 1.89e-19 1.12332
65075 -57.47 61.57 1.30e-19 1.04574
62987 15.00 -74.00 -3.95e-21 -0.00395
65072 81.77 60.39 1.33e-19 1.05194
65486 -149.69 78.56 1.33e-19 1.05187
65069 78.69 63.02 1.50e-19 1.08120
65420 135.13 79.58 1.57e-19 1.09069
62981 15.00 -90.00 -1.51e-20 -0.01506
65483 -136.50 77.35 1.30e-19 1.04586
65156 -25.98 80.83 1.98e-19 1.11818
65426 125.59 73.95 1.39e-19 1.06218
65480 -126.21 75.54 1.24e-19 1.03482
63281 -2.95 47.55 1.31e-19 1.04757
63287 -1.51 45.84 1.22e-19 1.02996
65150 -45.89 76.23 1.90e-19 1.12346
65390 -91.61 68.04 1.14e-19 1.01263
63227 -18.77 60.10 1.78e-19 1.11558
65393 -93.21 71.02 1.27e-19 1.04041
65396 -95.59 73.95 1.39e-19 1.06218
63221 -21.51 61.46 1.80e-19 1.11733
63443 45.48 49.24 1.29e-19 1.04333
64046 20.50 70.00 1.96e-19 1.07949
64082 20.50 48.00 1.40e-19 1.06341
64043 20.50 72.00 1.92e-19 1.06277
64040 20.50 74.00 1.89e-19 1.05174
64781 -30.59 55.29 1.41e-19 1.06605
64778 -34.18 53.14 1.24e-19 1.03499
64784 -26.57 57.31 1.57e-19 1.09065
64079 20.50 50.00 1.51e-19 1.08189
64787 -22.08 59.16 1.70e-19 1.10810
64919 -2.88 70.09 1.99e-19 1.09779
64925 15.00 71.00 1.93e-19 1.06710
64922 5.86 70.77 1.95e-19 1.07863
64439 54.68 50.43 1.24e-19 1.03337
64445 61.37 46.31 9.16e-20 0.95733
64442 58.18 48.44 1.08e-19 0.99849
63119 -95.35 67.98 1.09e-19 1.00229
63125 -90.61 68.69 1.18e-19 1.02251
63377 68.74 63.99 1.68e-19 1.10584
64544 53.49 54.84 1.49e-19 1.07868
64187 23.29 43.52 1.12e-19 1.00925
64325 -18.58 49.61 1.27e-19 1.04020
63776 -159.50 74.00 1.05e-19 0.99186
64181 15.00 44.00 1.17e-19 1.01858
64178 10.84 43.88 1.16e-19 1.01629
64184 19.16 43.88 1.16e-19 1.01629
64013 -159.50 88.00 1.80e-19 1.11785
64250 37.26 46.89 1.24e-19 1.03321
64253 41.20 45.58 1.12e-19 1.00892
64073 20.50 54.00 1.71e-19 1.10897
64070 20.50 56.00 1.80e-19 1.11739
65246 94.74 71.70 1.63e-19 1.09885
65492 179.69 78.56 1.33e-19 1.05187
65243 91.92 74.59 1.74e-19 1.11246
65495 166.50 77.35 1.30e-19 1.04586
64076 20.50 52.00 1.61e-19 1.09711
65240 87.99 77.44 1.83e-19 1.12036
64208 23.74 46.51 1.30e-19 1.04591
64457 -27.42 52.92 1.33e-19 1.05222
65177 81.53 73.61 1.82e-19 1.11904
64166 11.03 40.88 9.79e-20 0.97407
64163 15.00 38.00 8.18e-20 0.92916
65171 67.87 78.68 1.95e-19 1.12259
64094 20.50 40.00 9.25e-20 0.95989
65174 75.89 76.23 1.90e-19 1.12346
64160 15.00 35.00 6.59e-20 0.87674
65387 -90.51 65.03 9.99e-20 0.97914
63257 -9.72 54.13 1.61e-19 1.09641
65297 96.36 83.93 1.87e-19 1.12218
63251 -11.73 55.69 1.66e-19 1.10350
65381 113.36 62.69 9.71e-20 0.97218
65384 113.42 59.64 8.18e-20 0.92931
65357 139.00 86.38 1.79e-19 1.11692
65348 -94.24 83.64 1.76e-19 1.11394
65351 -109.00 86.38 1.79e-19 1.11692
64091 20.50 42.00 1.04e-19 0.98986
65354 -165.00 88.00 1.80e-19 1.11782
63179 -48.39 68.69 1.72e-19 1.11024
63185 -43.65 67.98 1.76e-19 1.11372
63323 105.02 69.92 1.43e-19 1.06978
65342 -86.22 77.76 1.63e-19 1.09874
65345 -88.82 80.73 1.70e-19 1.10825
65339 -84.82 74.77 1.53e-19 1.08469
65045 15.00 77.00 1.93e-19 1.06710
65042 1.88 76.67 1.95e-19 1.07866
65039 -10.07 75.72 1.99e-19 1.09778
63407 54.89 57.20 1.58e-19 1.09297
65423 129.24 76.82 1.49e-19 1.07880
64823 52.08 59.16 1.70e-19 1.10810
65489 -165.00 79.00 1.34e-19 1.05416
64820 47.07 60.82 1.82e-19 1.11893
64967 -29.19 68.20 1.90e-19 1.12349
64964 -34.69 66.09 1.80e-19 1.11775
63401 57.23 58.68 1.62e-19 1.09811
63095 40.40 47.00 1.21e-19 1.02859
64961 -39.32 63.82 1.67e-19 1.10417
64958 -43.24 61.42 1.52e-19 1.08281
64826 56.57 57.31 1.57e-19 1.09065
65063 70.62 68.01 1.79e-19 1.11691
65126 84.80 64.32 1.47e-19 1.07570
65060 65.21 70.32 1.89e-19 1.12335
65123 81.58 67.01 1.62e-19 1.09841
65066 75.03 65.56 1.66e-19 1.10272
65120 77.61 69.63 1.76e-19 1.11395
64592 57.42 52.92 1.33e-19 1.05222
64499 49.14 56.59 1.63e-19 1.09870
65519 -154.87 72.69 9.79e-20 0.97384
65522 -165.00 73.00 9.89e-20 0.97669
65525 -175.13 72.69 9.79e-20 0.97384
63293 -0.15 44.10 1.13e-19 1.00970
64055 20.50 64.00 1.99e-19 1.11591
64052 20.50 66.00 2.00e-19 1.10688
64466 -14.37 58.15 1.74e-19 1.11249
64049 20.50 68.00 1.98e-19 1.09461
64463 -19.14 56.59 1.63e-19 1.09870
64460 -23.49 54.84 1.49e-19 1.07868
64889 60.17 59.65 1.62e-19 1.09848
64895 67.82 55.26 1.30e-19 1.04560
64892 64.24 57.52 1.47e-19 1.07559
65225 -22.03 85.01 1.96e-19 1.12198
64376 58.87 43.83 8.18e-20 0.92932
64004 -159.50 82.00 1.52e-19 1.08306
64370 52.30 47.83 1.12e-19 1.00881
64007 -159.50 84.00 1.62e-19 1.09805
64373 55.72 45.90 9.71e-20 0.97192
64229 5.74 49.49 1.47e-19 1.07567
64235 15.00 50.00 1.52e-19 1.08285
64232 10.34 49.87 1.50e-19 1.08101
64109 -154.30 85.50 1.70e-19 1.10733
64115 -154.30 83.50 1.60e-19 1.09504
64112 -154.30 84.50 1.65e-19 1.10161
63809 -159.50 76.00 1.17e-19 1.01904
64283 15.00 53.00 1.67e-19 1.10419
64280 10.03 52.87 1.66e-19 1.10294
64286 19.97 52.87 1.66e-19 1.10294
65312 105.25 69.00 1.39e-19 1.06214
65315 106.03 66.00 1.24e-19 1.03348
65309 104.36 72.00 1.53e-19 1.08476
65306 103.29 74.99 1.65e-19 1.10129
65198 -70.10 62.89 1.17e-19 1.01898
65201 -68.64 65.84 1.33e-19 1.05213
65204 -66.90 68.78 1.49e-19 1.07883
65207 -64.74 71.70 1.63e-19 1.09885
65300 99.91 80.96 1.82e-19 1.11899
65303 101.91 77.98 1.74e-19 1.11246
65078 -54.80 64.32 1.47e-19 1.07570
65081 -51.58 67.01 1.62e-19 1.09841
65411 -165.00 85.00 1.67e-19 1.10419
65084 -47.61 69.63 1.76e-19 1.11395
65087 -42.61 72.15 1.87e-19 1.12217
64859 -7.85 66.25 1.98e-19 1.11820
64865 7.04 67.80 1.99e-19 1.09777
65417 145.34 82.12 1.62e-19 1.09852
63329 99.62 69.66 1.49e-19 1.07893
63335 94.39 69.25 1.54e-19 1.08673
63449 43.95 47.55 1.21e-19 1.02738
63455 42.51 45.84 1.13e-19 1.00955
64994 52.64 70.09 1.97e-19 1.12118
64988 35.87 72.94 1.98e-19 1.09277
64991 44.88 71.70 1.99e-19 1.11091
63215 -24.50 62.76 1.81e-19 1.11832
65153 -37.87 78.68 1.95e-19 1.12259
64997 59.19 68.20 1.90e-19 1.12349
63209 -27.74 63.99 1.81e-19 1.11875
64934 40.90 69.01 1.99e-19 1.11314
64016 14.04 90.00 1.87e-19 1.12252
64931 32.88 70.09 1.99e-19 1.09779
63431 48.85 52.53 1.43e-19 1.06885
64928 24.14 70.77 1.95e-19 1.07863
64010 -159.50 86.00 1.72e-19 1.10968
63473 -159.50 70.00 8.20e-20 0.92987
64937 48.05 67.59 1.96e-19 1.12195
63437 47.11 50.90 1.36e-19 1.05708
65132 -65.42 59.53 1.07e-19 0.99700
65135 -63.62 62.41 1.24e-19 1.03469
65129 87.47 61.57 1.30e-19 1.04574
64772 64.20 48.66 1.00e-19 0.97979
64775 -37.39 50.87 1.07e-19 0.99734
64415 15.00 59.00 1.90e-19 1.12353
64412 9.19 58.85 1.89e-19 1.12333
64409 3.49 58.40 1.87e-19 1.12221
63137 -80.38 69.66 1.35e-19 1.05582
63131 -85.61 69.25 1.27e-19 1.04014
64316 -22.30 47.83 1.12e-19 1.00881
64313 -25.72 45.90 9.71e-20 0.97192
64310 -28.87 43.83 8.18e-20 0.92932
63155 -64.02 69.92 1.57e-19 1.09128
63149 -69.50 70.00 1.51e-19 1.08141
64259 -20.22 45.15 9.99e-20 0.97917
64265 -12.75 48.42 1.27e-19 1.04017
64262 -16.62 46.88 1.14e-19 1.01282
65327 -83.36 62.69 9.71e-20 0.97218
57281 15.00 -74.00 -3.95e-21 -0.00395
64100 -154.30 88.50 1.82e-19 1.11939
64103 -154.30 87.50 1.78e-19 1.11623
65237 82.04 80.22 1.90e-19 1.12348
65234 71.87 82.83 1.94e-19 1.12334
64106 -154.30 86.50 1.74e-19 1.11221
65231 52.03 85.01 1.96e-19 1.12198
65228 15.00 86.00 1.97e-19 1.12121
65267 -76.03 66.00 1.24e-19 1.03348
64088 20.50 44.00 1.16e-19 1.01723
64193 2.01 45.89 1.24e-19 1.03466
64190 -2.11 45.05 1.17e-19 1.01924
64157 -154.30 77.50 1.26e-19 1.03868
64154 -154.30 71.50 9.11e-20 0.95602
64151 -154.30 72.50 9.69e-20 0.97142
64148 -154.30 73.50 1.03e-19 0.98621
64196 6.26 46.51 1.30e-19 1.04591
64982 15.00 74.00 1.84e-19 1.03431
64985 25.77 73.73 1.93e-19 1.06712
65369 114.82 74.77 1.53e-19 1.08469
64979 4.23 73.73 1.93e-19 1.06712
65375 113.60 68.75 1.27e-19 1.04029
65372 114.03 71.77 1.41e-19 1.06553
65366 116.22 77.76 1.63e-19 1.09874
65360 124.24 83.64 1.76e-19 1.11394
65363 118.82 80.73 1.70e-19 1.10825
65459 174.45 81.43 1.50e-19 1.08120
65462 158.42 79.90 1.47e-19 1.07564
65465 147.41 77.77 1.41e-19 1.06623
63173 -53.39 69.25 1.68e-19 1.10538
65036 -20.23 74.26 1.99e-19 1.11314
65270 -75.25 69.00 1.39e-19 1.06214
65273 -74.36 72.00 1.53e-19 1.08476
64952 71.94 57.20 1.33e-19 1.05201
65276 -73.29 74.99 1.65e-19 1.10129
65030 -35.21 70.32 1.89e-19 1.12335
65033 -28.52 72.43 1.96e-19 1.12197
64808 22.07 64.82 1.99e-19 1.11315
64811 28.94 64.29 1.98e-19 1.11820
65501 148.54 73.33 1.17e-19 1.01907
63353 80.22 67.15 1.65e-19 1.10149
64817 41.53 62.26 1.90e-19 1.12353
63005 15.00 -90.00 -1.51e-20 -0.01506
63389 62.51 61.46 1.67e-19 1.10399
62999 15.00 -74.00 -3.95e-21 -0.00395
63395 59.77 60.10 1.65e-19 1.10160
65507 -152.81 75.64 1.16e-19 1.01602
65054 50.23 74.26 1.99e-19 1.11314
65096 -16.27 78.38 2.00e-19 1.10842
65051 40.07 75.72 1.99e-19 1.09778
65048 28.12 76.67 1.95e-19 1.07866
65090 -36.13 74.51 1.94e-19 1.12333
65093 -27.58 76.63 1.98e-19 1.11818
65057 58.52 72.43 1.96e-19 1.12197
64496 44.37 58.15 1.74e-19 1.11249
64490 33.56 60.56 1.90e-19 1.12352
64493 39.17 59.48 1.83e-19 1.12034
63017 15.00 -90.00 -1.51e-20 -0.01506
63305 121.38 69.66 1.22e-19 1.03056
63011 15.00 -74.00 -3.95e-21 -0.00395
63299 126.61 69.25 1.15e-19 1.01393
64058 20.50 62.00 1.97e-19 1.12154
64061 20.50 60.00 1.92e-19 1.12369
64067 20.50 58.00 1.87e-19 1.12230
64802 7.93 64.82 1.99e-19 1.11315
64805 15.00 65.00 1.99e-19 1.11090
64799 1.06 64.29 1.98e-19 1.11820
64907 -29.72 63.95 1.79e-19 1.11695
64904 -34.39 61.83 1.66e-19 1.10274
64898 -41.94 57.20 1.33e-19 1.05201
64901 -38.43 59.57 1.50e-19 1.08096
64829 60.59 55.29 1.41e-19 1.06605
64379 -31.37 46.31 9.16e-20 0.95733
64367 48.58 49.61 1.27e-19 1.04020
64364 44.55 51.21 1.41e-19 1.06546
64361 40.23 52.61 1.53e-19 1.08469
64358 35.61 53.80 1.63e-19 1.09891
63371 72.27 65.14 1.68e-19 1.10536
63101 -146.50 74.10 1.08e-19 0.99875
63107 41.70 76.00 1.99e-19 1.10047
63968 -159.50 80.00 1.40e-19 1.06480
64343 9.65 55.86 1.79e-19 1.11698
63365 76.09 66.19 1.67e-19 1.10378
64247 33.10 47.99 1.33e-19 1.05231
64340 4.38 55.44 1.76e-19 1.11407
64244 28.75 48.86 1.41e-19 1.06628
64238 19.66 49.87 1.50e-19 1.08101
64346 15.00 56.00 1.80e-19 1.11782
64241 24.26 49.49 1.47e-19 1.07567
64268 -8.62 49.77 1.39e-19 1.06218
64271 -4.25 50.90 1.49e-19 1.07860
64274 0.34 51.81 1.57e-19 1.09070
64277 5.12 52.47 1.62e-19 1.09859
65264 -76.74 62.99 1.08e-19 0.99846
65261 -77.40 59.97 9.16e-20 0.95732
65258 101.35 59.93 1.00e-19 0.97978
65324 -83.42 59.64 8.18e-20 0.92931
65321 107.40 59.97 9.16e-20 0.95732
65318 106.74 62.99 1.08e-19 0.99846
64145 -154.30 74.50 1.09e-19 1.00035
65189 93.62 62.41 1.24e-19 1.03469
65195 -71.35 59.93 1.00e-19 0.97978
64139 -154.30 76.50 1.20e-19 1.02661
65441 -105.01 72.61 1.24e-19 1.03337
65438 -101.49 69.80 1.12e-19 1.00905
65444 -110.04 75.29 1.33e-19 1.05219
65447 -117.41 77.77 1.41e-19 1.06623
63341 89.39 68.69 1.58e-19 1.09303
63347 84.65 67.98 1.62e-19 1.09782
65018 -45.03 65.56 1.66e-19 1.10272
65027 -40.62 68.01 1.79e-19 1.11691
65159 -8.31 82.40 1.99e-19 1.11315
63239 -16.23 58.68 1.75e-19 1.11289
63245 -13.89 57.20 1.71e-19 1.10871
65165 38.31 82.40 1.99e-19 1.11315
63419 50.72 54.13 1.49e-19 1.07878
64943 59.72 63.95 1.79e-19 1.11695
64946 64.39 61.83 1.66e-19 1.10274
64847 -30.17 59.65 1.62e-19 1.09848
65141 -58.92 68.10 1.57e-19 1.09060
65138 -61.49 65.27 1.41e-19 1.06609
64838 67.39 50.87 1.07e-19 0.99734
64841 -37.82 55.26 1.30e-19 1.04560
64844 -34.24 57.52 1.47e-19 1.07559
64478 8.63 61.84 1.96e-19 1.12198
64481 15.00 62.00 1.97e-19 1.12121
64484 21.37 61.84 1.96e-19 1.12198
64487 27.59 61.35 1.94e-19 1.12335
64421 26.51 58.40 1.87e-19 1.12221
64424 32.00 57.66 1.82e-19 1.11900
64853 -20.33 63.41 1.87e-19 1.12216
64850 -25.56 61.63 1.76e-19 1.11408
64856 -14.43 64.97 1.94e-19 1.12337
63143 -74.98 69.92 1.43e-19 1.06987
64307 50.22 45.15 9.99e-20 0.97917
64298 38.62 49.77 1.39e-19 1.06218
64301 42.75 48.42 1.27e-19 1.04017
64304 46.62 46.88 1.14e-19 1.01282
64874 30.65 67.20 2.00e-19 1.10842
64868 15.00 68.00 1.98e-19 1.09277
64871 22.96 67.80 1.99e-19 1.09777
64877 37.85 66.25 1.98e-19 1.11820
64022 20.50 86.00 1.97e-19 1.12126
64025 20.50 84.00 1.99e-19 1.11539
64397 -16.66 53.94 1.53e-19 1.08488
64019 20.50 88.00 1.93e-19 1.12365
64394 -20.85 52.27 1.39e-19 1.06214
64388 -28.18 48.44 1.08e-19 0.99849
64391 -24.68 50.43 1.24e-19 1.03337
64214 32.11 45.05 1.17e-19 1.01924
64097 -154.30 89.50 1.86e-19 1.12169
64211 27.99 45.89 1.24e-19 1.03466
65219 -52.04 80.22 1.90e-19 1.12348
64217 -11.20 45.58 1.12e-19 1.00892
65222 -41.87 82.83 1.94e-19 1.12334
64427 37.23 56.66 1.74e-19 1.11252
64199 10.61 46.88 1.33e-19 1.05226
64202 15.00 47.00 1.34e-19 1.05416
64205 19.39 46.88 1.33e-19 1.05226
64976 -5.87 72.94 1.98e-19 1.09277
64973 -14.88 71.70 1.99e-19 1.11091
64970 -22.64 70.09 1.97e-19 1.12118
65450 -128.42 79.90 1.47e-19 1.07564
65453 -144.45 81.43 1.50e-19 1.08120
65162 15.00 83.00 1.99e-19 1.11090
63203 -31.27 65.14 1.81e-19 1.11855
65279 -71.91 77.98 1.74e-19 1.11246
65285 -66.36 83.93 1.87e-19 1.12218
65282 -69.91 80.96 1.82e-19 1.11899
65471 135.01 72.61 1.24e-19 1.03337
65468 140.04 75.29 1.33e-19 1.05219
65474 131.49 69.80 1.12e-19 1.00905
65477 -118.54 73.33 1.17e-19 1.01907
62993 15.00 -90.00 -1.51e-20 -0.01506
64940 54.30 65.88 1.89e-19 1.12328
65099 -1.81 79.57 1.99e-19 1.09777
65105 31.81 79.57 1.99e-19 1.09777
65102 15.00 80.00 1.98e-19 1.09277
64688 60.98 50.85 1.17e-19 1.01901
65405 -115.34 82.12 1.62e-19 1.09852
65402 -105.13 79.58 1.57e-19 1.09069
65399 -99.24 76.82 1.49e-19 1.07880
63269 -6.11 50.90 1.47e-19 1.07629
63275 -4.48 49.24 1.40e-19 1.06311
64037 20.50 76.00 1.91e-19 1.06164
64034 20.50 78.00 1.95e-19 1.07835
64028 20.50 82.00 2.00e-19 1.10612
64031 20.50 80.00 1.98e-19 1.09364
64916 -10.90 69.01 1.99e-19 1.11314
64793 -11.53 62.26 1.90e-19 1.12353
64790 -17.07 60.82 1.82e-19 1.11893
64910 -24.30 65.88 1.89e-19 1.12328
64913 -18.05 67.59 1.96e-19 1.12195
64796 -5.47 63.42 1.95e-19 1.12256
65144 -55.70 70.89 1.70e-19 1.10831
64430 42.12 55.41 1.65e-19 1.10142
64433 46.66 53.94 1.53e-19 1.08488
64349 20.35 55.86 1.79e-19 1.11698
64352 25.62 55.44 1.76e-19 1.11407
64355 30.72 54.74 1.70e-19 1.10814
63383 65.50 62.76 1.68e-19 1.10534
63113 -138.30 76.00 1.22e-19 1.02902
64436 50.85 52.27 1.39e-19 1.06214
64334 -5.61 53.80 1.63e-19 1.09891
65504 -141.78 74.62 1.12e-19 1.00887
64331 -10.23 52.61 1.53e-19 1.08469
64328 -14.55 51.21 1.41e-19 1.06546
64169 15.00 41.00 9.89e-20 0.97669
64172 18.97 40.88 9.79e-20 0.97407
64175 6.71 43.52 1.12e-19 1.00925
64337 -0.72 54.74 1.70e-19 1.10814
64814 35.47 63.42 1.95e-19 1.12256
65147 -51.53 73.61 1.82e-19 1.11904
65249 96.90 68.78 1.49e-19 1.07883
64085 20.50 46.00 1.28e-19 1.04180
65336 -84.03 71.77 1.41e-19 1.06553
65252 98.64 65.84 1.33e-19 1.05213
65255 100.10 62.89 1.17e-19 1.01898
65330 -83.40 65.72 1.12e-19 1.00901
65333 -83.60 68.75 1.27e-19 1.04029
64418 20.81 58.85 1.89e-19 1.12333
64133 -154.30 79.50 1.38e-19 1.06059
65186 91.49 65.27 1.41e-19 1.06609
64136 -154.30 78.50 1.32e-19 1.05001
65183 88.92 68.10 1.57e-19 1.09060
65180 85.70 70.89 1.70e-19 1.10831
65192 95.42 59.53 1.07e-19 0.99700
65414 164.13 84.15 1.66e-19 1.10295
65432 121.61 68.04 1.14e-19 1.01263
65435 120.51 65.03 9.99e-20 0.97914
63263 -7.85 52.53 1.55e-19 1.08733
65429 123.21 71.02 1.27e-19 1.04041
65408 -134.13 84.15 1.66e-19 1.10295
63317 110.50 70.00 1.37e-19 1.05853
63311 115.98 69.92 1.30e-19 1.04577
65009 76.59 58.92 1.34e-19 1.05395
65015 -48.69 63.02 1.50e-19 1.08120
65012 -51.77 60.39 1.33e-19 1.05194
65528 -165.00 70.00 8.18e-20 0.92916
65531 -165.00 67.00 6.59e-20 0.87674
63413 52.73 55.69 1.54e-19 1.08681
64955 -46.59 58.92 1.34e-19 1.05395
64949 68.43 59.57 1.50e-19 1.08096
65111 57.58 76.63 1.98e-19 1.11818
65168 55.98 80.83 1.98e-19 1.11818
65108 46.27 78.38 2.00e-19 1.10842
65114 66.13 74.51 1.94e-19 1.12333
65117 72.61 72.15 1.87e-19 1.12217
64862 -0.65 67.20 2.00e-19 1.10842
64835 64.18 53.14 1.24e-19 1.03499
65456 -165.00 82.00 1.52e-19 1.08285
64469 -9.17 59.48 1.83e-19 1.12034
64475 2.41 61.35 1.94e-19 1.12335
64472 -3.56 60.56 1.90e-19 1.12352
65513 -177.19 75.64 1.16e-19 1.01602
65510 -165.00 76.00 1.17e-19 1.01858
65516 171.78 74.62 1.12e-19 1.00887
64451 -34.20 48.66 1.00e-19 0.97979
64454 -30.98 50.85 1.17e-19 1.01901
63905 -159.50 78.00 1.29e-19 1.04341
64289 24.88 52.47 1.62e-19 1.09859
64295 34.25 50.90 1.49e-19 1.07860
64292 29.66 51.81 1.57e-19 1.09070
64883 50.33 63.41 1.87e-19 1.12216
64880 44.43 64.97 1.94e-19 1.12337
65498 156.21 75.54 1.24e-19 1.03482
63584 -159.50 72.00 9.33e-20 0.96206
64886 55.56 61.63 1.76e-19 1.11408
64406 -2.00 57.66 1.82e-19 1.11900
65378 113.40 65.72 1.12e-19 1.00901
64403 -7.23 56.66 1.74e-19 1.11252
64400 -12.12 55.41 1.65e-19 1.10142
64223 -3.10 47.99 1.33e-19 1.05231
64220 -7.26 46.89 1.24e-19 1.03321
64118 -154.30 82.50 1.55e-19 1.08764
64121 -154.30 81.50 1.49e-19 1.07943
64226 1.25 48.86 1.41e-19 1.06628
64124 -154.30 80.50 1.44e-19 1.07040
63161 -58.62 69.66 1.63e-19 1.09905
