65006 73.24 61.42 2.18e-19 1.55873
65000 64.69 66.09 2.57e-19 1.59286
65003 69.32 63.82 2.38e-19 1.57591
63197 -35.09 66.19 2.56e-19 1.59264
64142 -154.30 75.50 1.72e-19 1.52142
63191 -39.22 67.15 2.54e-19 1.59029
65213 -57.99 77.44 2.62e-19 1.59805
65210 -61.92 74.59 2.48e-19 1.58505
65294 86.94 86.84 2.71e-19 1.60825
65291 15.00 89.00 2.73e-19 1.60999
65288 -56.94 86.84 2.71e-19 1.60825
65075 -57.47 61.57 1.91e-19 1.53692
62987 15.00 -74.00 -8.10e-20 -0.08103
65072 81.77 60.39 1.95e-19 1.54008
65486 -149.69 78.56 1.95e-19 1.54000
65069 78.69 63.02 2.17e-19 1.55773
65420 135.13 79.58 2.25e-19 1.56444
62981 15.00 -90.00 -1.59e-19 -0.15922
65483 -136.50 77.35 1.91e-19 1.53707
65156 -25.98 80.83 2.90e-19 1.63373
65426 125.59 73.95 2.02e-19 1.54588
65480 -126.21 75.54 1.84e-19 1.53135
63281 -2.95 47.55 1.92e-19 1.53776
63287 -1.51 45.84 1.81e-19 1.52909
65150 -45.89 76.23 2.72e-19 1.60949
65390 -91.61 68.04 1.71e-19 1.52085
63227 -18.77 60.10 2.53e-19 1.58934
65393 -93.21 71.02 1.88e-19 1.53429
65396 -95.59 73.95 2.02e-19 1.54588
63221 -21.51 61.46 2.56e-19 1.59213
63443 45.48 49.24 1.90e-19 1.53558
64046 20.50 70.00 3.03e-19 1.67192
64082 20.50 48.00 2.03e-19 1.54657
64043 20.50 72.00 3.03e-19 1.68269
64040 20.50 74.00 3.03e-19 1.68913
64781 -30.59 55.29 2.05e-19 1.54805
64778 -34.18 53.14 1.84e-19 1.53156
64784 -26.57 57.31 2.25e-19 1.56440
64079 20.50 50.00 2.17e-19 1.55811
64787 -22.08 59.16 2.43e-19 1.57991
64919 -2.88 70.09 3.00e-19 1.65778
64925 15.00 71.00 3.03e-19 1.68003
64922 5.86 70.77 3.03e-19 1.67251
64439 54.68 50.43 1.83e-19 1.53068
64445 61.37 46.31 1.43e-19 1.49747
64442 58.18 48.44 1.63e-19 1.51473
63119 -95.35 67.98 1.66e-19 1.51624
63125 -90.61 68.69 1.77e-19 1.52560
63377 68.74 63.99 2.40e-19 1.57757
64544 53.49 54.84 2.15e-19 1.55591
64187 23.29 43.52 1.69e-19 1.51946
64325 -18.58 49.61 1.88e-19 1.53403
63776 -159.50 74.00 1.60e-19 1.51172
64181 15.00 44.00 1.75e-19 1.52361
64178 10.84 43.88 1.73e-19 1.52260
64184 19.16 43.88 1.73e-19 1.52260
64013 -159.50 88.00 2.57e-19 1.59301
64250 37.26 46.89 1.83e-19 1.53048
64253 41.20 45.58 1.69e-19 1.51904
64073 20.50 54.00 2.44e-19 1.58091
64070 20.50 56.00 2.56e-19 1.59222
65246 94.74 71.70 2.33e-19 1.57106
65492 179.69 78.56 1.95e-19 1.54000
65243 91.92 74.59 2.48e-19 1.58505
65495 166.50 77.35 1.91e-19 1.53707
64076 20.50 52.00 2.31e-19 1.56955
65240 87.99 77.44 2.62e-19 1.59805
64208 23.74 46.51 1.91e-19 1.53713
64457 -27.42 52.92 1.95e-19 1.54033
65177 81.53 73.61 2.59e-19 1.59523
64166 11.03 40.88 1.51e-19 1.50420
64163 15.00 38.00 1.31e-19 1.48637
65171 67.87 78.68 2.83e-19 1.62263
64094 20.50 40.00 1.44e-19 1.49847
65174 75.89 76.23 2.72e-19 1.60949
64160 15.00 35.00 1.10e-19 1.46656
65387 -90.51 65.03 1.54e-19 1.50623
63257 -9.72 54.13 2.30e-19 1.56900
65297 96.36 83.93 2.67e-19 1.60311
63251 -11.73 55.69 2.37e-19 1.57530
65381 113.36 62.69 1.50e-19 1.50360
65384 113.42 59.64 1.31e-19 1.48656
65357 139.00 86.38 2.55e-19 1.59144
65348 -94.24 83.64 2.51e-19 1.58700
65351 -109.00 86.38 2.55e-19 1.59144
64091 20.50 42.00 1.59e-19 1.51086
65354 -165.00 88.00 2.57e-19 1.59297
63179 -48.39 68.69 2.45e-19 1.58236
63185 -43.65 67.98 2.50e-19 1.58670
63323 105.02 69.92 2.08e-19 1.55044
65342 -86.22 77.76 2.33e-19 1.57091
65345 -88.82 80.73 2.43e-19 1.58011
65339 -84.82 74.77 2.20e-19 1.56002
65045 15.00 77.00 3.03e-19 1.68003
65042 1.88 76.67 3.03e-19 1.67250
65039 -10.07 75.72 3.00e-19 1.65781
63407 54.89 57.20 2.27e-19 1.56613
65423 129.24 76.82 2.15e-19 1.55605
64823 52.08 59.16 2.43e-19 1.57991
65489 -165.00 79.00 1.97e-19 1.54138
64820 47.07 60.82 2.59e-19 1.59507
64967 -29.19 68.20 2.73e-19 1.60992
64964 -34.69 66.09 2.57e-19 1.59286
63401 57.23 58.68 2.32e-19 1.57045
63095 40.40 47.00 1.80e-19 1.52833
64961 -39.32 63.82 2.38e-19 1.57591
64958 -43.24 61.42 2.18e-19 1.55873
64826 56.57 57.31 2.25e-19 1.56440
65063 70.62 68.01 2.55e-19 1.59143
65126 84.80 64.32 2.12e-19 1.55409
65060 65.21 70.32 2.71e-19 1.60830
65123 81.58 67.01 2.32e-19 1.57063
65066 75.03 65.56 2.37e-19 1.57450
65120 77.61 69.63 2.51e-19 1.58702
64592 57.42 52.92 1.95e-19 1.54033
64499 49.14 56.59 2.33e-19 1.57086
65519 -154.87 72.69 1.51e-19 1.50391
65522 -165.00 73.00 1.52e-19 1.50533
65525 -175.13 72.69 1.51e-19 1.50391
63293 -0.15 44.10 1.70e-19 1.51965
64055 20.50 64.00 2.92e-19 1.63757
64052 20.50 66.00 2.97e-19 1.64902
64466 -14.37 58.15 2.48e-19 1.58509
64049 20.50 68.00 3.01e-19 1.66051
64463 -19.14 56.59 2.33e-19 1.57086
64460 -23.49 54.84 2.15e-19 1.55591
64889 60.17 59.65 2.32e-19 1.57072
64895 67.82 55.26 1.91e-19 1.53675
64892 64.24 57.52 2.12e-19 1.55394
65225 -22.03 85.01 2.84e-19 1.62500
64376 58.87 43.83 1.31e-19 1.48658
64004 -159.50 82.00 2.18e-19 1.55892
64370 52.30 47.83 1.69e-19 1.51891
64007 -159.50 84.00 2.32e-19 1.57035
64373 55.72 45.90 1.50e-19 1.50328
64229 5.74 49.49 2.12e-19 1.55405
64235 15.00 50.00 2.18e-19 1.55877
64232 10.34 49.87 2.17e-19 1.55748
64109 -154.30 85.50 2.42e-19 1.57913
64115 -154.30 83.50 2.29e-19 1.56784
64112 -154.30 84.50 2.36e-19 1.57349
63809 -159.50 76.00 1.75e-19 1.52382
64283 15.00 53.00 2.38e-19 1.57593
64280 10.03 52.87 2.37e-19 1.57479
64286 19.97 52.87 2.37e-19 1.57479
65312 105.25 69.00 2.02e-19 1.54582
65315 106.03 66.00 1.83e-19 1.53082
65309 104.36 72.00 2.20e-19 1.56012
65306 103.29 74.99 2.35e-19 1.57318
65198 -70.10 62.89 1.75e-19 1.52366
65201 -68.64 65.84 1.95e-19 1.54022
65204 -66.90 68.78 2.15e-19 1.55609
65207 -64.74 71.70 2.33e-19 1.57106
65300 99.91 80.96 2.59e-19 1.59515
65303 101.91 77.98 2.48e-19 1.58506
65078 -54.80 64.32 2.12e-19 1.55409
65081 -51.58 67.01 2.32e-19 1.57063
65411 -165.00 85.00 2.38e-19 1.57593
65084 -47.61 69.63 2.51e-19 1.58702
65087 -42.61 72.15 2.67e-19 1.60310
64859 -7.85 66.25 2.90e-19 1.63382
64865 7.04 67.80 3.00e-19 1.65782
65417 145.34 82.12 2.32e-19 1.57078
63329 99.62 69.66 2.15e-19 1.55609
63335 94.39 69.25 2.21e-19 1.56150
63449 43.95 47.55 1.80e-19 1.52764
63455 42.51 45.84 1.69e-19 1.51959
64994 52.64 70.09 2.86e-19 1.62703
64988 35.87 72.94 3.01e-19 1.66203
64991 44.88 71.70 2.95e-19 1.64442
63215 -24.50 62.76 2.58e-19 1.59388
65153 -37.87 78.68 2.83e-19 1.62263
64997 59.19 68.20 2.73e-19 1.60992
63209 -27.74 63.99 2.58e-19 1.59467
64934 40.90 69.01 2.94e-19 1.64150
64016 14.04 90.00 2.68e-19 1.60431
64931 32.88 70.09 3.00e-19 1.65778
63431 48.85 52.53 2.07e-19 1.54974
64928 24.14 70.77 3.03e-19 1.67251
64010 -159.50 86.00 2.45e-19 1.58170
63473 -159.50 70.00 1.31e-19 1.48665
64937 48.05 67.59 2.84e-19 1.62492
63437 47.11 50.90 1.99e-19 1.54291
65132 -65.42 59.53 1.63e-19 1.51388
65135 -63.62 62.41 1.84e-19 1.53119
65129 87.47 61.57 1.91e-19 1.53692
64772 64.20 48.66 1.54e-19 1.50655
64775 -37.39 50.87 1.63e-19 1.51431
64415 15.00 59.00 2.73e-19 1.60999
64412 9.19 58.85 2.71e-19 1.60826
64409 3.49 58.40 2.67e-19 1.60316
63137 -80.38 69.66 1.98e-19 1.54215
63131 -85.61 69.25 1.88e-19 1.53397
64316 -22.30 47.83 1.69e-19 1.51891
64313 -25.72 45.90 1.50e-19 1.50328
64310 -28.87 43.83 1.31e-19 1.48658
63155 -64.02 69.92 2.25e-19 1.56494
63149 -69.50 70.00 2.17e-19 1.55779
64259 -20.22 45.15 1.54e-19 1.50626
64265 -12.75 48.42 1.88e-19 1.53399
64262 -16.62 46.88 1.71e-19 1.52108
65327 -83.36 62.69 1.50e-19 1.50360
57281 15.00 -74.00 -8.10e-20 -0.08103
64100 -154.30 88.50 2.60e-19 1.59594
64103 -154.30 87.50 2.54e-19 1.59035
65237 82.04 80.22 2.72e-19 1.60952
65234 71.87 82.83 2.80e-19 1.61878
64106 -154.30 86.50 2.48e-19 1.58474
65231 52.03 85.01 2.84e-19 1.62500
65228 15.00 86.00 2.86e-19 1.62710
65267 -76.03 66.00 1.83e-19 1.53082
64088 20.50 44.00 1.74e-19 1.52298
64193 2.01 45.89 1.84e-19 1.53115
64190 -2.11 45.05 1.75e-19 1.52398
64157 -154.30 77.50 1.87e-19 1.53329
64154 -154.30 71.50 1.43e-19 1.49692
64151 -154.30 72.50 1.50e-19 1.50315
64148 -154.30 73.50 1.57e-19 1.50931
64196 6.26 46.51 1.91e-19 1.53713
64982 15.00 74.00 3.02e-19 1.69856
64985 25.77 73.73 3.03e-19 1.68003
65369 114.82 74.77 2.20e-19 1.56002
64979 4.23 73.73 3.03e-19 1.68003
65375 113.60 68.75 1.88e-19 1.53415
65372 114.03 71.77 2.05e-19 1.54791
65366 116.22 77.76 2.33e-19 1.57091
65360 124.24 83.64 2.51e-19 1.58700
65363 118.82 80.73 2.43e-19 1.58011
65459 174.45 81.43 2.17e-19 1.55772
65462 158.42 79.90 2.12e-19 1.55400
65465 147.41 77.77 2.05e-19 1.54827
63173 -53.39 69.25 2.40e-19 1.57711
65036 -20.23 74.26 2.94e-19 1.64151
65270 -75.25 69.00 2.02e-19 1.54582
65273 -74.36 72.00 2.20e-19 1.56012
64952 71.94 57.20 1.95e-19 1.54017
65276 -73.29 74.99 2.35e-19 1.57318
65030 -35.21 70.32 2.71e-19 1.60830
65033 -28.52 72.43 2.84e-19 1.62497
64808 22.07 64.82 2.94e-19 1.64154
64811 28.94 64.29 2.90e-19 1.63381
65501 148.54 73.33 1.75e-19 1.52377
63353 80.22 67.15 2.35e-19 1.57342
64817 41.53 62.26 2.72e-19 1.60962
63389 62.51 61.46 2.38e-19 1.57573
63395 59.77 60.10 2.36e-19 1.57350
65507 -152.81 75.64 1.73e-19 1.52227
65054 50.23 74.26 2.94e-19 1.64151
65096 -16.27 78.38 2.97e-19 1.64732
65051 40.07 75.72 3.00e-19 1.65781
65048 28.12 76.67 3.03e-19 1.67250
65090 -36.13 74.51 2.80e-19 1.61876
65093 -27.58 76.63 2.90e-19 1.63374
65057 58.52 72.43 2.84e-19 1.62497
64496 44.37 58.15 2.48e-19 1.58509
64490 33.56 60.56 2.72e-19 1.60959
64493 39.17 59.48 2.62e-19 1.59803
63305 121.38 69.66 1.82e-19 1.52912
63299 126.61 69.25 1.72e-19 1.52141
64058 20.50 62.00 2.85e-19 1.62617
64061 20.50 60.00 2.77e-19 1.61483
64067 20.50 58.00 2.67e-19 1.60352
64802 7.93 64.82 2.94e-19 1.64154
64805 15.00 65.00 2.95e-19 1.64441
64799 1.06 64.29 2.90e-19 1.63381
64907 -29.72 63.95 2.55e-19 1.59149
64904 -34.39 61.83 2.37e-19 1.57452
64898 -41.94 57.20 1.95e-19 1.54017
64901 -38.43 59.57 2.17e-19 1.55742
64829 60.59 55.29 2.05e-19 1.54805
64379 -31.37 46.31 1.43e-19 1.49747
64367 48.58 49.61 1.88e-19 1.53403
64364 44.55 51.21 2.05e-19 1.54783
64361 40.23 52.61 2.20e-19 1.56002
64358 35.61 53.80 2.33e-19 1.57114
63371 72.27 65.14 2.40e-19 1.57709
63101 -146.50 74.10 1.64e-19 1.51470
63107 41.70 76.00 3.00e-19 1.65539
63968 -159.50 80.00 2.04e-19 1.54738
64343 9.65 55.86 2.55e-19 1.59152
63365 76.09 66.19 2.38e-19 1.57550
64247 33.10 47.99 1.95e-19 1.54044
64340 4.38 55.44 2.51e-19 1.58719
64244 28.75 48.86 2.05e-19 1.54834
64238 19.66 49.87 2.17e-19 1.55748
64346 15.00 56.00 2.57e-19 1.59297
64241 24.26 49.49 2.12e-19 1.55405
64268 -8.62 49.77 2.02e-19 1.54587
64271 -4.25 50.90 2.15e-19 1.55580
64274 0.34 51.81 2.25e-19 1.56446
64277 5.12 52.47 2.32e-19 1.57087
65264 -76.74 62.99 1.63e-19 1.51470
65261 -77.40 59.97 1.43e-19 1.49745
65258 101.35 59.93 1.54e-19 1.50653
65324 -83.42 59.64 1.31e-19 1.48656
65321 107.40 59.97 1.43e-19 1.49745
65318 106.74 62.99 1.63e-19 1.51470
64145 -154.30 74.50 1.65e-19 1.51540
65189 93.62 62.41 1.84e-19 1.53119
65195 -71.35 59.93 1.54e-19 1.50653
64139 -154.30 76.50 1.79e-19 1.52738
65441 -105.01 72.61 1.83e-19 1.53068
65438 -101.49 69.80 1.69e-19 1.51922
65444 -110.04 75.29 1.95e-19 1.54030
65447 -117.41 77.77 2.05e-19 1.54827
63341 89.39 68.69 2.27e-19 1.56627
63347 84.65 67.98 2.32e-19 1.57016
65018 -45.03 65.56 2.37e-19 1.57450
65027 -40.62 68.01 2.55e-19 1.59143
65159 -8.31 82.40 2.94e-19 1.64152
63239 -16.23 58.68 2.49e-19 1.58562
63245 -13.89 57.20 2.44e-19 1.58060
65165 38.31 82.40 2.94e-19 1.64152
63419 50.72 54.13 2.15e-19 1.55609
64943 59.72 63.95 2.55e-19 1.59149
64946 64.39 61.83 2.37e-19 1.57452
64847 -30.17 59.65 2.32e-19 1.57072
65141 -58.92 68.10 2.25e-19 1.56433
65138 -61.49 65.27 2.05e-19 1.54810
64838 67.39 50.87 1.63e-19 1.51431
64841 -37.82 55.26 1.91e-19 1.53675
64844 -34.24 57.52 2.12e-19 1.55394
64478 8.63 61.84 2.84e-19 1.62501
64481 15.00 62.00 2.86e-19 1.62710
64484 21.37 61.84 2.84e-19 1.62501
64487 27.59 61.35 2.80e-19 1.61879
64421 26.51 58.40 2.67e-19 1.60316
64424 32.00 57.66 2.59e-19 1.59517
64853 -20.33 63.41 2.67e-19 1.60308
64850 -25.56 61.63 2.51e-19 1.58721
64856 -14.43 64.97 2.80e-19 1.61884
63143 -74.98 69.92 2.08e-19 1.55050
64307 50.22 45.15 1.54e-19 1.50626
64298 38.62 49.77 2.02e-19 1.54587
64301 42.75 48.42 1.88e-19 1.53399
64304 46.62 46.88 1.71e-19 1.52108
64874 30.65 67.20 2.97e-19 1.64728
64868 15.00 68.00 3.01e-19 1.66202
64871 22.96 67.80 3.00e-19 1.65782
64877 37.85 66.25 2.90e-19 1.63382
64022 20.50 86.00 2.86e-19 1.62696
64025 20.50 84.00 2.92e-19 1.63836
64397 -16.66 53.94 2.20e-19 1.56027
64019 20.50 88.00 2.77e-19 1.61562
64394 -20.85 52.27 2.02e-19 1.54582
64388 -28.18 48.44 1.63e-19 1.51473
64391 -24.68 50.43 1.83e-19 1.53068
64214 32.11 45.05 1.75e-19 1.52398
64097 -154.30 89.50 2.65e-19 1.60152
64211 27.99 45.89 1.84e-19 1.53115
65219 -52.04 80.22 2.72e-19 1.60952
64217 -11.20 45.58 1.69e-19 1.51904
65222 -41.87 82.83 2.80e-19 1.61878
64427 37.23 56.66 2.48e-19 1.58514
64199 10.61 46.88 1.95e-19 1.54048
64202 15.00 47.00 1.97e-19 1.54138
64205 19.39 46.88 1.95e-19 1.54048
64976 -5.87 72.94 3.01e-19 1.66203
64973 -14.88 71.70 2.95e-19 1.64442
64970 -22.64 70.09 2.86e-19 1.62703
65450 -128.42 79.90 2.12e-19 1.55400
65453 -144.45 81.43 2.17e-19 1.55772
65162 15.00 83.00 2.95e-19 1.64441
63203 -31.27 65.14 2.58e-19 1.59428
65279 -71.91 77.98 2.48e-19 1.58506
65285 -66.36 83.93 2.67e-19 1.60311
65282 -69.91 80.96 2.59e-19 1.59515
65471 135.01 72.61 1.83e-19 1.53068
65468 140.04 75.29 1.95e-19 1.54030
65474 131.49 69.80 1.69e-19 1.51922
65477 -118.54 73.33 1.75e-19 1.52377
62993 15.00 -90.00 -1.59e-19 -0.15922
64940 54.30 65.88 2.71e-19 1.60818
65099 -1.81 79.57 3.00e-19 1.65781
65105 31.81 79.57 3.00e-19 1.65781
65102 15.00 80.00 3.01e-19 1.66202
64688 60.98 50.85 1.75e-19 1.52370
65405 -115.34 82.12 2.32e-19 1.57078
65402 -105.13 79.58 2.25e-19 1.56444
65399 -99.24 76.82 2.15e-19 1.55605
63269 -6.11 50.90 2.13e-19 1.55436
63275 -4.48 49.24 2.03e-19 1.54634
64037 20.50 76.00 3.03e-19 1.68337
64034 20.50 78.00 3.03e-19 1.67271
64028 20.50 82.00 2.98e-19 1.64982
64031 20.50 80.00 3.01e-19 1.66131
64916 -10.90 69.01 2.94e-19 1.64150
64793 -11.53 62.26 2.72e-19 1.60962
64790 -17.07 60.82 2.59e-19 1.59507
64910 -24.30 65.88 2.71e-19 1.60818
64913 -18.05 67.59 2.84e-19 1.62492
64796 -5.47 63.42 2.83e-19 1.62257
65144 -55.70 70.89 2.43e-19 1.58019
64430 42.12 55.41 2.35e-19 1.57335
64433 46.66 53.94 2.20e-19 1.56027
64349 20.35 55.86 2.55e-19 1.59152
64352 25.62 55.44 2.51e-19 1.58719
64355 30.72 54.74 2.43e-19 1.57996
63383 65.50 62.76 2.40e-19 1.57704
63113 -138.30 76.00 1.81e-19 1.52854
64436 50.85 52.27 2.02e-19 1.54582
64334 -5.61 53.80 2.33e-19 1.57114
65504 -141.78 74.62 1.69e-19 1.51899
64331 -10.23 52.61 2.20e-19 1.56002
64328 -14.55 51.21 2.05e-19 1.54783
64169 15.00 41.00 1.52e-19 1.50533
64172 18.97 40.88 1.51e-19 1.50420
64175 6.71 43.52 1.69e-19 1.51946
64337 -0.72 54.74 2.43e-19 1.57996
64814 35.47 63.42 2.83e-19 1.62257
65147 -51.53 73.61 2.59e-19 1.59523
65249 96.90 68.78 2.15e-19 1.55609
64085 20.50 46.00 1.89e-19 1.53487
65336 -84.03 71.77 2.05e-19 1.54791
65252 98.64 65.84 1.95e-19 1.54022
65255 100.10 62.89 1.75e-19 1.52366
65330 -83.40 65.72 1.69e-19 1.51917
65333 -83.60 68.75 1.88e-19 1.53415
64418 20.81 58.85 2.71e-19 1.60826
64133 -154.30 79.50 2.01e-19 1.54495
65186 91.49 65.27 2.05e-19 1.54810
64136 -154.30 78.50 1.94e-19 1.53914
65183 88.92 68.10 2.25e-19 1.56433
65180 85.70 70.89 2.43e-19 1.58019
65192 95.42 59.53 1.63e-19 1.51388
65414 164.13 84.15 2.37e-19 1.57480
65432 121.61 68.04 1.71e-19 1.52085
65435 120.51 65.03 1.54e-19 1.50623
63263 -7.85 52.53 2.22e-19 1.56191
65429 123.21 71.02 1.88e-19 1.53429
65408 -134.13 84.15 2.37e-19 1.57480
63317 110.50 70.00 2.00e-19 1.54379
63311 115.98 69.92 1.91e-19 1.53704
65009 76.59 58.92 1.97e-19 1.54111
65015 -48.69 63.02 2.17e-19 1.55773
65012 -51.77 60.39 1.95e-19 1.54008
65528 -165.00 70.00 1.31e-19 1.48637
65531 -165.00 67.00 1.10e-19 1.46656
63413 52.73 55.69 2.21e-19 1.56162
64955 -46.59 58.92 1.97e-19 1.54111
64949 68.43 59.57 2.17e-19 1.55742
65111 57.58 76.63 2.90e-19 1.63374
65168 55.98 80.83 2.90e-19 1.63373
65108 46.27 78.38 2.97e-19 1.64732
65114 66.13 74.51 2.80e-19 1.61876
65117 72.61 72.15 2.67e-19 1.60310
64862 -0.65 67.20 2.97e-19 1.64728
64835 64.18 53.14 1.84e-19 1.53156
65456 -165.00 82.00 2.18e-19 1.55877
64469 -9.17 59.48 2.62e-19 1.59803
64475 2.41 61.35 2.80e-19 1.61879
64472 -3.56 60.56 2.72e-19 1.60959
65513 -177.19 75.64 1.73e-19 1.52227
65510 -165.00 76.00 1.75e-19 1.52361
65516 171.78 74.62 1.69e-19 1.51899
64451 -34.20 48.66 1.54e-19 1.50655
64454 -30.98 50.85 1.75e-19 1.52370
63905 -159.50 78.00 1.90e-19 1.53569
64289 24.88 52.47 2.32e-19 1.57087
64295 34.25 50.90 2.15e-19 1.55580
64292 29.66 51.81 2.25e-19 1.56446
64883 50.33 63.41 2.67e-19 1.60308
64880 44.43 64.97 2.80e-19 1.61884
65498 156.21 75.54 1.84e-19 1.53135
63584 -159.50 72.00 1.45e-19 1.49935
64886 55.56 61.63 2.51e-19 1.58721
64406 -2.00 57.66 2.59e-19 1.59517
65378 113.40 65.72 1.69e-19 1.51917
64403 -7.23 56.66 2.48e-19 1.58514
64400 -12.12 55.41 2.35e-19 1.57335
64223 -3.10 47.99 1.95e-19 1.54044
64220 -7.26 46.89 1.83e-19 1.53048
64118 -154.30 82.50 2.22e-19 1.56216
64121 -154.30 81.50 2.15e-19 1.55646
64226 1.25 48.86 2.05e-19 1.54834
64124 -154.30 80.50 2.08e-19 1.55072
63161 -58.62 69.66 2.33e-19 1.57119
