65006 73.24 61.42 1.25e-19 0.89491
65000 64.69 66.09 1.41e-19 0.87665
65003 69.32 63.82 1.34e-19 0.88528
63197 -35.09 66.19 1.41e-19 0.87674
64142 -154.30 75.50 1.04e-19 0.91931
63191 -39.22 67.15 1.40e-19 0.87805
65213 -57.99 77.44 1.43e-19 0.87429
65210 -61.92 74.59 1.38e-19 0.88053
65294 86.94 86.84 1.47e-19 0.86981
65291 15.00 89.00 1.47e-19 0.86906
65288 -56.94 86.84 1.47e-19 0.86981
65075 -57.47 61.57 1.13e-19 0.90868
62987 15.00 -74.00 1.59e-21 0.00159
65072 81.77 60.39 1.15e-19 0.90638
65486 -149.69 78.56 1.15e-19 0.90634
65069 78.69 63.02 1.25e-19 0.89572
65420 135.13 79.58 1.28e-19 0.89166
62981 15.00 -90.00 3.37e-21 0.00337
65483 -136.50 77.35 1.13e-19 0.90875
65156 -25.98 80.83 1.53e-19 0.85995
65426 125.59 73.95 1.18e-19 0.90287
65480 -126.21 75.54 1.10e-19 0.91236
63281 -2.95 47.55 1.14e-19 0.90790
63287 -1.51 45.84 1.08e-19 0.91412
65150 -45.89 76.23 1.47e-19 0.86924
65390 -91.61 68.04 1.04e-19 0.91967
63227 -18.77 60.10 1.40e-19 0.87845
65393 -93.21 71.02 1.11e-19 0.91065
65396 -95.59 73.95 1.18e-19 0.90287
63221 -21.51 61.46 1.41e-19 0.87704
63443 45.48 49.24 1.12e-19 0.90940
64046 20.50 70.00 1.54e-19 0.84882
64082 20.50 48.00 1.19e-19 0.90239
64043 20.50 72.00 1.53e-19 0.84638
64040 20.50 74.00 1.52e-19 0.84507
64781 -30.59 55.29 1.19e-19 0.90133
64778 -34.18 53.14 1.10e-19 0.91246
64784 -26.57 57.31 1.28e-19 0.89165
64079 20.50 50.00 1.25e-19 0.89532
64787 -22.08 59.16 1.36e-19 0.88300
64919 -2.88 70.09 1.54e-19 0.85246
64925 15.00 71.00 1.53e-19 0.84696
64922 5.86 70.77 1.54e-19 0.84867
64439 54.68 50.43 1.09e-19 0.91289
64445 61.37 46.31 8.97e-20 0.93734
64442 58.18 48.44 9.98e-20 0.92443
63119 -95.35 67.98 1.01e-19 0.92302
63125 -90.61 68.69 1.06e-19 0.91665
63377 68.74 63.99 1.35e-19 0.88439
64544 53.49 54.84 1.24e-19 0.89650
64187 23.29 43.52 1.03e-19 0.92093
64325 -18.58 49.61 1.11e-19 0.91052
63776 -159.50 74.00 9.81e-20 0.92638
64181 15.00 44.00 1.05e-19 0.91776
64178 10.84 43.88 1.05e-19 0.91856
64184 19.16 43.88 1.05e-19 0.91856
64013 -159.50 88.00 1.41e-19 0.87666
64250 37.26 46.89 1.09e-19 0.91280
64253 41.20 45.58 1.03e-19 0.92072
64073 20.50 54.00 1.36e-19 0.88267
64070 20.50 56.00 1.41e-19 0.87704
65246 94.74 71.70 1.31e-19 0.88799
65492 179.69 78.56 1.15e-19 0.90634
65243 91.92 74.59 1.38e-19 0.88053
65495 166.50 77.35 1.13e-19 0.90875
64076 20.50 52.00 1.31e-19 0.88875
65240 87.99 77.44 1.43e-19 0.87429
64208 23.74 46.51 1.13e-19 0.90878
64457 -27.42 52.92 1.15e-19 0.90641
65177 81.53 73.61 1.42e-19 0.87563
64166 11.03 40.88 9.37e-20 0.93198
64163 15.00 38.00 8.33e-20 0.94620
65171 67.87 78.68 1.50e-19 0.86399
64094 20.50 40.00 9.03e-20 0.93650
65174 75.89 76.23 1.47e-19 0.86924
64160 15.00 35.00 7.24e-20 0.96296
65387 -90.51 65.03 9.49e-20 0.93029
63257 -9.72 54.13 1.30e-19 0.88916
65297 96.36 83.93 1.45e-19 0.87201
63251 -11.73 55.69 1.34e-19 0.88574
65381 113.36 62.69 9.32e-20 0.93277
65384 113.42 59.64 8.33e-20 0.94629
65357 139.00 86.38 1.41e-19 0.87740
65348 -94.24 83.64 1.39e-19 0.87952
65351 -109.00 86.38 1.41e-19 0.87740
64091 20.50 42.00 9.76e-20 0.92702
65354 -165.00 88.00 1.41e-19 0.87669
63179 -48.39 68.69 1.37e-19 0.88199
63185 -43.65 67.98 1.39e-19 0.87975
63323 105.02 69.92 1.21e-19 0.90016
65342 -86.22 77.76 1.31e-19 0.88792
65345 -88.82 80.73 1.36e-19 0.88308
65339 -84.82 74.77 1.26e-19 0.89412
65045 15.00 77.00 1.53e-19 0.84696
65042 1.88 76.67 1.54e-19 0.84868
65039 -10.07 75.72 1.54e-19 0.85246
63407 54.89 57.20 1.29e-19 0.89053
65423 129.24 76.82 1.24e-19 0.89657
64823 52.08 59.16 1.36e-19 0.88300
65489 -165.00 79.00 1.16e-19 0.90571
64820 47.07 60.82 1.42e-19 0.87557
64967 -29.19 68.20 1.47e-19 0.86903
64964 -34.69 66.09 1.41e-19 0.87665
63401 57.23 58.68 1.31e-19 0.88841
63095 40.40 47.00 1.08e-19 0.91446
64961 -39.32 63.82 1.34e-19 0.88528
64958 -43.24 61.42 1.25e-19 0.89491
64826 56.57 57.31 1.28e-19 0.89165
65063 70.62 68.01 1.41e-19 0.87739
65126 84.80 64.32 1.23e-19 0.89785
65060 65.21 70.32 1.47e-19 0.86983
65123 81.58 67.01 1.31e-19 0.88810
65066 75.03 65.56 1.33e-19 0.88595
65120 77.61 69.63 1.39e-19 0.87953
64592 57.42 52.92 1.15e-19 0.90641
64499 49.14 56.59 1.31e-19 0.88790
65519 -154.87 72.69 9.36e-20 0.93184
65522 -165.00 73.00 9.43e-20 0.93120
65525 -175.13 72.69 9.36e-20 0.93184
63293 -0.15 44.10 1.03e-19 0.92077
64055 20.50 64.00 1.53e-19 0.85865
64052 20.50 66.00 1.54e-19 0.85500
64466 -14.37 58.15 1.38e-19 0.88055
64049 20.50 68.00 1.54e-19 0.85172
64463 -19.14 56.59 1.31e-19 0.88790
64460 -23.49 54.84 1.24e-19 0.89650
64889 60.17 59.65 1.31e-19 0.88814
64895 67.82 55.26 1.13e-19 0.90860
64892 64.24 57.52 1.23e-19 0.89778
65225 -22.03 85.01 1.51e-19 0.86315
64376 58.87 43.83 8.33e-20 0.94630
64004 -159.50 82.00 1.25e-19 0.89484
64370 52.30 47.83 1.03e-19 0.92066
64007 -159.50 84.00 1.31e-19 0.88831
64373 55.72 45.90 9.32e-20 0.93262
64229 5.74 49.49 1.23e-19 0.89783
64235 15.00 50.00 1.25e-19 0.89493
64232 10.34 49.87 1.25e-19 0.89561
64109 -154.30 85.50 1.35e-19 0.88360
64115 -154.30 83.50 1.30e-19 0.88971
64112 -154.30 84.50 1.33e-19 0.88659
63809 -159.50 76.00 1.05e-19 0.91761
64283 15.00 53.00 1.34e-19 0.88528
64280 10.03 52.87 1.33e-19 0.88607
64286 19.97 52.87 1.33e-19 0.88607
65312 105.25 69.00 1.18e-19 0.90284
65315 106.03 66.00 1.09e-19 0.91296
65309 104.36 72.00 1.26e-19 0.89417
65306 103.29 74.99 1.33e-19 0.88670
65198 -70.10 62.89 1.05e-19 0.91747
65201 -68.64 65.84 1.15e-19 0.90636
65204 -66.90 68.78 1.24e-19 0.89659
65207 -64.74 71.70 1.31e-19 0.88799
65300 99.91 80.96 1.42e-19 0.87560
65303 101.91 77.98 1.38e-19 0.88053
65078 -54.80 64.32 1.23e-19 0.89785
65081 -51.58 67.01 1.31e-19 0.88810
65411 -165.00 85.00 1.34e-19 0.88528
65084 -47.61 69.63 1.39e-19 0.87953
65087 -42.61 72.15 1.45e-19 0.87201
64859 -7.85 66.25 1.53e-19 0.85997
64865 7.04 67.80 1.54e-19 0.85246
65417 145.34 82.12 1.31e-19 0.88816
63329 99.62 69.66 1.24e-19 0.89643
63335 94.39 69.25 1.27e-19 0.89332
63449 43.95 47.55 1.08e-19 0.91473
63455 42.51 45.84 1.03e-19 0.92082
64994 52.64 70.09 1.51e-19 0.86230
64988 35.87 72.94 1.54e-19 0.85132
64991 44.88 71.70 1.54e-19 0.85642
63215 -24.50 62.76 1.42e-19 0.87616
65153 -37.87 78.68 1.50e-19 0.86399
64997 59.19 68.20 1.47e-19 0.86903
63209 -27.74 63.99 1.42e-19 0.87586
64934 40.90 69.01 1.54e-19 0.85733
64016 14.04 90.00 1.45e-19 0.87150
64931 32.88 70.09 1.54e-19 0.85246
63431 48.85 52.53 1.20e-19 0.90032
64928 24.14 70.77 1.54e-19 0.84867
64010 -159.50 86.00 1.37e-19 0.88226
63473 -159.50 70.00 8.34e-20 0.94597
64937 48.05 67.59 1.51e-19 0.86312
63437 47.11 50.90 1.16e-19 0.90458
65132 -65.42 59.53 9.94e-20 0.92467
65135 -63.62 62.41 1.10e-19 0.91228
65129 87.47 61.57 1.13e-19 0.90868
64772 64.20 48.66 9.51e-20 0.93014
64775 -37.39 50.87 9.94e-20 0.92488
64415 15.00 59.00 1.47e-19 0.86906
64412 9.19 58.85 1.47e-19 0.86982
64409 3.49 58.40 1.45e-19 0.87203
63137 -80.38 69.66 1.16e-19 0.90495
63131 -85.61 69.25 1.11e-19 0.91050
64316 -22.30 47.83 1.03e-19 0.92066
64313 -25.72 45.90 9.32e-20 0.93262
64310 -28.87 43.83 8.33e-20 0.94630
63155 -64.02 69.92 1.28e-19 0.89150
63149 -69.50 70.00 1.25e-19 0.89551
64259 -20.22 45.15 9.49e-20 0.93030
64265 -12.75 48.42 1.11e-19 0.91051
64262 -16.62 46.88 1.04e-19 0.91978
65327 -83.36 62.69 9.32e-20 0.93277
57281 15.00 -74.00 1.59e-21 0.00159
64100 -154.30 88.50 1.42e-19 0.87529
64103 -154.30 87.50 1.40e-19 0.87795
65237 82.04 80.22 1.47e-19 0.86925
65234 71.87 82.83 1.50e-19 0.86548
64106 -154.30 86.50 1.38e-19 0.88072
65231 52.03 85.01 1.51e-19 0.86315
65228 15.00 86.00 1.51e-19 0.86232
65267 -76.03 66.00 1.09e-19 0.91296
64088 20.50 44.00 1.05e-19 0.91820
64193 2.01 45.89 1.10e-19 0.91226
64190 -2.11 45.05 1.05e-19 0.91762
64157 -154.30 77.50 1.11e-19 0.91107
64154 -154.30 71.50 8.94e-20 0.93772
64151 -154.30 72.50 9.30e-20 0.93286
64148 -154.30 73.50 9.67e-20 0.92818
64196 6.26 46.51 1.13e-19 0.90878
64982 15.00 74.00 1.50e-19 0.84331
64985 25.77 73.73 1.53e-19 0.84696
65369 114.82 74.77 1.26e-19 0.89412
64979 4.23 73.73 1.53e-19 0.84696
65375 113.60 68.75 1.11e-19 0.91058
65372 114.03 71.77 1.19e-19 0.90176
65366 116.22 77.76 1.31e-19 0.88792
65360 124.24 83.64 1.39e-19 0.87952
65363 118.82 80.73 1.36e-19 0.88308
65459 174.45 81.43 1.25e-19 0.89572
65462 158.42 79.90 1.23e-19 0.89781
65465 147.41 77.77 1.19e-19 0.90143
63173 -53.39 69.25 1.34e-19 0.88465
65036 -20.23 74.26 1.54e-19 0.85733
65270 -75.25 69.00 1.18e-19 0.90284
65273 -74.36 72.00 1.26e-19 0.89417
64952 71.94 57.20 1.15e-19 0.90642
65276 -73.29 74.99 1.33e-19 0.88670
65030 -35.21 70.32 1.47e-19 0.86983
65033 -28.52 72.43 1.51e-19 0.86314
64808 22.07 64.82 1.54e-19 0.85734
64811 28.94 64.29 1.53e-19 0.85997
65501 148.54 73.33 1.05e-19 0.91752
63353 80.22 67.15 1.33e-19 0.88674
64817 41.53 62.26 1.47e-19 0.86928
63005 15.00 -90.00 3.37e-21 0.00337
63389 62.51 61.46 1.34e-19 0.88534
62999 15.00 -74.00 1.59e-21 0.00159
63395 59.77 60.10 1.33e-19 0.88661
65507 -152.81 75.64 1.04e-19 0.91840
65054 50.23 74.26 1.54e-19 0.85733
65096 -16.27 78.38 1.54e-19 0.85552
65051 40.07 75.72 1.54e-19 0.85246
65048 28.12 76.67 1.54e-19 0.84868
65090 -36.13 74.51 1.50e-19 0.86548
65093 -27.58 76.63 1.53e-19 0.85995
65057 58.52 72.43 1.51e-19 0.86314
64496 44.37 58.15 1.38e-19 0.88055
64490 33.56 60.56 1.47e-19 0.86927
64493 39.17 59.48 1.43e-19 0.87428
63017 15.00 -90.00 3.37e-21 0.00337
63305 121.38 69.66 1.09e-19 0.91361
63011 15.00 -74.00 1.59e-21 0.00159
63299 126.61 69.25 1.04e-19 0.91920
64058 20.50 62.00 1.51e-19 0.86266
64061 20.50 60.00 1.49e-19 0.86706
64067 20.50 58.00 1.45e-19 0.87184
64802 7.93 64.82 1.54e-19 0.85734
64805 15.00 65.00 1.54e-19 0.85642
64799 1.06 64.29 1.53e-19 0.85997
64907 -29.72 63.95 1.41e-19 0.87742
64904 -34.39 61.83 1.33e-19 0.88596
64898 -41.94 57.20 1.15e-19 0.90642
64901 -38.43 59.57 1.25e-19 0.89558
64829 60.59 55.29 1.19e-19 0.90133
64379 -31.37 46.31 8.97e-20 0.93734
64367 48.58 49.61 1.11e-19 0.91052
64364 44.55 51.21 1.19e-19 0.90172
64361 40.23 52.61 1.26e-19 0.89412
64358 35.61 53.80 1.32e-19 0.88802
63371 72.27 65.14 1.34e-19 0.88467
63101 -146.50 74.10 9.99e-20 0.92418
63107 41.70 76.00 1.54e-19 0.85314
63968 -159.50 80.00 1.19e-19 0.90188
64343 9.65 55.86 1.41e-19 0.87743
63365 76.09 66.19 1.34e-19 0.88538
64247 33.10 47.99 1.15e-19 0.90646
64340 4.38 55.44 1.39e-19 0.87960
64244 28.75 48.86 1.19e-19 0.90146
64238 19.66 49.87 1.25e-19 0.89561
64346 15.00 56.00 1.41e-19 0.87669
64241 24.26 49.49 1.23e-19 0.89783
64268 -8.62 49.77 1.18e-19 0.90286
64271 -4.25 50.90 1.24e-19 0.89646
64274 0.34 51.81 1.28e-19 0.89167
64277 5.12 52.47 1.31e-19 0.88820
65264 -76.74 62.99 9.98e-20 0.92441
65261 -77.40 59.97 8.97e-20 0.93733
65258 101.35 59.93 9.51e-20 0.93013
65324 -83.42 59.64 8.33e-20 0.94629
65321 107.40 59.97 8.97e-20 0.93733
65318 106.74 62.99 9.98e-20 0.92441
64145 -154.30 74.50 1.00e-19 0.92366
65189 93.62 62.41 1.10e-19 0.91228
65195 -71.35 59.93 9.51e-20 0.93013
64139 -154.30 76.50 1.07e-19 0.91512
65441 -105.01 72.61 1.09e-19 0.91290
65438 -101.49 69.80 1.03e-19 0.92081
65444 -110.04 75.29 1.15e-19 0.90639
65447 -117.41 77.77 1.19e-19 0.90143
63341 89.39 68.69 1.29e-19 0.89068
63347 84.65 67.98 1.31e-19 0.88844
65018 -45.03 65.56 1.33e-19 0.88595
65027 -40.62 68.01 1.41e-19 0.87739
65159 -8.31 82.40 1.54e-19 0.85734
63239 -16.23 58.68 1.38e-19 0.88040
63245 -13.89 57.20 1.36e-19 0.88271
65165 38.31 82.40 1.54e-19 0.85734
63419 50.72 54.13 1.24e-19 0.89664
64943 59.72 63.95 1.41e-19 0.87742
64946 64.39 61.83 1.33e-19 0.88596
64847 -30.17 59.65 1.31e-19 0.88814
65141 -58.92 68.10 1.28e-19 0.89162
65138 -61.49 65.27 1.19e-19 0.90135
64838 67.39 50.87 9.94e-20 0.92488
64841 -37.82 55.26 1.13e-19 0.90860
64844 -34.24 57.52 1.23e-19 0.89778
64478 8.63 61.84 1.51e-19 0.86315
64481 15.00 62.00 1.51e-19 0.86232
64484 21.37 61.84 1.51e-19 0.86315
64487 27.59 61.35 1.50e-19 0.86549
64421 26.51 58.40 1.45e-19 0.87203
64424 32.00 57.66 1.42e-19 0.87560
64853 -20.33 63.41 1.45e-19 0.87200
64850 -25.56 61.63 1.39e-19 0.87961
64856 -14.43 64.97 1.50e-19 0.86550
63143 -74.98 69.92 1.21e-19 0.90014
64307 50.22 45.15 9.49e-20 0.93030
64298 38.62 49.77 1.18e-19 0.90286
64301 42.75 48.42 1.11e-19 0.91051
64304 46.62 46.88 1.04e-19 0.91978
64874 30.65 67.20 1.54e-19 0.85551
64868 15.00 68.00 1.54e-19 0.85132
64871 22.96 67.80 1.54e-19 0.85246
64877 37.85 66.25 1.53e-19 0.85997
64022 20.50 86.00 1.51e-19 0.86237
64025 20.50 84.00 1.53e-19 0.85838
64397 -16.66 53.94 1.26e-19 0.89423
64019 20.50 88.00 1.49e-19 0.86674
64394 -20.85 52.27 1.18e-19 0.90284
64388 -28.18 48.44 9.98e-20 0.92443
64391 -24.68 50.43 1.09e-19 0.91289
64214 32.11 45.05 1.05e-19 0.91762
64097 -154.30 89.50 1.44e-19 0.87273
64211 27.99 45.89 1.10e-19 0.91226
65219 -52.04 80.22 1.47e-19 0.86925
64217 -11.20 45.58 1.03e-19 0.92072
65222 -41.87 82.83 1.50e-19 0.86548
64427 37.23 56.66 1.38e-19 0.88057
64199 10.61 46.88 1.15e-19 0.90656
64202 15.00 47.00 1.16e-19 0.90571
64205 19.39 46.88 1.15e-19 0.90656
64976 -5.87 72.94 1.54e-19 0.85132
64973 -14.88 71.70 1.54e-19 0.85642
64970 -22.64 70.09 1.51e-19 0.86230
65450 -128.42 79.90 1.23e-19 0.89781
65453 -144.45 81.43 1.25e-19 0.89572
65162 15.00 83.00 1.54e-19 0.85642
63203 -31.27 65.14 1.42e-19 0.87607
65279 -71.91 77.98 1.38e-19 0.88053
65285 -66.36 83.93 1.45e-19 0.87201
65282 -69.91 80.96 1.42e-19 0.87560
65471 135.01 72.61 1.09e-19 0.91290
65468 140.04 75.29 1.15e-19 0.90639
65474 131.49 69.80 1.03e-19 0.92081
65477 -118.54 73.33 1.05e-19 0.91752
62993 15.00 -90.00 3.37e-21 0.00337
64940 54.30 65.88 1.47e-19 0.86979
65099 -1.81 79.57 1.54e-19 0.85246
65105 31.81 79.57 1.54e-19 0.85246
65102 15.00 80.00 1.54e-19 0.85132
64688 60.98 50.85 1.05e-19 0.91749
65405 -115.34 82.12 1.31e-19 0.88816
65402 -105.13 79.58 1.28e-19 0.89166
65399 -99.24 76.82 1.24e-19 0.89657
63269 -6.11 50.90 1.23e-19 0.89745
63275 -4.48 49.24 1.18e-19 0.90242
64037 20.50 76.00 1.53e-19 0.84624
64034 20.50 78.00 1.54e-19 0.84863
64028 20.50 82.00 1.54e-19 0.85476
64031 20.50 80.00 1.54e-19 0.85151
64916 -10.90 69.01 1.54e-19 0.85733
64793 -11.53 62.26 1.47e-19 0.86928
64790 -17.07 60.82 1.42e-19 0.87557
64910 -24.30 65.88 1.47e-19 0.86979
64913 -18.05 67.59 1.51e-19 0.86312
64796 -5.47 63.42 1.50e-19 0.86397
65144 -55.70 70.89 1.36e-19 0.88311
64430 42.12 55.41 1.33e-19 0.88677
64433 46.66 53.94 1.26e-19 0.89423
64349 20.35 55.86 1.41e-19 0.87743
64352 25.62 55.44 1.39e-19 0.87960
64355 30.72 54.74 1.36e-19 0.88302
63383 65.50 62.76 1.34e-19 0.88458
63113 -138.30 76.00 1.08e-19 0.91431
64436 50.85 52.27 1.18e-19 0.90284
64334 -5.61 53.80 1.32e-19 0.88802
65504 -141.78 74.62 1.03e-19 0.92070
64331 -10.23 52.61 1.26e-19 0.89412
64328 -14.55 51.21 1.19e-19 0.90172
64169 15.00 41.00 9.43e-20 0.93120
64172 18.97 40.88 9.37e-20 0.93198
64175 6.71 43.52 1.03e-19 0.92093
64337 -0.72 54.74 1.36e-19 0.88302
64814 35.47 63.42 1.50e-19 0.86397
65147 -51.53 73.61 1.42e-19 0.87563
65249 96.90 68.78 1.24e-19 0.89659
64085 20.50 46.00 1.12e-19 0.91001
65336 -84.03 71.77 1.19e-19 0.90176
65252 98.64 65.84 1.15e-19 0.90636
65255 100.10 62.89 1.05e-19 0.91747
65330 -83.40 65.72 1.03e-19 0.92078
65333 -83.60 68.75 1.11e-19 0.91058
64418 20.81 58.85 1.47e-19 0.86982
64133 -154.30 79.50 1.18e-19 0.90341
65186 91.49 65.27 1.19e-19 0.90135
64136 -154.30 78.50 1.14e-19 0.90717
65183 88.92 68.10 1.28e-19 0.89162
65180 85.70 70.89 1.36e-19 0.88311
65192 95.42 59.53 9.94e-20 0.92467
65414 164.13 84.15 1.33e-19 0.88608
65432 121.61 68.04 1.04e-19 0.91967
65435 120.51 65.03 9.49e-20 0.93029
63263 -7.85 52.53 1.27e-19 0.89302
65429 123.21 71.02 1.11e-19 0.91065
65408 -134.13 84.15 1.33e-19 0.88608
63317 110.50 70.00 1.17e-19 0.90416
63311 115.98 69.92 1.13e-19 0.90881
65009 76.59 58.92 1.16e-19 0.90559
65015 -48.69 63.02 1.25e-19 0.89572
65012 -51.77 60.39 1.15e-19 0.90638
65528 -165.00 70.00 8.33e-20 0.94620
65531 -165.00 67.00 7.24e-20 0.96296
63413 52.73 55.69 1.27e-19 0.89340
64955 -46.59 58.92 1.16e-19 0.90559
64949 68.43 59.57 1.25e-19 0.89558
65111 57.58 76.63 1.53e-19 0.85995
65168 55.98 80.83 1.53e-19 0.85995
65108 46.27 78.38 1.54e-19 0.85552
65114 66.13 74.51 1.50e-19 0.86548
65117 72.61 72.15 1.45e-19 0.87201
64862 -0.65 67.20 1.54e-19 0.85551
64835 64.18 53.14 1.10e-19 0.91246
65456 -165.00 82.00 1.25e-19 0.89493
64469 -9.17 59.48 1.43e-19 0.87428
64475 2.41 61.35 1.50e-19 0.86549
64472 -3.56 60.56 1.47e-19 0.86927
65513 -177.19 75.64 1.04e-19 0.91840
65510 -165.00 76.00 1.05e-19 0.91776
65516 171.78 74.62 1.03e-19 0.92070
64451 -34.20 48.66 9.51e-20 0.93014
64454 -30.98 50.85 1.05e-19 0.91749
63905 -159.50 78.00 1.12e-19 0.90946
64289 24.88 52.47 1.31e-19 0.88820
64295 34.25 50.90 1.24e-19 0.89646
64292 29.66 51.81 1.28e-19 0.89167
64883 50.33 63.41 1.45e-19 0.87200
64880 44.43 64.97 1.50e-19 0.86550
65498 156.21 75.54 1.10e-19 0.91236
63584 -159.50 72.00 9.08e-20 0.93582
64886 55.56 61.63 1.39e-19 0.87961
64406 -2.00 57.66 1.42e-19 0.87560
65378 113.40 65.72 1.03e-19 0.92078
64403 -7.23 56.66 1.38e-19 0.88057
64400 -12.12 55.41 1.33e-19 0.88677
64223 -3.10 47.99 1.15e-19 0.90646
64220 -7.26 46.89 1.09e-19 0.91280
64118 -154.30 82.50 1.27e-19 0.89294
64121 -154.30 81.50 1.24e-19 0.89630
64226 1.25 48.86 1.19e-19 0.90146
64124 -154.30 80.50 1.21e-19 0.89979
63161 -58.62 69.66 1.32e-19 0.88778
