65006 73.24 61.42 1.02e-19 0.72911
65000 64.69 66.09 1.19e-19 0.73787
65003 69.32 63.82 1.11e-19 0.73432
63197 -35.09 66.19 1.19e-19 0.73783
64142 -154.30 75.50 8.05e-20 0.71278
63191 -39.22 67.15 1.18e-19 0.73748
65213 -57.99 77.44 1.21e-19 0.73867
65210 -61.92 74.59 1.15e-19 0.73644
65294 86.94 86.84 1.25e-19 0.73976
65291 15.00 89.00 1.25e-19 0.73988
65288 -56.94 86.84 1.25e-19 0.73976
65075 -57.47 61.57 8.95e-20 0.72034
62987 15.00 -74.00 1.18e-20 0.01180
65072 81.77 60.39 9.15e-20 0.72175
65486 -149.69 78.56 9.15e-20 0.72171
65069 78.69 63.02 1.01e-19 0.72878
65420 135.13 79.58 1.05e-19 0.73102
62981 15.00 -90.00 2.99e-20 0.02986
65483 -136.50 77.35 8.96e-20 0.72041
65156 -25.98 80.83 1.31e-19 0.73991
65426 125.59 73.95 9.47e-20 0.72422
65480 -126.21 75.54 8.63e-20 0.71774
63281 -2.95 47.55 9.01e-20 0.72071
63287 -1.51 45.84 8.49e-20 0.71664
65150 -45.89 76.23 1.25e-19 0.73983
65390 -91.61 68.04 8.02e-20 0.71248
63227 -18.77 60.10 1.17e-19 0.73729
65393 -93.21 71.02 8.79e-20 0.71913
65396 -95.59 73.95 9.47e-20 0.72422
63221 -21.51 61.46 1.19e-19 0.73777
63443 45.48 49.24 8.88e-20 0.71973
64046 20.50 70.00 1.33e-19 0.73370
64082 20.50 48.00 9.51e-20 0.72450
64043 20.50 72.00 1.32e-19 0.73067
64040 20.50 74.00 1.31e-19 0.72862
64781 -30.59 55.29 9.61e-20 0.72510
64778 -34.18 53.14 8.63e-20 0.71784
64784 -26.57 57.31 1.05e-19 0.73100
64079 20.50 50.00 1.02e-19 0.72890
64787 -22.08 59.16 1.13e-19 0.73527
64919 -2.88 70.09 1.33e-19 0.73684
64925 15.00 71.00 1.32e-19 0.73146
64922 5.86 70.77 1.33e-19 0.73354
64439 54.68 50.43 8.59e-20 0.71742
64445 61.37 46.31 6.69e-20 0.69924
64442 58.18 48.44 7.65e-20 0.70919
63119 -95.35 67.98 7.75e-20 0.71003
63125 -90.61 68.69 8.28e-20 0.71491
63377 68.74 63.99 1.12e-19 0.73474
64544 53.49 54.84 1.00e-19 0.72810
64187 23.29 43.52 7.93e-20 0.71174
64325 -18.58 49.61 8.79e-20 0.71901
63776 -159.50 74.00 7.49e-20 0.70755
64181 15.00 44.00 8.18e-20 0.71391
64178 10.84 43.88 8.12e-20 0.71338
64184 19.16 43.88 8.12e-20 0.71338
64013 -159.50 88.00 1.19e-19 0.73792
64250 37.26 46.89 8.59e-20 0.71733
64253 41.20 45.58 7.93e-20 0.71154
64073 20.50 54.00 1.13e-19 0.73555
64070 20.50 56.00 1.19e-19 0.73779
65246 94.74 71.70 1.09e-19 0.73302
65492 179.69 78.56 9.15e-20 0.72171
65243 91.92 74.59 1.15e-19 0.73644
65495 166.50 77.35 8.96e-20 0.72041
64076 20.50 52.00 1.08e-19 0.73258
65240 87.99 77.44 1.21e-19 0.73867
64208 23.74 46.51 8.96e-20 0.72044
64457 -27.42 52.92 9.15e-20 0.72186
65177 81.53 73.61 1.20e-19 0.73827
64166 11.03 40.88 7.07e-20 0.70326
64163 15.00 38.00 6.09e-20 0.69234
65171 67.87 78.68 1.29e-19 0.74028
64094 20.50 40.00 6.75e-20 0.69985
65174 75.89 76.23 1.25e-19 0.73983
64160 15.00 35.00 5.10e-20 0.67921
65387 -90.51 65.03 7.19e-20 0.70445
63257 -9.72 54.13 1.07e-19 0.73243
65297 96.36 83.93 1.23e-19 0.73928
63251 -11.73 55.69 1.11e-19 0.73419
65381 113.36 62.69 7.02e-20 0.70288
65384 113.42 59.64 6.09e-20 0.69243
65357 139.00 86.38 1.18e-19 0.73766
65348 -94.24 83.64 1.16e-19 0.73683
65351 -109.00 86.38 1.18e-19 0.73766
64091 20.50 42.00 7.44e-20 0.70707
65354 -165.00 88.00 1.19e-19 0.73792
63179 -48.39 68.69 1.14e-19 0.73589
63185 -43.65 67.98 1.16e-19 0.73679
63323 105.02 69.92 9.73e-20 0.72606
65342 -86.22 77.76 1.09e-19 0.73296
65345 -88.82 80.73 1.13e-19 0.73536
65339 -84.82 74.77 1.03e-19 0.72955
65045 15.00 77.00 1.32e-19 0.73146
65042 1.88 76.67 1.33e-19 0.73355
65039 -10.07 75.72 1.33e-19 0.73685
63407 54.89 57.20 1.06e-19 0.73153
65423 129.24 76.82 1.01e-19 0.72817
64823 52.08 59.16 1.13e-19 0.73527
65489 -165.00 79.00 9.22e-20 0.72232
64820 47.07 60.82 1.20e-19 0.73821
64967 -29.19 68.20 1.25e-19 0.73985
64964 -34.69 66.09 1.19e-19 0.73787
63401 57.23 58.68 1.08e-19 0.73287
63095 40.40 47.00 8.46e-20 0.71628
64961 -39.32 63.82 1.11e-19 0.73432
64958 -43.24 61.42 1.02e-19 0.72911
64826 56.57 57.31 1.05e-19 0.73100
65063 70.62 68.01 1.18e-19 0.73765
65126 84.80 64.32 9.94e-20 0.72745
65060 65.21 70.32 1.25e-19 0.73978
65123 81.58 67.01 1.08e-19 0.73288
65066 75.03 65.56 1.10e-19 0.73394
65120 77.61 69.63 1.16e-19 0.73684
64592 57.42 52.92 9.15e-20 0.72186
64499 49.14 56.59 1.09e-19 0.73294
65519 -154.87 72.69 7.07e-20 0.70312
65522 -165.00 73.00 7.13e-20 0.70391
65525 -175.13 72.69 7.07e-20 0.70312
63293 -0.15 44.10 7.94e-20 0.71184
64055 20.50 64.00 1.32e-19 0.73963
64052 20.50 66.00 1.33e-19 0.73831
64466 -14.37 58.15 1.15e-19 0.73646
64049 20.50 68.00 1.33e-19 0.73632
64463 -19.14 56.59 1.09e-19 0.73294
64460 -23.49 54.84 1.00e-19 0.72810
64889 60.17 59.65 1.08e-19 0.73292
64895 67.82 55.26 8.95e-20 0.72026
64892 64.24 57.52 9.94e-20 0.72739
65225 -22.03 85.01 1.29e-19 0.74029
64376 58.87 43.83 6.09e-20 0.69244
64004 -159.50 82.00 1.02e-19 0.72918
64370 52.30 47.83 7.93e-20 0.71148
64007 -159.50 84.00 1.08e-19 0.73281
64373 55.72 45.90 7.02e-20 0.70273
64229 5.74 49.49 9.94e-20 0.72743
64235 15.00 50.00 1.02e-19 0.72913
64232 10.34 49.87 1.01e-19 0.72867
64109 -154.30 85.50 1.13e-19 0.73513
64115 -154.30 83.50 1.07e-19 0.73207
64112 -154.30 84.50 1.10e-19 0.73369
63809 -159.50 76.00 8.19e-20 0.71401
64283 15.00 53.00 1.11e-19 0.73433
64280 10.03 52.87 1.10e-19 0.73407
64286 19.97 52.87 1.10e-19 0.73407
65312 105.25 69.00 9.47e-20 0.72420
65315 106.03 66.00 8.59e-20 0.71749
65309 104.36 72.00 1.03e-19 0.72960
65306 103.29 74.99 1.10e-19 0.73359
65198 -70.10 62.89 8.19e-20 0.71394
65201 -68.64 65.84 9.15e-20 0.72181
65204 -66.90 68.78 1.01e-19 0.72818
65207 -64.74 71.70 1.09e-19 0.73302
65300 99.91 80.96 1.20e-19 0.73824
65303 101.91 77.98 1.15e-19 0.73645
65078 -54.80 64.32 9.94e-20 0.72745
65081 -51.58 67.01 1.08e-19 0.73288
65411 -165.00 85.00 1.11e-19 0.73433
65084 -47.61 69.63 1.16e-19 0.73684
65087 -42.61 72.15 1.23e-19 0.73927
64859 -7.85 66.25 1.31e-19 0.73993
64865 7.04 67.80 1.33e-19 0.73685
65417 145.34 82.12 1.08e-19 0.73295
63329 99.62 69.66 1.01e-19 0.72817
63335 94.39 69.25 1.04e-19 0.73006
63449 43.95 47.55 8.42e-20 0.71594
63455 42.51 45.84 7.94e-20 0.71181
64994 52.64 70.09 1.30e-19 0.74019
64988 35.87 72.94 1.33e-19 0.73600
64991 44.88 71.70 1.33e-19 0.73892
63215 -24.50 62.76 1.19e-19 0.73804
65153 -37.87 78.68 1.29e-19 0.74028
64997 59.19 68.20 1.25e-19 0.73985
63209 -27.74 63.99 1.20e-19 0.73818
64934 40.90 69.01 1.32e-19 0.73924
64016 14.04 90.00 1.23e-19 0.73941
64931 32.88 70.09 1.33e-19 0.73684
63431 48.85 52.53 9.70e-20 0.72577
64928 24.14 70.77 1.33e-19 0.73354
64010 -159.50 86.00 1.14e-19 0.73573
63473 -159.50 70.00 6.11e-20 0.69251
64937 48.05 67.59 1.29e-19 0.74026
63437 47.11 50.90 9.31e-20 0.72297
65132 -65.42 59.53 7.62e-20 0.70875
65135 -63.62 62.41 8.63e-20 0.71766
65129 87.47 61.57 8.95e-20 0.72034
64772 64.20 48.66 7.20e-20 0.70462
64775 -37.39 50.87 7.62e-20 0.70895
64415 15.00 59.00 1.25e-19 0.73988
64412 9.19 58.85 1.25e-19 0.73976
64409 3.49 58.40 1.23e-19 0.73930
63137 -80.38 69.66 9.27e-20 0.72265
63131 -85.61 69.25 8.79e-20 0.71898
64316 -22.30 47.83 7.93e-20 0.71148
64313 -25.72 45.90 7.02e-20 0.70273
64310 -28.87 43.83 6.09e-20 0.69244
63155 -64.02 69.92 1.05e-19 0.73120
63149 -69.50 70.00 1.01e-19 0.72878
64259 -20.22 45.15 7.19e-20 0.70446
64265 -12.75 48.42 8.79e-20 0.71899
64262 -16.62 46.88 8.02e-20 0.71259
65327 -83.36 62.69 7.02e-20 0.70288
57281 15.00 -74.00 1.18e-20 0.01180
64100 -154.30 88.50 1.20e-19 0.73838
64103 -154.30 87.50 1.18e-19 0.73747
65237 82.04 80.22 1.25e-19 0.73985
65234 71.87 82.83 1.28e-19 0.74026
64106 -154.30 86.50 1.15e-19 0.73639
65231 52.03 85.01 1.29e-19 0.74029
65228 15.00 86.00 1.30e-19 0.74021
65267 -76.03 66.00 8.59e-20 0.71749
64088 20.50 44.00 8.14e-20 0.71358
64193 2.01 45.89 8.63e-20 0.71765
64190 -2.11 45.05 8.20e-20 0.71409
64157 -154.30 77.50 8.74e-20 0.71866
64154 -154.30 71.50 6.66e-20 0.69891
64151 -154.30 72.50 7.01e-20 0.70264
64148 -154.30 73.50 7.35e-20 0.70619
64196 6.26 46.51 8.96e-20 0.72044
64982 15.00 74.00 1.29e-19 0.72531
64985 25.77 73.73 1.32e-19 0.73147
65369 114.82 74.77 1.03e-19 0.72955
64979 4.23 73.73 1.32e-19 0.73147
65375 113.60 68.75 8.79e-20 0.71906
65372 114.03 71.77 9.58e-20 0.72506
65366 116.22 77.76 1.09e-19 0.73296
65360 124.24 83.64 1.16e-19 0.73683
65363 118.82 80.73 1.13e-19 0.73536
65459 174.45 81.43 1.01e-19 0.72878
65462 158.42 79.90 9.94e-20 0.72741
65465 147.41 77.77 9.61e-20 0.72520
63173 -53.39 69.25 1.12e-19 0.73463
65036 -20.23 74.26 1.32e-19 0.73924
65270 -75.25 69.00 9.47e-20 0.72420
65273 -74.36 72.00 1.03e-19 0.72960
64952 71.94 57.20 9.15e-20 0.72179
65276 -73.29 74.99 1.10e-19 0.73359
65030 -35.21 70.32 1.25e-19 0.73978
65033 -28.52 72.43 1.29e-19 0.74028
64808 22.07 64.82 1.32e-19 0.73925
64811 28.94 64.29 1.31e-19 0.73993
65501 148.54 73.33 8.19e-20 0.71399
63353 80.22 67.15 1.10e-19 0.73369
64817 41.53 62.26 1.25e-19 0.73988
63005 15.00 -90.00 2.99e-20 0.02986
63389 62.51 61.46 1.11e-19 0.73427
62999 15.00 -74.00 1.18e-20 0.01180
63395 59.77 60.10 1.10e-19 0.73369
65507 -152.81 75.64 8.11e-20 0.71323
65054 50.23 74.26 1.32e-19 0.73924
65096 -16.27 78.38 1.33e-19 0.73855
65051 40.07 75.72 1.33e-19 0.73685
65048 28.12 76.67 1.33e-19 0.73355
65090 -36.13 74.51 1.28e-19 0.74025
65093 -27.58 76.63 1.31e-19 0.73991
65057 58.52 72.43 1.29e-19 0.74028
64496 44.37 58.15 1.15e-19 0.73646
64490 33.56 60.56 1.25e-19 0.73987
64493 39.17 59.48 1.21e-19 0.73866
63017 15.00 -90.00 2.99e-20 0.02986
63305 121.38 69.66 8.52e-20 0.71667
63011 15.00 -74.00 1.18e-20 0.01180
63299 126.61 69.25 8.06e-20 0.71277
64058 20.50 62.00 1.30e-19 0.74024
64061 20.50 60.00 1.27e-19 0.74014
64067 20.50 58.00 1.23e-19 0.73933
64802 7.93 64.82 1.32e-19 0.73925
64805 15.00 65.00 1.33e-19 0.73892
64799 1.06 64.29 1.31e-19 0.73993
64907 -29.72 63.95 1.18e-19 0.73768
64904 -34.39 61.83 1.10e-19 0.73395
64898 -41.94 57.20 9.15e-20 0.72179
64901 -38.43 59.57 1.01e-19 0.72864
64829 60.59 55.29 9.61e-20 0.72510
64379 -31.37 46.31 6.69e-20 0.69924
64367 48.58 49.61 8.79e-20 0.71901
64364 44.55 51.21 9.58e-20 0.72502
64361 40.23 52.61 1.03e-19 0.72955
64358 35.61 53.80 1.09e-19 0.73306
63371 72.27 65.14 1.12e-19 0.73463
63101 -146.50 74.10 7.66e-20 0.70919
63107 41.70 76.00 1.33e-19 0.73729
63968 -159.50 80.00 9.56e-20 0.72483
64343 9.65 55.86 1.18e-19 0.73769
63365 76.09 66.19 1.11e-19 0.73419
64247 33.10 47.99 9.16e-20 0.72191
64340 4.38 55.44 1.16e-19 0.73691
64244 28.75 48.86 9.61e-20 0.72523
64238 19.66 49.87 1.01e-19 0.72867
64346 15.00 56.00 1.19e-19 0.73792
64241 24.26 49.49 9.94e-20 0.72743
64268 -8.62 49.77 9.47e-20 0.72422
64271 -4.25 50.90 1.00e-19 0.72805
64274 0.34 51.81 1.05e-19 0.73103
64277 5.12 52.47 1.08e-19 0.73299
65264 -76.74 62.99 7.65e-20 0.70918
65261 -77.40 59.97 6.69e-20 0.69923
65258 101.35 59.93 7.20e-20 0.70461
65324 -83.42 59.64 6.09e-20 0.69243
65321 107.40 59.97 6.69e-20 0.69923
65318 106.74 62.99 7.65e-20 0.70918
64145 -154.30 74.50 7.70e-20 0.70957
65189 93.62 62.41 8.63e-20 0.71766
65195 -71.35 59.93 7.20e-20 0.70461
64139 -154.30 76.50 8.40e-20 0.71581
65441 -105.01 72.61 8.59e-20 0.71742
65438 -101.49 69.80 7.93e-20 0.71162
65444 -110.04 75.29 9.15e-20 0.72185
65447 -117.41 77.77 9.61e-20 0.72520
63341 89.39 68.69 1.06e-19 0.73161
63347 84.65 67.98 1.08e-19 0.73276
65018 -45.03 65.56 1.10e-19 0.73394
65027 -40.62 68.01 1.18e-19 0.73765
65159 -8.31 82.40 1.32e-19 0.73924
63239 -16.23 58.68 1.16e-19 0.73660
63245 -13.89 57.20 1.13e-19 0.73545
65165 38.31 82.40 1.32e-19 0.73924
63419 50.72 54.13 1.00e-19 0.72818
64943 59.72 63.95 1.18e-19 0.73768
64946 64.39 61.83 1.10e-19 0.73395
64847 -30.17 59.65 1.08e-19 0.73292
65141 -58.92 68.10 1.05e-19 0.73097
65138 -61.49 65.27 9.61e-20 0.72512
64838 67.39 50.87 7.62e-20 0.70895
64841 -37.82 55.26 8.95e-20 0.72026
64844 -34.24 57.52 9.94e-20 0.72739
64478 8.63 61.84 1.29e-19 0.74029
64481 15.00 62.00 1.30e-19 0.74021
64484 21.37 61.84 1.29e-19 0.74029
64487 27.59 61.35 1.28e-19 0.74026
64421 26.51 58.40 1.23e-19 0.73930
64424 32.00 57.66 1.20e-19 0.73825
64853 -20.33 63.41 1.23e-19 0.73927
64850 -25.56 61.63 1.16e-19 0.73692
64856 -14.43 64.97 1.28e-19 0.74028
63143 -74.98 69.92 9.73e-20 0.72609
64307 50.22 45.15 7.19e-20 0.70446
64298 38.62 49.77 9.47e-20 0.72422
64301 42.75 48.42 8.79e-20 0.71899
64304 46.62 46.88 8.02e-20 0.71259
64874 30.65 67.20 1.33e-19 0.73854
64868 15.00 68.00 1.33e-19 0.73601
64871 22.96 67.80 1.33e-19 0.73685
64877 37.85 66.25 1.31e-19 0.73993
64022 20.50 86.00 1.30e-19 0.74022
64025 20.50 84.00 1.32e-19 0.73956
64397 -16.66 53.94 1.03e-19 0.72967
64019 20.50 88.00 1.27e-19 0.74017
64394 -20.85 52.27 9.47e-20 0.72420
64388 -28.18 48.44 7.65e-20 0.70919
64391 -24.68 50.43 8.59e-20 0.71742
64214 32.11 45.05 8.20e-20 0.71409
64097 -154.30 89.50 1.22e-19 0.73911
64211 27.99 45.89 8.63e-20 0.71765
65219 -52.04 80.22 1.25e-19 0.73985
64217 -11.20 45.58 7.93e-20 0.71154
65222 -41.87 82.83 1.28e-19 0.74026
64427 37.23 56.66 1.15e-19 0.73648
64199 10.61 46.88 9.15e-20 0.72193
64202 15.00 47.00 9.22e-20 0.72232
64205 19.39 46.88 9.15e-20 0.72193
64976 -5.87 72.94 1.33e-19 0.73600
64973 -14.88 71.70 1.33e-19 0.73892
64970 -22.64 70.09 1.30e-19 0.74019
65450 -128.42 79.90 9.94e-20 0.72741
65453 -144.45 81.43 1.01e-19 0.72878
65162 15.00 83.00 1.33e-19 0.73892
63203 -31.27 65.14 1.19e-19 0.73813
65279 -71.91 77.98 1.15e-19 0.73645
65285 -66.36 83.93 1.23e-19 0.73928
65282 -69.91 80.96 1.20e-19 0.73824
65471 135.01 72.61 8.59e-20 0.71742
65468 140.04 75.29 9.15e-20 0.72185
65474 131.49 69.80 7.93e-20 0.71162
65477 -118.54 73.33 8.19e-20 0.71399
62993 15.00 -90.00 2.99e-20 0.02986
64940 54.30 65.88 1.25e-19 0.73973
65099 -1.81 79.57 1.33e-19 0.73685
65105 31.81 79.57 1.33e-19 0.73685
65102 15.00 80.00 1.33e-19 0.73601
64688 60.98 50.85 8.19e-20 0.71396
65405 -115.34 82.12 1.08e-19 0.73295
65402 -105.13 79.58 1.05e-19 0.73102
65399 -99.24 76.82 1.01e-19 0.72817
63269 -6.11 50.90 9.96e-20 0.72753
63275 -4.48 49.24 9.51e-20 0.72441
64037 20.50 76.00 1.32e-19 0.73046
64034 20.50 78.00 1.33e-19 0.73349
64028 20.50 82.00 1.33e-19 0.73819
64031 20.50 80.00 1.33e-19 0.73615
64916 -10.90 69.01 1.32e-19 0.73924
64793 -11.53 62.26 1.25e-19 0.73988
64790 -17.07 60.82 1.20e-19 0.73821
64910 -24.30 65.88 1.25e-19 0.73973
64913 -18.05 67.59 1.29e-19 0.74026
64796 -5.47 63.42 1.29e-19 0.74026
65144 -55.70 70.89 1.13e-19 0.73539
64430 42.12 55.41 1.10e-19 0.73367
64433 46.66 53.94 1.03e-19 0.72967
64349 20.35 55.86 1.18e-19 0.73769
64352 25.62 55.44 1.16e-19 0.73691
64355 30.72 54.74 1.13e-19 0.73529
63383 65.50 62.76 1.12e-19 0.73459
63113 -138.30 76.00 8.47e-20 0.71638
64436 50.85 52.27 9.47e-20 0.72420
64334 -5.61 53.80 1.09e-19 0.73306
65504 -141.78 74.62 7.93e-20 0.71152
64331 -10.23 52.61 1.03e-19 0.72955
64328 -14.55 51.21 9.58e-20 0.72502
64169 15.00 41.00 7.13e-20 0.70391
64172 18.97 40.88 7.07e-20 0.70326
64175 6.71 43.52 7.93e-20 0.71174
64337 -0.72 54.74 1.13e-19 0.73529
64814 35.47 63.42 1.29e-19 0.74026
65147 -51.53 73.61 1.20e-19 0.73827
65249 96.90 68.78 1.01e-19 0.72818
64085 20.50 46.00 8.84e-20 0.71940
65336 -84.03 71.77 9.58e-20 0.72506
65252 98.64 65.84 9.15e-20 0.72181
65255 100.10 62.89 8.19e-20 0.71394
65330 -83.40 65.72 7.93e-20 0.71160
65333 -83.60 68.75 8.79e-20 0.71906
64418 20.81 58.85 1.25e-19 0.73976
64133 -154.30 79.50 9.42e-20 0.72384
65186 91.49 65.27 9.61e-20 0.72512
64136 -154.30 78.50 9.09e-20 0.72134
65183 88.92 68.10 1.05e-19 0.73097
65180 85.70 70.89 1.13e-19 0.73539
65192 95.42 59.53 7.62e-20 0.70875
65414 164.13 84.15 1.10e-19 0.73407
65432 121.61 68.04 8.02e-20 0.71248
65435 120.51 65.03 7.19e-20 0.70445
63263 -7.85 52.53 1.04e-19 0.73019
65429 123.21 71.02 8.79e-20 0.71913
65408 -134.13 84.15 1.10e-19 0.73407
63317 110.50 70.00 9.36e-20 0.72335
63311 115.98 69.92 8.95e-20 0.72040
65009 76.59 58.92 9.21e-20 0.72220
65015 -48.69 63.02 1.01e-19 0.72878
65012 -51.77 60.39 9.15e-20 0.72175
65528 -165.00 70.00 6.09e-20 0.69234
65531 -165.00 67.00 5.10e-20 0.67921
63413 52.73 55.69 1.04e-19 0.73012
64955 -46.59 58.92 9.21e-20 0.72220
64949 68.43 59.57 1.01e-19 0.72864
65111 57.58 76.63 1.31e-19 0.73991
65168 55.98 80.83 1.31e-19 0.73991
65108 46.27 78.38 1.33e-19 0.73855
65114 66.13 74.51 1.28e-19 0.74025
65117 72.61 72.15 1.23e-19 0.73927
64862 -0.65 67.20 1.33e-19 0.73854
64835 64.18 53.14 8.63e-20 0.71784
65456 -165.00 82.00 1.02e-19 0.72913
64469 -9.17 59.48 1.21e-19 0.73866
64475 2.41 61.35 1.28e-19 0.74026
64472 -3.56 60.56 1.25e-19 0.73987
65513 -177.19 75.64 8.11e-20 0.71323
65510 -165.00 76.00 8.18e-20 0.71391
65516 171.78 74.62 7.93e-20 0.71152
64451 -34.20 48.66 7.20e-20 0.70462
64454 -30.98 50.85 8.19e-20 0.71396
63905 -159.50 78.00 8.89e-20 0.71978
64289 24.88 52.47 1.08e-19 0.73299
64295 34.25 50.90 1.00e-19 0.72805
64292 29.66 51.81 1.05e-19 0.73103
64883 50.33 63.41 1.23e-19 0.73927
64880 44.43 64.97 1.28e-19 0.74028
65498 156.21 75.54 8.63e-20 0.71774
63584 -159.50 72.00 6.79e-20 0.70038
64886 55.56 61.63 1.16e-19 0.73692
64406 -2.00 57.66 1.20e-19 0.73825
65378 113.40 65.72 7.93e-20 0.71160
64403 -7.23 56.66 1.15e-19 0.73648
64400 -12.12 55.41 1.10e-19 0.73367
64223 -3.10 47.99 9.16e-20 0.72191
64220 -7.26 46.89 8.59e-20 0.71733
64118 -154.30 82.50 1.04e-19 0.73028
64121 -154.30 81.50 1.01e-19 0.72831
64226 1.25 48.86 9.61e-20 0.72523
64124 -154.30 80.50 9.75e-20 0.72616
63161 -58.62 69.66 1.09e-19 0.73304
