65006 73.24 61.42 2.10e-19 1.50309
65000 64.69 66.09 2.43e-19 1.51106
65003 69.32 63.82 2.29e-19 1.51141
63197 -35.09 66.19 2.43e-19 1.51110
64142 -154.30 75.50 1.65e-19 1.45787
63191 -39.22 67.15 2.41e-19 1.51183
65213 -57.99 77.44 2.47e-19 1.50936
65210 -61.92 74.59 2.37e-19 1.51231
65294 86.94 86.84 2.53e-19 1.50360
65291 15.00 89.00 2.54e-19 1.50227
65288 -56.94 86.84 2.53e-19 1.50360
65075 -57.47 61.57 1.84e-19 1.48084
62987 15.00 -74.00 -3.42e-20 -0.03418
65072 81.77 60.39 1.88e-19 1.48488
65486 -149.69 78.56 1.88e-19 1.48479
65069 78.69 63.02 2.09e-19 1.50239
65420 135.13 79.58 2.17e-19 1.50681
62981 15.00 -90.00 -1.27e-19 -0.12652
65483 -136.50 77.35 1.84e-19 1.48099
65156 -25.98 80.83 2.62e-19 1.47599
65426 125.59 73.95 1.95e-19 1.49150
65480 -126.21 75.54 1.77e-19 1.47325
63281 -2.95 47.55 1.85e-19 1.48198
63287 -1.51 45.84 1.74e-19 1.46986
65150 -45.89 76.23 2.54e-19 1.50260
65390 -91.61 68.04 1.64e-19 1.45695
63227 -18.77 60.10 2.41e-19 1.51194
65393 -93.21 71.02 1.81e-19 1.47727
65396 -95.59 73.95 1.95e-19 1.49150
63221 -21.51 61.46 2.43e-19 1.51130
63443 45.48 49.24 1.83e-19 1.47913
64046 20.50 70.00 2.54e-19 1.40371
64082 20.50 48.00 1.96e-19 1.49223
64043 20.50 72.00 2.48e-19 1.37775
64040 20.50 74.00 2.44e-19 1.36127
64781 -30.59 55.29 1.98e-19 1.49377
64778 -34.18 53.14 1.77e-19 1.47346
64784 -26.57 57.31 2.17e-19 1.50678
64079 20.50 50.00 2.10e-19 1.50265
64787 -22.08 59.16 2.33e-19 1.51198
64919 -2.88 70.09 2.60e-19 1.43432
64925 15.00 71.00 2.50e-19 1.38435
64922 5.86 70.77 2.54e-19 1.40233
64439 54.68 50.43 1.76e-19 1.47224
64445 61.37 46.31 1.35e-19 1.41253
64442 58.18 48.44 1.56e-19 1.44615
63119 -95.35 67.98 1.58e-19 1.44902
63125 -90.61 68.69 1.70e-19 1.46447
63377 68.74 63.99 2.30e-19 1.51176
64544 53.49 54.84 2.07e-19 1.50092
64187 23.29 43.52 1.62e-19 1.45447
64325 -18.58 49.61 1.81e-19 1.47701
63776 -159.50 74.00 1.53e-19 1.44083
64181 15.00 44.00 1.67e-19 1.46145
64178 10.84 43.88 1.66e-19 1.45976
64184 19.16 43.88 1.66e-19 1.45976
64013 -159.50 88.00 2.44e-19 1.51113
64250 37.26 46.89 1.76e-19 1.47205
64253 41.20 45.58 1.62e-19 1.45404
64073 20.50 54.00 2.33e-19 1.51223
64070 20.50 56.00 2.43e-19 1.51133
65246 94.74 71.70 2.24e-19 1.50996
65492 179.69 78.56 1.88e-19 1.48479
65243 91.92 74.59 2.37e-19 1.51231
65495 166.50 77.35 1.84e-19 1.48099
64076 20.50 52.00 2.22e-19 1.50933
65240 87.99 77.44 2.47e-19 1.50936
64208 23.74 46.51 1.84e-19 1.48105
64457 -27.42 52.92 1.88e-19 1.48515
65177 81.53 73.61 2.45e-19 1.51046
64166 11.03 40.88 1.43e-19 1.42643
64163 15.00 38.00 1.22e-19 1.38828
65171 67.87 78.68 2.59e-19 1.49024
64094 20.50 40.00 1.36e-19 1.41466
65174 75.89 76.23 2.54e-19 1.50260
64160 15.00 35.00 1.01e-19 1.34103
65387 -90.51 65.03 1.46e-19 1.43052
63257 -9.72 54.13 2.21e-19 1.50914
65297 96.36 83.93 2.51e-19 1.50686
63251 -11.73 55.69 2.28e-19 1.51135
65381 113.36 62.69 1.42e-19 1.42496
65384 113.42 59.64 1.22e-19 1.38848
65357 139.00 86.38 2.42e-19 1.51149
65348 -94.24 83.64 2.39e-19 1.51215
65351 -109.00 86.38 2.42e-19 1.51149
64091 20.50 42.00 1.51e-19 1.43924
65354 -165.00 88.00 2.43e-19 1.51114
63179 -48.39 68.69 2.35e-19 1.51238
63185 -43.65 67.98 2.38e-19 1.51226
63323 105.02 69.92 2.00e-19 1.49613
65342 -86.22 77.76 2.24e-19 1.50983
65345 -88.82 80.73 2.33e-19 1.51214
65339 -84.82 74.77 2.12e-19 1.50400
65045 15.00 77.00 2.50e-19 1.38435
65042 1.88 76.67 2.54e-19 1.40237
65039 -10.07 75.72 2.60e-19 1.43430
63407 54.89 57.20 2.19e-19 1.50767
65423 129.24 76.82 2.07e-19 1.50106
64823 52.08 59.16 2.33e-19 1.51198
65489 -165.00 79.00 1.90e-19 1.48640
64820 47.07 60.82 2.45e-19 1.51034
64967 -29.19 68.20 2.54e-19 1.50223
64964 -34.69 66.09 2.43e-19 1.51106
63401 57.23 58.68 2.23e-19 1.50978
63095 40.40 47.00 1.73e-19 1.46880
64961 -39.32 63.82 2.29e-19 1.51141
64958 -43.24 61.42 2.10e-19 1.50309
64826 56.57 57.31 2.17e-19 1.50678
65063 70.62 68.01 2.42e-19 1.51148
65126 84.80 64.32 2.05e-19 1.49944
65060 65.21 70.32 2.53e-19 1.50363
65123 81.58 67.01 2.23e-19 1.50974
65066 75.03 65.56 2.27e-19 1.51100
65120 77.61 69.63 2.39e-19 1.51217
64592 57.42 52.92 1.88e-19 1.48515
64499 49.14 56.59 2.24e-19 1.50979
65519 -154.87 72.69 1.43e-19 1.42613
65522 -165.00 73.00 1.45e-19 1.42860
65525 -175.13 72.69 1.43e-19 1.42613
63293 -0.15 44.10 1.62e-19 1.45480
64055 20.50 64.00 2.62e-19 1.47033
64052 20.50 66.00 2.62e-19 1.45115
64466 -14.37 58.15 2.37e-19 1.51234
64049 20.50 68.00 2.59e-19 1.42876
64463 -19.14 56.59 2.24e-19 1.50979
64460 -23.49 54.84 2.07e-19 1.50092
64889 60.17 59.65 2.23e-19 1.50982
64895 67.82 55.26 1.84e-19 1.48067
64892 64.24 57.52 2.05e-19 1.49930
65225 -22.03 85.01 2.60e-19 1.48760
64376 58.87 43.83 1.22e-19 1.38850
64004 -159.50 82.00 2.10e-19 1.50324
64370 52.30 47.83 1.62e-19 1.45390
64007 -159.50 84.00 2.23e-19 1.50966
64373 55.72 45.90 1.42e-19 1.42464
64229 5.74 49.49 2.05e-19 1.49940
64235 15.00 50.00 2.10e-19 1.50314
64232 10.34 49.87 2.09e-19 1.50216
64109 -154.30 85.50 2.32e-19 1.51202
64115 -154.30 83.50 2.20e-19 1.50857
64112 -154.30 84.50 2.26e-19 1.51076
63809 -159.50 76.00 1.68e-19 1.46179
64283 15.00 53.00 2.29e-19 1.51142
64280 10.03 52.87 2.27e-19 1.51125
64286 19.97 52.87 2.27e-19 1.51125
65312 105.25 69.00 1.95e-19 1.49144
65315 106.03 66.00 1.76e-19 1.47239
65309 104.36 72.00 2.12e-19 1.50409
65306 103.29 74.99 2.26e-19 1.51063
65198 -70.10 62.89 1.68e-19 1.46165
65201 -68.64 65.84 1.88e-19 1.48503
65204 -66.90 68.78 2.07e-19 1.50110
65207 -64.74 71.70 2.24e-19 1.50996
65300 99.91 80.96 2.45e-19 1.51041
65303 101.91 77.98 2.37e-19 1.51232
65078 -54.80 64.32 2.05e-19 1.49944
65081 -51.58 67.01 2.23e-19 1.50974
65411 -165.00 85.00 2.29e-19 1.51142
65084 -47.61 69.63 2.39e-19 1.51217
65087 -42.61 72.15 2.51e-19 1.50685
64859 -7.85 66.25 2.62e-19 1.47601
64865 7.04 67.80 2.60e-19 1.43429
65417 145.34 82.12 2.23e-19 1.50987
63329 99.62 69.66 2.07e-19 1.50107
63335 94.39 69.25 2.13e-19 1.50501
63449 43.95 47.55 1.73e-19 1.46785
63455 42.51 45.84 1.62e-19 1.45469
64994 52.64 70.09 2.61e-19 1.48488
64988 35.87 72.94 2.58e-19 1.42559
64991 44.88 71.70 2.62e-19 1.45925
63215 -24.50 62.76 2.44e-19 1.51077
65153 -37.87 78.68 2.59e-19 1.49024
64997 59.19 68.20 2.54e-19 1.50223
63209 -27.74 63.99 2.45e-19 1.51062
64934 40.90 69.01 2.62e-19 1.46404
64016 14.04 90.00 2.51e-19 1.50618
64931 32.88 70.09 2.60e-19 1.43432
63431 48.85 52.53 2.00e-19 1.49545
64928 24.14 70.77 2.54e-19 1.40233
64010 -159.50 86.00 2.34e-19 1.51229
63473 -159.50 70.00 1.22e-19 1.38890
64937 48.05 67.59 2.60e-19 1.48757
63437 47.11 50.90 1.92e-19 1.48822
65132 -65.42 59.53 1.55e-19 1.44486
65135 -63.62 62.41 1.77e-19 1.47308
65129 87.47 61.57 1.84e-19 1.48084
64772 64.20 48.66 1.46e-19 1.43108
64775 -37.39 50.87 1.55e-19 1.44530
64415 15.00 59.00 2.54e-19 1.50227
64412 9.19 58.85 2.53e-19 1.50361
64409 3.49 58.40 2.51e-19 1.50689
63137 -80.38 69.66 1.91e-19 1.48736
63131 -85.61 69.25 1.81e-19 1.47694
64316 -22.30 47.83 1.62e-19 1.45390
64313 -25.72 45.90 1.42e-19 1.42464
64310 -28.87 43.83 1.22e-19 1.38850
63155 -64.02 69.92 2.17e-19 1.50714
63149 -69.50 70.00 2.09e-19 1.50241
64259 -20.22 45.15 1.46e-19 1.43056
64265 -12.75 48.42 1.81e-19 1.47697
64262 -16.62 46.88 1.64e-19 1.45719
65327 -83.36 62.69 1.42e-19 1.42496
57281 15.00 -74.00 -3.42e-20 -0.03418
64100 -154.30 88.50 2.46e-19 1.51021
64103 -154.30 87.50 2.41e-19 1.51174
65237 82.04 80.22 2.54e-19 1.50262
65234 71.87 82.83 2.58e-19 1.49439
64106 -154.30 86.50 2.37e-19 1.51235
65231 52.03 85.01 2.60e-19 1.48760
65228 15.00 86.00 2.61e-19 1.48491
65267 -76.03 66.00 1.76e-19 1.47239
64088 20.50 44.00 1.67e-19 1.46043
64193 2.01 45.89 1.77e-19 1.47304
64190 -2.11 45.05 1.68e-19 1.46198
64157 -154.30 77.50 1.80e-19 1.47597
64154 -154.30 71.50 1.34e-19 1.41140
64151 -154.30 72.50 1.42e-19 1.42427
64148 -154.30 73.50 1.50e-19 1.43631
64196 6.26 46.51 1.84e-19 1.48105
64982 15.00 74.00 2.37e-19 1.33599
64985 25.77 73.73 2.50e-19 1.38437
65369 114.82 74.77 2.12e-19 1.50400
64979 4.23 73.73 2.50e-19 1.38437
65375 113.60 68.75 1.81e-19 1.47712
65372 114.03 71.77 1.97e-19 1.49361
65366 116.22 77.76 2.24e-19 1.50983
65360 124.24 83.64 2.39e-19 1.51215
65363 118.82 80.73 2.33e-19 1.51214
65459 174.45 81.43 2.09e-19 1.50239
65462 158.42 79.90 2.05e-19 1.49936
65465 147.41 77.77 1.98e-19 1.49399
63173 -53.39 69.25 2.30e-19 1.51168
65036 -20.23 74.26 2.62e-19 1.46404
65270 -75.25 69.00 1.95e-19 1.49144
65273 -74.36 72.00 2.12e-19 1.50409
64952 71.94 57.20 1.88e-19 1.48497
65276 -73.29 74.99 2.26e-19 1.51063
65030 -35.21 70.32 2.53e-19 1.50363
65033 -28.52 72.43 2.60e-19 1.48759
64808 22.07 64.82 2.62e-19 1.46404
64811 28.94 64.29 2.62e-19 1.47600
65501 148.54 73.33 1.68e-19 1.46176
63353 80.22 67.15 2.26e-19 1.51080
64817 41.53 62.26 2.54e-19 1.50268
63005 15.00 -90.00 -1.27e-19 -0.12652
63389 62.51 61.46 2.28e-19 1.51134
62999 15.00 -74.00 -3.42e-20 -0.03418
63395 59.77 60.10 2.26e-19 1.51077
65507 -152.81 75.64 1.66e-19 1.45942
65054 50.23 74.26 2.62e-19 1.46404
65096 -16.27 78.38 2.62e-19 1.45419
65051 40.07 75.72 2.60e-19 1.43430
65048 28.12 76.67 2.54e-19 1.40237
65090 -36.13 74.51 2.58e-19 1.49438
65093 -27.58 76.63 2.62e-19 1.47599
65057 58.52 72.43 2.60e-19 1.48759
64496 44.37 58.15 2.37e-19 1.51234
64490 33.56 60.56 2.54e-19 1.50266
64493 39.17 59.48 2.47e-19 1.50934
63017 15.00 -90.00 -1.27e-19 -0.12652
63305 121.38 69.66 1.75e-19 1.47011
63011 15.00 -74.00 -3.42e-20 -0.03418
63299 126.61 69.25 1.65e-19 1.45791
64058 20.50 62.00 2.60e-19 1.48607
64061 20.50 60.00 2.57e-19 1.49820
64067 20.50 58.00 2.51e-19 1.50664
64802 7.93 64.82 2.62e-19 1.46404
64805 15.00 65.00 2.62e-19 1.45925
64799 1.06 64.29 2.62e-19 1.47600
64907 -29.72 63.95 2.42e-19 1.51153
64904 -34.39 61.83 2.27e-19 1.51102
64898 -41.94 57.20 1.88e-19 1.48497
64901 -38.43 59.57 2.09e-19 1.50210
64829 60.59 55.29 1.98e-19 1.49377
64379 -31.37 46.31 1.35e-19 1.41253
64367 48.58 49.61 1.81e-19 1.47701
64364 44.55 51.21 1.97e-19 1.49354
64361 40.23 52.61 2.12e-19 1.50401
64358 35.61 53.80 2.24e-19 1.51004
63371 72.27 65.14 2.30e-19 1.51168
63101 -146.50 74.10 1.56e-19 1.44626
63107 41.70 76.00 2.60e-19 1.43912
63968 -159.50 80.00 1.97e-19 1.49308
64343 9.65 55.86 2.42e-19 1.51156
63365 76.09 66.19 2.28e-19 1.51123
64247 33.10 47.99 1.88e-19 1.48525
64340 4.38 55.44 2.39e-19 1.51231
64244 28.75 48.86 1.98e-19 1.49406
64238 19.66 49.87 2.09e-19 1.50216
64346 15.00 56.00 2.43e-19 1.51114
64241 24.26 49.49 2.05e-19 1.49940
64268 -8.62 49.77 1.95e-19 1.49149
64271 -4.25 50.90 2.07e-19 1.50082
64274 0.34 51.81 2.17e-19 1.50684
64277 5.12 52.47 2.23e-19 1.50995
65264 -76.74 62.99 1.56e-19 1.44612
65261 -77.40 59.97 1.35e-19 1.41251
65258 101.35 59.93 1.46e-19 1.43106
65324 -83.42 59.64 1.22e-19 1.38848
65321 107.40 59.97 1.35e-19 1.41251
65318 106.74 62.99 1.56e-19 1.44612
64145 -154.30 74.50 1.57e-19 1.44752
65189 93.62 62.41 1.77e-19 1.47308
65195 -71.35 59.93 1.46e-19 1.43106
64139 -154.30 76.50 1.72e-19 1.46736
65441 -105.01 72.61 1.76e-19 1.47225
65438 -101.49 69.80 1.62e-19 1.45422
65444 -110.04 75.29 1.88e-19 1.48511
65447 -117.41 77.77 1.98e-19 1.49399
63341 89.39 68.69 2.19e-19 1.50783
63347 84.65 67.98 2.23e-19 1.50959
65018 -45.03 65.56 2.27e-19 1.51100
65027 -40.62 68.01 2.42e-19 1.51148
65159 -8.31 82.40 2.62e-19 1.46404
63239 -16.23 58.68 2.37e-19 1.51244
63245 -13.89 57.20 2.33e-19 1.51210
65165 38.31 82.40 2.62e-19 1.46404
63419 50.72 54.13 2.07e-19 1.50110
64943 59.72 63.95 2.42e-19 1.51153
64946 64.39 61.83 2.27e-19 1.51102
64847 -30.17 59.65 2.23e-19 1.50982
65141 -58.92 68.10 2.17e-19 1.50672
65138 -61.49 65.27 1.98e-19 1.49382
64838 67.39 50.87 1.55e-19 1.44530
64841 -37.82 55.26 1.84e-19 1.48067
64844 -34.24 57.52 2.05e-19 1.49930
64478 8.63 61.84 2.60e-19 1.48760
64481 15.00 62.00 2.61e-19 1.48491
64484 21.37 61.84 2.60e-19 1.48760
64487 27.59 61.35 2.58e-19 1.49439
64421 26.51 58.40 2.51e-19 1.50689
64424 32.00 57.66 2.45e-19 1.51042
64853 -20.33 63.41 2.51e-19 1.50684
64850 -25.56 61.63 2.39e-19 1.51232
64856 -14.43 64.97 2.58e-19 1.49442
63143 -74.98 69.92 2.00e-19 1.49619
64307 50.22 45.15 1.46e-19 1.43056
64298 38.62 49.77 1.95e-19 1.49149
64301 42.75 48.42 1.81e-19 1.47697
64304 46.62 46.88 1.64e-19 1.45719
64874 30.65 67.20 2.62e-19 1.45421
64868 15.00 68.00 2.58e-19 1.42560
64871 22.96 67.80 2.60e-19 1.43429
64877 37.85 66.25 2.62e-19 1.47601
64022 20.50 86.00 2.61e-19 1.48508
64025 20.50 84.00 2.62e-19 1.46910
64397 -16.66 53.94 2.12e-19 1.50424
64019 20.50 88.00 2.57e-19 1.49747
64394 -20.85 52.27 1.95e-19 1.49144
64388 -28.18 48.44 1.56e-19 1.44615
64391 -24.68 50.43 1.76e-19 1.47224
64214 32.11 45.05 1.68e-19 1.46198
64097 -154.30 89.50 2.50e-19 1.50775
64211 27.99 45.89 1.77e-19 1.47304
65219 -52.04 80.22 2.54e-19 1.50262
64217 -11.20 45.58 1.62e-19 1.45404
65222 -41.87 82.83 2.58e-19 1.49439
64427 37.23 56.66 2.37e-19 1.51239
64199 10.61 46.88 1.88e-19 1.48527
64202 15.00 47.00 1.90e-19 1.48640
64205 19.39 46.88 1.88e-19 1.48527
64976 -5.87 72.94 2.58e-19 1.42559
64973 -14.88 71.70 2.62e-19 1.45925
64970 -22.64 70.09 2.61e-19 1.48488
65450 -128.42 79.90 2.05e-19 1.49936
65453 -144.45 81.43 2.09e-19 1.50239
65162 15.00 83.00 2.62e-19 1.45925
63203 -31.27 65.14 2.44e-19 1.51076
65279 -71.91 77.98 2.37e-19 1.51232
65285 -66.36 83.93 2.51e-19 1.50686
65282 -69.91 80.96 2.45e-19 1.51041
65471 135.01 72.61 1.76e-19 1.47225
65468 140.04 75.29 1.88e-19 1.48511
65474 131.49 69.80 1.62e-19 1.45422
65477 -118.54 73.33 1.68e-19 1.46176
62993 15.00 -90.00 -1.27e-19 -0.12652
64940 54.30 65.88 2.53e-19 1.50356
65099 -1.81 79.57 2.60e-19 1.43429
65105 31.81 79.57 2.60e-19 1.43429
65102 15.00 80.00 2.58e-19 1.42560
64688 60.98 50.85 1.68e-19 1.46169
65405 -115.34 82.12 2.23e-19 1.50987
65402 -105.13 79.58 2.17e-19 1.50681
65399 -99.24 76.82 2.07e-19 1.50106
63269 -6.11 50.90 2.05e-19 1.49964
63275 -4.48 49.24 1.96e-19 1.49200
64037 20.50 76.00 2.48e-19 1.37604
64034 20.50 78.00 2.54e-19 1.40188
64028 20.50 82.00 2.61e-19 1.44968
64031 20.50 80.00 2.59e-19 1.42709
64916 -10.90 69.01 2.62e-19 1.46404
64793 -11.53 62.26 2.54e-19 1.50268
64790 -17.07 60.82 2.45e-19 1.51034
64910 -24.30 65.88 2.53e-19 1.50356
64913 -18.05 67.59 2.60e-19 1.48757
64796 -5.47 63.42 2.59e-19 1.49021
65144 -55.70 70.89 2.33e-19 1.51221
64430 42.12 55.41 2.26e-19 1.51078
64433 46.66 53.94 2.12e-19 1.50424
64349 20.35 55.86 2.42e-19 1.51156
64352 25.62 55.44 2.39e-19 1.51231
64355 30.72 54.74 2.33e-19 1.51202
63383 65.50 62.76 2.30e-19 1.51158
63113 -138.30 76.00 1.74e-19 1.46911
64436 50.85 52.27 1.95e-19 1.49144
64334 -5.61 53.80 2.24e-19 1.51004
65504 -141.78 74.62 1.62e-19 1.45399
64331 -10.23 52.61 2.12e-19 1.50401
64328 -14.55 51.21 1.97e-19 1.49354
64169 15.00 41.00 1.45e-19 1.42860
64172 18.97 40.88 1.43e-19 1.42643
64175 6.71 43.52 1.62e-19 1.45447
64337 -0.72 54.74 2.33e-19 1.51202
64814 35.47 63.42 2.59e-19 1.49021
65147 -51.53 73.61 2.45e-19 1.51046
65249 96.90 68.78 2.07e-19 1.50110
64085 20.50 46.00 1.82e-19 1.47813
65336 -84.03 71.77 1.97e-19 1.49361
65252 98.64 65.84 1.88e-19 1.48503
65255 100.10 62.89 1.68e-19 1.46165
65330 -83.40 65.72 1.62e-19 1.45417
65333 -83.60 68.75 1.81e-19 1.47712
64418 20.81 58.85 2.53e-19 1.50361
64133 -154.30 79.50 1.94e-19 1.49050
65186 91.49 65.27 1.98e-19 1.49382
64136 -154.30 78.50 1.87e-19 1.48368
65183 88.92 68.10 2.17e-19 1.50672
65180 85.70 70.89 2.33e-19 1.51221
65192 95.42 59.53 1.55e-19 1.44486
65414 164.13 84.15 2.27e-19 1.51126
65432 121.61 68.04 1.64e-19 1.45695
65435 120.51 65.03 1.46e-19 1.43052
63263 -7.85 52.53 2.14e-19 1.50525
65429 123.21 71.02 1.81e-19 1.47727
65408 -134.13 84.15 2.27e-19 1.51126
63317 110.50 70.00 1.93e-19 1.48920
63311 115.98 69.92 1.84e-19 1.48095
65009 76.59 58.92 1.90e-19 1.48614
65015 -48.69 63.02 2.09e-19 1.50239
65012 -51.77 60.39 1.88e-19 1.48488
65528 -165.00 70.00 1.22e-19 1.38828
65531 -165.00 67.00 1.01e-19 1.34103
63413 52.73 55.69 2.13e-19 1.50513
64955 -46.59 58.92 1.90e-19 1.48614
64949 68.43 59.57 2.09e-19 1.50210
65111 57.58 76.63 2.62e-19 1.47599
65168 55.98 80.83 2.62e-19 1.47599
65108 46.27 78.38 2.62e-19 1.45419
65114 66.13 74.51 2.58e-19 1.49438
65117 72.61 72.15 2.51e-19 1.50685
64862 -0.65 67.20 2.62e-19 1.45421
64835 64.18 53.14 1.77e-19 1.47346
65456 -165.00 82.00 2.10e-19 1.50314
64469 -9.17 59.48 2.47e-19 1.50934
64475 2.41 61.35 2.58e-19 1.49439
64472 -3.56 60.56 2.54e-19 1.50266
65513 -177.19 75.64 1.66e-19 1.45942
65510 -165.00 76.00 1.67e-19 1.46145
65516 171.78 74.62 1.62e-19 1.45399
64451 -34.20 48.66 1.46e-19 1.43108
64454 -30.98 50.85 1.68e-19 1.46169
63905 -159.50 78.00 1.83e-19 1.47924
64289 24.88 52.47 2.23e-19 1.50995
64295 34.25 50.90 2.07e-19 1.50082
64292 29.66 51.81 2.17e-19 1.50684
64883 50.33 63.41 2.51e-19 1.50684
64880 44.43 64.97 2.58e-19 1.49442
65498 156.21 75.54 1.77e-19 1.47325
63584 -159.50 72.00 1.37e-19 1.41649
64886 55.56 61.63 2.39e-19 1.51232
64406 -2.00 57.66 2.45e-19 1.51042
65378 113.40 65.72 1.62e-19 1.45417
64403 -7.23 56.66 2.37e-19 1.51239
64400 -12.12 55.41 2.26e-19 1.51078
64223 -3.10 47.99 1.88e-19 1.48525
64220 -7.26 46.89 1.76e-19 1.47205
64118 -154.30 82.50 2.14e-19 1.50544
64121 -154.30 81.50 2.08e-19 1.50138
64226 1.25 48.86 1.98e-19 1.49406
64124 -154.30 80.50 2.01e-19 1.49640
63161 -58.62 69.66 2.24e-19 1.50994
