65006 73.24 61.42 1.32e-19 0.94689
65000 64.69 66.09 1.52e-19 0.94047
65003 69.32 63.82 1.43e-19 0.94446
63197 -35.09 66.19 1.51e-19 0.94052
64142 -154.30 75.50 1.07e-19 0.94716
63191 -39.22 67.15 1.50e-19 0.94130
65213 -57.99 77.44 1.54e-19 0.93902
65210 -61.92 74.59 1.48e-19 0.94252
65294 86.94 86.84 1.58e-19 0.93568
65291 15.00 89.00 1.58e-19 0.93503
65288 -56.94 86.84 1.58e-19 0.93568
65075 -57.47 61.57 1.18e-19 0.94789
62987 15.00 -74.00 -4.31e-21 -0.00431
65072 81.77 60.39 1.20e-19 0.94778
65486 -149.69 78.56 1.20e-19 0.94774
65069 78.69 63.02 1.32e-19 0.94712
65420 135.13 79.58 1.36e-19 0.94630
62981 15.00 -90.00 -1.12e-20 -0.01119
65483 -136.50 77.35 1.18e-19 0.94797
65156 -25.98 80.83 1.64e-19 0.92490
65426 125.59 73.95 1.24e-19 0.94778
65480 -126.21 75.54 1.14e-19 0.94773
63281 -2.95 47.55 1.19e-19 0.94778
63287 -1.51 45.84 1.12e-19 0.94773
65150 -45.89 76.23 1.58e-19 0.93519
65390 -91.61 68.04 1.07e-19 0.94709
63227 -18.77 60.10 1.50e-19 0.94150
65393 -93.21 71.02 1.16e-19 0.94794
65396 -95.59 73.95 1.24e-19 0.94778
63221 -21.51 61.46 1.51e-19 0.94071
63443 45.48 49.24 1.17e-19 0.94779
64046 20.50 70.00 1.64e-19 0.90314
64082 20.50 48.00 1.24e-19 0.94774
64043 20.50 72.00 1.62e-19 0.89592
64040 20.50 74.00 1.60e-19 0.89141
64781 -30.59 55.29 1.26e-19 0.94761
64778 -34.18 53.14 1.14e-19 0.94784
64784 -26.57 57.31 1.36e-19 0.94628
64079 20.50 50.00 1.32e-19 0.94698
64787 -22.08 59.16 1.45e-19 0.94354
64919 -2.88 70.09 1.65e-19 0.91192
64925 15.00 71.00 1.62e-19 0.89774
64922 5.86 70.77 1.64e-19 0.90275
64439 54.68 50.43 1.13e-19 0.94773
64445 61.37 46.31 9.03e-20 0.94407
64442 58.18 48.44 1.02e-19 0.94663
63119 -95.35 67.98 1.03e-19 0.94667
63125 -90.61 68.69 1.10e-19 0.94758
63377 68.74 63.99 1.44e-19 0.94414
64544 53.49 54.84 1.31e-19 0.94710
64187 23.29 43.52 1.06e-19 0.94708
64325 -18.58 49.61 1.16e-19 0.94779
63776 -159.50 74.00 1.00e-19 0.94618
64181 15.00 44.00 1.09e-19 0.94732
64178 10.84 43.88 1.08e-19 0.94729
64184 19.16 43.88 1.08e-19 0.94729
64013 -159.50 88.00 1.52e-19 0.94050
64250 37.26 46.89 1.13e-19 0.94763
64253 41.20 45.58 1.05e-19 0.94684
64073 20.50 54.00 1.46e-19 0.94347
64070 20.50 56.00 1.51e-19 0.94072
65246 94.74 71.70 1.40e-19 0.94537
65492 179.69 78.56 1.20e-19 0.94774
65243 91.92 74.59 1.48e-19 0.94252
65495 166.50 77.35 1.18e-19 0.94797
64076 20.50 52.00 1.39e-19 0.94556
65240 87.99 77.44 1.54e-19 0.93902
64208 23.74 46.51 1.18e-19 0.94800
64457 -27.42 52.92 1.20e-19 0.94788
65177 81.53 73.61 1.53e-19 0.93988
64166 11.03 40.88 9.50e-20 0.94513
64163 15.00 38.00 8.29e-20 0.94189
65171 67.87 78.68 1.62e-19 0.92999
64094 20.50 40.00 9.10e-20 0.94423
65174 75.89 76.23 1.58e-19 0.93519
64160 15.00 35.00 7.04e-20 0.93706
65387 -90.51 65.03 9.65e-20 0.94537
63257 -9.72 54.13 1.39e-19 0.94571
65297 96.36 83.93 1.56e-19 0.93742
63251 -11.73 55.69 1.42e-19 0.94468
65381 113.36 62.69 9.44e-20 0.94515
65384 113.42 59.64 8.29e-20 0.94200
65357 139.00 86.38 1.51e-19 0.94091
65348 -94.24 83.64 1.49e-19 0.94202
65351 -109.00 86.38 1.51e-19 0.94091
64091 20.50 42.00 9.96e-20 0.94607
65354 -165.00 88.00 1.52e-19 0.94051
63179 -48.39 68.69 1.46e-19 0.94321
63185 -43.65 67.98 1.49e-19 0.94216
63323 105.02 69.92 1.27e-19 0.94767
65342 -86.22 77.76 1.40e-19 0.94529
65345 -88.82 80.73 1.45e-19 0.94364
65339 -84.82 74.77 1.33e-19 0.94675
65045 15.00 77.00 1.62e-19 0.89774
65042 1.88 76.67 1.64e-19 0.90276
65039 -10.07 75.72 1.65e-19 0.91191
63407 54.89 57.20 1.37e-19 0.94596
65423 129.24 76.82 1.31e-19 0.94718
64823 52.08 59.16 1.45e-19 0.94354
65489 -165.00 79.00 1.21e-19 0.94786
64820 47.07 60.82 1.53e-19 0.93981
64967 -29.19 68.20 1.58e-19 0.93501
64964 -34.69 66.09 1.52e-19 0.94047
63401 57.23 58.68 1.40e-19 0.94553
63095 40.40 47.00 1.12e-19 0.94761
64961 -39.32 63.82 1.43e-19 0.94446
64958 -43.24 61.42 1.32e-19 0.94689
64826 56.57 57.31 1.36e-19 0.94628
65063 70.62 68.01 1.51e-19 0.94091
65126 84.80 64.32 1.29e-19 0.94739
65060 65.21 70.32 1.58e-19 0.93570
65123 81.58 67.01 1.40e-19 0.94535
65066 75.03 65.56 1.42e-19 0.94467
65120 77.61 69.63 1.49e-19 0.94203
64592 57.42 52.92 1.20e-19 0.94788
64499 49.14 56.59 1.40e-19 0.94527
65519 -154.87 72.69 9.50e-20 0.94496
65522 -165.00 73.00 9.57e-20 0.94532
65525 -175.13 72.69 9.50e-20 0.94496
63293 -0.15 44.10 1.06e-19 0.94709
64055 20.50 64.00 1.65e-19 0.92302
64052 20.50 66.00 1.65e-19 0.91696
64466 -14.37 58.15 1.48e-19 0.94254
64049 20.50 68.00 1.65e-19 0.91029
64463 -19.14 56.59 1.40e-19 0.94527
64460 -23.49 54.84 1.31e-19 0.94710
64889 60.17 59.65 1.40e-19 0.94540
64895 67.82 55.26 1.18e-19 0.94779
64892 64.24 57.52 1.29e-19 0.94731
65225 -22.03 85.01 1.62e-19 0.92901
64376 58.87 43.83 8.29e-20 0.94201
64004 -159.50 82.00 1.33e-19 0.94690
64370 52.30 47.83 1.05e-19 0.94676
64007 -159.50 84.00 1.40e-19 0.94544
64373 55.72 45.90 9.44e-20 0.94497
64229 5.74 49.49 1.29e-19 0.94737
64235 15.00 50.00 1.32e-19 0.94692
64232 10.34 49.87 1.32e-19 0.94699
64109 -154.30 85.50 1.45e-19 0.94385
64115 -154.30 83.50 1.38e-19 0.94582
64112 -154.30 84.50 1.41e-19 0.94491
63809 -159.50 76.00 1.09e-19 0.94734
64283 15.00 53.00 1.43e-19 0.94447
64280 10.03 52.87 1.42e-19 0.94481
64286 19.97 52.87 1.42e-19 0.94481
65312 105.25 69.00 1.24e-19 0.94775
65315 106.03 66.00 1.13e-19 0.94782
65309 104.36 72.00 1.33e-19 0.94680
65306 103.29 74.99 1.41e-19 0.94492
65198 -70.10 62.89 1.09e-19 0.94722
65201 -68.64 65.84 1.20e-19 0.94782
65204 -66.90 68.78 1.31e-19 0.94720
65207 -64.74 71.70 1.40e-19 0.94537
65300 99.91 80.96 1.53e-19 0.93985
65303 101.91 77.98 1.48e-19 0.94252
65078 -54.80 64.32 1.29e-19 0.94739
65081 -51.58 67.01 1.40e-19 0.94535
65411 -165.00 85.00 1.43e-19 0.94447
65084 -47.61 69.63 1.49e-19 0.94203
65087 -42.61 72.15 1.56e-19 0.93741
64859 -7.85 66.25 1.64e-19 0.92492
64865 7.04 67.80 1.65e-19 0.91191
65417 145.34 82.12 1.40e-19 0.94543
63329 99.62 69.66 1.31e-19 0.94710
63335 94.39 69.25 1.34e-19 0.94662
63449 43.95 47.55 1.11e-19 0.94748
63455 42.51 45.84 1.06e-19 0.94708
64994 52.64 70.09 1.63e-19 0.92800
64988 35.87 72.94 1.65e-19 0.90937
64991 44.88 71.70 1.65e-19 0.91947
63215 -24.50 62.76 1.52e-19 0.94018
65153 -37.87 78.68 1.62e-19 0.92999
64997 59.19 68.20 1.58e-19 0.93501
63209 -27.74 63.99 1.52e-19 0.94002
64934 40.90 69.01 1.65e-19 0.92098
64016 14.04 90.00 1.56e-19 0.93703
64931 32.88 70.09 1.65e-19 0.91192
63431 48.85 52.53 1.27e-19 0.94755
64928 24.14 70.77 1.64e-19 0.90275
64010 -159.50 86.00 1.46e-19 0.94330
63473 -159.50 70.00 8.31e-20 0.94195
64937 48.05 67.59 1.62e-19 0.92899
63437 47.11 50.90 1.22e-19 0.94776
65132 -65.42 59.53 1.02e-19 0.94639
65135 -63.62 62.41 1.14e-19 0.94763
65129 87.47 61.57 1.18e-19 0.94789
64772 64.20 48.66 9.66e-20 0.94545
64775 -37.39 50.87 1.02e-19 0.94664
64415 15.00 59.00 1.58e-19 0.93503
64412 9.19 58.85 1.58e-19 0.93568
64409 3.49 58.40 1.56e-19 0.93744
63137 -80.38 69.66 1.22e-19 0.94772
63131 -85.61 69.25 1.16e-19 0.94776
64316 -22.30 47.83 1.05e-19 0.94676
64313 -25.72 45.90 9.44e-20 0.94497
64310 -28.87 43.83 8.29e-20 0.94201
63155 -64.02 69.92 1.36e-19 0.94631
63149 -69.50 70.00 1.32e-19 0.94701
64259 -20.22 45.15 9.65e-20 0.94539
64265 -12.75 48.42 1.16e-19 0.94777
64262 -16.62 46.88 1.07e-19 0.94722
65327 -83.36 62.69 9.44e-20 0.94515
57281 15.00 -74.00 -4.31e-21 -0.00431
64100 -154.30 88.50 1.53e-19 0.93967
64103 -154.30 87.50 1.50e-19 0.94122
65237 82.04 80.22 1.58e-19 0.93520
65234 71.87 82.83 1.61e-19 0.93162
64106 -154.30 86.50 1.48e-19 0.94262
65231 52.03 85.01 1.62e-19 0.92901
65228 15.00 86.00 1.63e-19 0.92802
65267 -76.03 66.00 1.13e-19 0.94782
64088 20.50 44.00 1.08e-19 0.94728
64193 2.01 45.89 1.14e-19 0.94761
64190 -2.11 45.05 1.09e-19 0.94740
64157 -154.30 77.50 1.15e-19 0.94780
64154 -154.30 71.50 8.99e-20 0.94396
64151 -154.30 72.50 9.42e-20 0.94500
64148 -154.30 73.50 9.85e-20 0.94588
64196 6.26 46.51 1.18e-19 0.94800
64982 15.00 74.00 1.57e-19 0.88456
64985 25.77 73.73 1.62e-19 0.89775
65369 114.82 74.77 1.33e-19 0.94675
64979 4.23 73.73 1.62e-19 0.89775
65375 113.60 68.75 1.16e-19 0.94786
65372 114.03 71.77 1.25e-19 0.94780
65366 116.22 77.76 1.40e-19 0.94529
65360 124.24 83.64 1.49e-19 0.94202
65363 118.82 80.73 1.45e-19 0.94364
65459 174.45 81.43 1.32e-19 0.94712
65462 158.42 79.90 1.29e-19 0.94734
65465 147.41 77.77 1.26e-19 0.94773
63173 -53.39 69.25 1.43e-19 0.94424
65036 -20.23 74.26 1.65e-19 0.92098
65270 -75.25 69.00 1.24e-19 0.94775
65273 -74.36 72.00 1.33e-19 0.94680
64952 71.94 57.20 1.20e-19 0.94783
65276 -73.29 74.99 1.41e-19 0.94492
65030 -35.21 70.32 1.58e-19 0.93570
65033 -28.52 72.43 1.62e-19 0.92901
64808 22.07 64.82 1.65e-19 0.92098
64811 28.94 64.29 1.64e-19 0.92492
65501 148.54 73.33 1.09e-19 0.94728
63353 80.22 67.15 1.41e-19 0.94500
64817 41.53 62.26 1.58e-19 0.93524
63005 15.00 -90.00 -1.12e-20 -0.01119
63389 62.51 61.46 1.43e-19 0.94447
62999 15.00 -74.00 -4.31e-21 -0.00431
63395 59.77 60.10 1.41e-19 0.94492
65507 -152.81 75.64 1.08e-19 0.94710
65054 50.23 74.26 1.65e-19 0.92098
65096 -16.27 78.38 1.65e-19 0.91789
65051 40.07 75.72 1.65e-19 0.91191
65048 28.12 76.67 1.64e-19 0.90276
65090 -36.13 74.51 1.61e-19 0.93161
65093 -27.58 76.63 1.64e-19 0.92491
65057 58.52 72.43 1.62e-19 0.92901
64496 44.37 58.15 1.48e-19 0.94254
64490 33.56 60.56 1.58e-19 0.93523
64493 39.17 59.48 1.54e-19 0.93901
63017 15.00 -90.00 -1.12e-20 -0.01119
63305 121.38 69.66 1.13e-19 0.94751
63011 15.00 -74.00 -4.31e-21 -0.00431
63299 126.61 69.25 1.07e-19 0.94711
64058 20.50 62.00 1.63e-19 0.92844
64061 20.50 60.00 1.60e-19 0.93320
64067 20.50 58.00 1.56e-19 0.93729
64802 7.93 64.82 1.65e-19 0.92098
64805 15.00 65.00 1.65e-19 0.91947
64799 1.06 64.29 1.64e-19 0.92492
64907 -29.72 63.95 1.51e-19 0.94094
64904 -34.39 61.83 1.42e-19 0.94468
64898 -41.94 57.20 1.20e-19 0.94783
64901 -38.43 59.57 1.32e-19 0.94696
64829 60.59 55.29 1.26e-19 0.94761
64379 -31.37 46.31 9.03e-20 0.94407
64367 48.58 49.61 1.16e-19 0.94779
64364 44.55 51.21 1.25e-19 0.94775
64361 40.23 52.61 1.33e-19 0.94675
64358 35.61 53.80 1.40e-19 0.94541
63371 72.27 65.14 1.43e-19 0.94426
63101 -146.50 74.10 1.02e-19 0.94652
63107 41.70 76.00 1.65e-19 0.91334
63968 -159.50 80.00 1.25e-19 0.94771
64343 9.65 55.86 1.51e-19 0.94095
63365 76.09 66.19 1.43e-19 0.94445
64247 33.10 47.99 1.20e-19 0.94794
64340 4.38 55.44 1.49e-19 0.94211
64244 28.75 48.86 1.26e-19 0.94776
64238 19.66 49.87 1.32e-19 0.94699
64346 15.00 56.00 1.52e-19 0.94051
64241 24.26 49.49 1.29e-19 0.94737
64268 -8.62 49.77 1.24e-19 0.94778
64271 -4.25 50.90 1.31e-19 0.94704
64274 0.34 51.81 1.36e-19 0.94631
64277 5.12 52.47 1.40e-19 0.94547
65264 -76.74 62.99 1.02e-19 0.94661
65261 -77.40 59.97 9.03e-20 0.94406
65258 101.35 59.93 9.66e-20 0.94544
65324 -83.42 59.64 8.29e-20 0.94200
65321 107.40 59.97 9.03e-20 0.94406
65318 106.74 62.99 1.02e-19 0.94661
64145 -154.30 74.50 1.03e-19 0.94660
65189 93.62 62.41 1.14e-19 0.94763
65195 -71.35 59.93 9.66e-20 0.94544
64139 -154.30 76.50 1.11e-19 0.94756
65441 -105.01 72.61 1.13e-19 0.94774
65438 -101.49 69.80 1.05e-19 0.94694
65444 -110.04 75.29 1.20e-19 0.94786
65447 -117.41 77.77 1.26e-19 0.94773
63341 89.39 68.69 1.37e-19 0.94610
63347 84.65 67.98 1.39e-19 0.94548
65018 -45.03 65.56 1.42e-19 0.94467
65027 -40.62 68.01 1.51e-19 0.94091
65159 -8.31 82.40 1.65e-19 0.92098
63239 -16.23 58.68 1.48e-19 0.94251
63245 -13.89 57.20 1.45e-19 0.94345
65165 38.31 82.40 1.65e-19 0.92098
63419 50.72 54.13 1.31e-19 0.94723
64943 59.72 63.95 1.51e-19 0.94094
64946 64.39 61.83 1.42e-19 0.94468
64847 -30.17 59.65 1.40e-19 0.94540
65141 -58.92 68.10 1.36e-19 0.94624
65138 -61.49 65.27 1.26e-19 0.94763
64838 67.39 50.87 1.02e-19 0.94664
64841 -37.82 55.26 1.18e-19 0.94779
64844 -34.24 57.52 1.29e-19 0.94731
64478 8.63 61.84 1.62e-19 0.92902
64481 15.00 62.00 1.63e-19 0.92802
64484 21.37 61.84 1.62e-19 0.92902
64487 27.59 61.35 1.61e-19 0.93162
64421 26.51 58.40 1.56e-19 0.93744
64424 32.00 57.66 1.53e-19 0.93985
64853 -20.33 63.41 1.56e-19 0.93740
64850 -25.56 61.63 1.49e-19 0.94212
64856 -14.43 64.97 1.61e-19 0.93164
63143 -74.98 69.92 1.27e-19 0.94767
64307 50.22 45.15 9.65e-20 0.94539
64298 38.62 49.77 1.24e-19 0.94778
64301 42.75 48.42 1.16e-19 0.94777
64304 46.62 46.88 1.07e-19 0.94722
64874 30.65 67.20 1.65e-19 0.91789
64868 15.00 68.00 1.65e-19 0.90937
64871 22.96 67.80 1.65e-19 0.91191
64877 37.85 66.25 1.64e-19 0.92492
64022 20.50 86.00 1.63e-19 0.92808
64025 20.50 84.00 1.65e-19 0.92262
64397 -16.66 53.94 1.33e-19 0.94688
64019 20.50 88.00 1.60e-19 0.93289
64394 -20.85 52.27 1.24e-19 0.94775
64388 -28.18 48.44 1.02e-19 0.94663
64391 -24.68 50.43 1.13e-19 0.94773
64214 32.11 45.05 1.09e-19 0.94740
64097 -154.30 89.50 1.55e-19 0.93795
64211 27.99 45.89 1.14e-19 0.94761
65219 -52.04 80.22 1.58e-19 0.93520
64217 -11.20 45.58 1.05e-19 0.94684
65222 -41.87 82.83 1.61e-19 0.93162
64427 37.23 56.66 1.48e-19 0.94256
64199 10.61 46.88 1.20e-19 0.94800
64202 15.00 47.00 1.21e-19 0.94786
64205 19.39 46.88 1.20e-19 0.94800
64976 -5.87 72.94 1.65e-19 0.90937
64973 -14.88 71.70 1.65e-19 0.91947
64970 -22.64 70.09 1.63e-19 0.92800
65450 -128.42 79.90 1.29e-19 0.94734
65453 -144.45 81.43 1.32e-19 0.94712
65162 15.00 83.00 1.65e-19 0.91947
63203 -31.27 65.14 1.52e-19 0.94015
65279 -71.91 77.98 1.48e-19 0.94252
65285 -66.36 83.93 1.56e-19 0.93742
65282 -69.91 80.96 1.53e-19 0.93985
65471 135.01 72.61 1.13e-19 0.94774
65468 140.04 75.29 1.20e-19 0.94786
65474 131.49 69.80 1.05e-19 0.94694
65477 -118.54 73.33 1.09e-19 0.94728
62993 15.00 -90.00 -1.12e-20 -0.01119
64940 54.30 65.88 1.58e-19 0.93565
65099 -1.81 79.57 1.65e-19 0.91191
65105 31.81 79.57 1.65e-19 0.91191
65102 15.00 80.00 1.65e-19 0.90937
64688 60.98 50.85 1.09e-19 0.94724
65405 -115.34 82.12 1.40e-19 0.94543
65402 -105.13 79.58 1.36e-19 0.94630
65399 -99.24 76.82 1.31e-19 0.94718
63269 -6.11 50.90 1.30e-19 0.94723
63275 -4.48 49.24 1.24e-19 0.94769
64037 20.50 76.00 1.61e-19 0.89545
64034 20.50 78.00 1.64e-19 0.90262
64028 20.50 82.00 1.65e-19 0.91651
64031 20.50 80.00 1.65e-19 0.90981
64916 -10.90 69.01 1.65e-19 0.92098
64793 -11.53 62.26 1.58e-19 0.93524
64790 -17.07 60.82 1.53e-19 0.93981
64910 -24.30 65.88 1.58e-19 0.93565
64913 -18.05 67.59 1.62e-19 0.92899
64796 -5.47 63.42 1.62e-19 0.92997
65144 -55.70 70.89 1.45e-19 0.94368
64430 42.12 55.41 1.41e-19 0.94501
64433 46.66 53.94 1.33e-19 0.94688
64349 20.35 55.86 1.51e-19 0.94095
64352 25.62 55.44 1.49e-19 0.94211
64355 30.72 54.74 1.45e-19 0.94357
63383 65.50 62.76 1.44e-19 0.94418
63113 -138.30 76.00 1.12e-19 0.94762
64436 50.85 52.27 1.24e-19 0.94775
64334 -5.61 53.80 1.40e-19 0.94541
65504 -141.78 74.62 1.05e-19 0.94681
64331 -10.23 52.61 1.33e-19 0.94675
64328 -14.55 51.21 1.25e-19 0.94775
64169 15.00 41.00 9.57e-20 0.94532
64172 18.97 40.88 9.50e-20 0.94513
64175 6.71 43.52 1.06e-19 0.94708
64337 -0.72 54.74 1.45e-19 0.94357
64814 35.47 63.42 1.62e-19 0.92997
65147 -51.53 73.61 1.53e-19 0.93988
65249 96.90 68.78 1.31e-19 0.94720
64085 20.50 46.00 1.16e-19 0.94783
65336 -84.03 71.77 1.25e-19 0.94780
65252 98.64 65.84 1.20e-19 0.94782
65255 100.10 62.89 1.09e-19 0.94722
65330 -83.40 65.72 1.05e-19 0.94691
65333 -83.60 68.75 1.16e-19 0.94786
64418 20.81 58.85 1.58e-19 0.93568
64133 -154.30 79.50 1.23e-19 0.94779
65186 91.49 65.27 1.26e-19 0.94763
64136 -154.30 78.50 1.19e-19 0.94787
65183 88.92 68.10 1.36e-19 0.94624
65180 85.70 70.89 1.45e-19 0.94368
65192 95.42 59.53 1.02e-19 0.94639
65414 164.13 84.15 1.42e-19 0.94482
65432 121.61 68.04 1.07e-19 0.94709
65435 120.51 65.03 9.65e-20 0.94537
63263 -7.85 52.53 1.35e-19 0.94654
65429 123.21 71.02 1.16e-19 0.94794
65408 -134.13 84.15 1.42e-19 0.94482
63317 110.50 70.00 1.23e-19 0.94782
63311 115.98 69.92 1.18e-19 0.94799
65009 76.59 58.92 1.21e-19 0.94772
65015 -48.69 63.02 1.32e-19 0.94712
65012 -51.77 60.39 1.20e-19 0.94778
65528 -165.00 70.00 8.29e-20 0.94189
65531 -165.00 67.00 7.04e-20 0.93706
63413 52.73 55.69 1.34e-19 0.94670
64955 -46.59 58.92 1.21e-19 0.94772
64949 68.43 59.57 1.32e-19 0.94696
65111 57.58 76.63 1.64e-19 0.92491
65168 55.98 80.83 1.64e-19 0.92490
65108 46.27 78.38 1.65e-19 0.91789
65114 66.13 74.51 1.61e-19 0.93161
65117 72.61 72.15 1.56e-19 0.93741
64862 -0.65 67.20 1.65e-19 0.91789
64835 64.18 53.14 1.14e-19 0.94784
65456 -165.00 82.00 1.32e-19 0.94692
64469 -9.17 59.48 1.54e-19 0.93901
64475 2.41 61.35 1.61e-19 0.93162
64472 -3.56 60.56 1.58e-19 0.93523
65513 -177.19 75.64 1.08e-19 0.94710
65510 -165.00 76.00 1.09e-19 0.94732
65516 171.78 74.62 1.05e-19 0.94681
64451 -34.20 48.66 9.66e-20 0.94545
64454 -30.98 50.85 1.09e-19 0.94724
63905 -159.50 78.00 1.17e-19 0.94785
64289 24.88 52.47 1.40e-19 0.94547
64295 34.25 50.90 1.31e-19 0.94704
64292 29.66 51.81 1.36e-19 0.94631
64883 50.33 63.41 1.56e-19 0.93740
64880 44.43 64.97 1.61e-19 0.93164
65498 156.21 75.54 1.14e-19 0.94773
63584 -159.50 72.00 9.16e-20 0.94438
64886 55.56 61.63 1.49e-19 0.94212
64406 -2.00 57.66 1.53e-19 0.93985
65378 113.40 65.72 1.05e-19 0.94691
64403 -7.23 56.66 1.48e-19 0.94256
64400 -12.12 55.41 1.41e-19 0.94501
64223 -3.10 47.99 1.20e-19 0.94794
64220 -7.26 46.89 1.13e-19 0.94763
64118 -154.30 82.50 1.35e-19 0.94656
64121 -154.30 81.50 1.31e-19 0.94713
64226 1.25 48.86 1.26e-19 0.94776
64124 -154.30 80.50 1.27e-19 0.94754
63161 -58.62 69.66 1.40e-19 0.94525
