65006 73.24 61.42 1.31e-19 0.93477
65000 64.69 66.09 1.45e-19 0.90286
65003 69.32 63.82 1.39e-19 0.91718
63197 -35.09 66.19 1.45e-19 0.90300
64142 -154.30 75.50 1.11e-19 0.98451
63191 -39.22 67.15 1.44e-19 0.90503
65213 -57.99 77.44 1.47e-19 0.89921
65210 -61.92 74.59 1.42e-19 0.90910
65294 86.94 86.84 1.50e-19 0.89272
65291 15.00 89.00 1.51e-19 0.89169
65288 -56.94 86.84 1.50e-19 0.89272
65075 -57.47 61.57 1.20e-19 0.96204
62987 15.00 -74.00 3.82e-20 0.03819
65072 81.77 60.39 1.21e-19 0.95742
65486 -149.69 78.56 1.21e-19 0.95738
65069 78.69 63.02 1.30e-19 0.93622
65420 135.13 79.58 1.33e-19 0.92866
62981 15.00 -90.00 6.90e-20 0.06901
65483 -136.50 77.35 1.20e-19 0.96211
65156 -25.98 80.83 1.56e-19 0.88093
65426 125.59 73.95 1.24e-19 0.95024
65480 -126.21 75.54 1.17e-19 0.96971
63281 -2.95 47.55 1.20e-19 0.96054
63287 -1.51 45.84 1.15e-19 0.97332
65150 -45.89 76.23 1.51e-19 0.89194
65390 -91.61 68.04 1.11e-19 0.98530
63227 -18.77 60.10 1.44e-19 0.90570
65393 -93.21 71.02 1.18e-19 0.96600
65396 -95.59 73.95 1.24e-19 0.95024
63221 -21.51 61.46 1.45e-19 0.90347
63443 45.48 49.24 1.19e-19 0.96360
64046 20.50 70.00 1.59e-19 0.87464
64082 20.50 48.00 1.25e-19 0.94931
64043 20.50 72.00 1.58e-19 0.87510
64040 20.50 74.00 1.57e-19 0.87580
64781 -30.59 55.29 1.25e-19 0.94726
64778 -34.18 53.14 1.17e-19 0.96980
64784 -26.57 57.31 1.33e-19 0.92864
64079 20.50 50.00 1.30e-19 0.93553
64787 -22.08 59.16 1.40e-19 0.91331
64919 -2.88 70.09 1.59e-19 0.87548
64925 15.00 71.00 1.58e-19 0.87490
64922 5.86 70.77 1.58e-19 0.87464
64439 54.68 50.43 1.16e-19 0.97080
64445 61.37 46.31 9.80e-20 1.02472
64442 58.18 48.44 1.07e-19 0.99553
63119 -95.35 67.98 1.08e-19 0.99260
63125 -90.61 68.69 1.13e-19 0.97865
63377 68.74 63.99 1.39e-19 0.91564
64544 53.49 54.84 1.29e-19 0.93785
64187 23.29 43.52 1.10e-19 0.98790
64325 -18.58 49.61 1.18e-19 0.96589
63776 -159.50 74.00 1.06e-19 0.99999
64181 15.00 44.00 1.12e-19 0.98116
64178 10.84 43.88 1.12e-19 0.98285
64184 19.16 43.88 1.12e-19 0.98285
64013 -159.50 88.00 1.45e-19 0.90286
64250 37.26 46.89 1.16e-19 0.97072
64253 41.20 45.58 1.10e-19 0.98771
64073 20.50 54.00 1.41e-19 0.91268
64070 20.50 56.00 1.45e-19 0.90345
65246 94.74 71.70 1.37e-19 0.92194
65492 179.69 78.56 1.21e-19 0.95738
65243 91.92 74.59 1.42e-19 0.90910
65495 166.50 77.35 1.20e-19 0.96211
64076 20.50 52.00 1.36e-19 0.92335
65240 87.99 77.44 1.47e-19 0.89921
64208 23.74 46.51 1.20e-19 0.96213
64457 -27.42 52.92 1.21e-19 0.95739
65177 81.53 73.61 1.46e-19 0.90124
64166 11.03 40.88 1.02e-19 1.01257
64163 15.00 38.00 9.20e-20 1.04537
65171 67.87 78.68 1.54e-19 0.88527
64094 20.50 40.00 9.86e-20 1.02283
65174 75.89 76.23 1.51e-19 0.89194
64160 15.00 35.00 8.16e-20 1.08570
65387 -90.51 65.03 1.03e-19 1.00883
63257 -9.72 54.13 1.36e-19 0.92404
65297 96.36 83.93 1.49e-19 0.89584
63251 -11.73 55.69 1.38e-19 0.91794
65381 113.36 62.69 1.01e-19 1.01420
65384 113.42 59.64 9.20e-20 1.04546
65357 139.00 86.38 1.45e-19 0.90402
65348 -94.24 83.64 1.43e-19 0.90746
65351 -109.00 86.38 1.45e-19 0.90402
64091 20.50 42.00 1.05e-19 1.00141
65354 -165.00 88.00 1.45e-19 0.90289
63179 -48.39 68.69 1.41e-19 0.91151
63185 -43.65 67.98 1.43e-19 0.90781
63323 105.02 69.92 1.27e-19 0.94482
65342 -86.22 77.76 1.37e-19 0.92189
65345 -88.82 80.73 1.40e-19 0.91338
65339 -84.82 74.77 1.31e-19 0.93329
65045 15.00 77.00 1.58e-19 0.87490
65042 1.88 76.67 1.58e-19 0.87464
65039 -10.07 75.72 1.59e-19 0.87548
63407 54.89 57.20 1.34e-19 0.92663
65423 129.24 76.82 1.29e-19 0.93791
64823 52.08 59.16 1.40e-19 0.91331
65489 -165.00 79.00 1.22e-19 0.95599
64820 47.07 60.82 1.46e-19 0.90118
64967 -29.19 68.20 1.51e-19 0.89166
64964 -34.69 66.09 1.45e-19 0.90286
63401 57.23 58.68 1.36e-19 0.92267
63095 40.40 47.00 1.15e-19 0.97413
64961 -39.32 63.82 1.39e-19 0.91718
64958 -43.24 61.42 1.31e-19 0.93477
64826 56.57 57.31 1.33e-19 0.92864
65063 70.62 68.01 1.45e-19 0.90402
65126 84.80 64.32 1.28e-19 0.94033
65060 65.21 70.32 1.50e-19 0.89273
65123 81.58 67.01 1.36e-19 0.92219
65066 75.03 65.56 1.38e-19 0.91839
65120 77.61 69.63 1.43e-19 0.90747
64592 57.42 52.92 1.21e-19 0.95739
64499 49.14 56.59 1.37e-19 0.92187
65519 -154.87 72.69 1.02e-19 1.01244
65522 -165.00 73.00 1.02e-19 1.01076
65525 -175.13 72.69 1.02e-19 1.01244
63293 -0.15 44.10 1.10e-19 0.98757
64055 20.50 64.00 1.57e-19 0.87972
64052 20.50 66.00 1.58e-19 0.87687
64466 -14.37 58.15 1.42e-19 0.90912
64049 20.50 68.00 1.59e-19 0.87519
64463 -19.14 56.59 1.37e-19 0.92187
64460 -23.49 54.84 1.29e-19 0.93785
64889 60.17 59.65 1.36e-19 0.92223
64895 67.82 55.26 1.20e-19 0.96197
64892 64.24 57.52 1.28e-19 0.94027
65225 -22.03 85.01 1.55e-19 0.88430
64376 58.87 43.83 9.20e-20 1.04547
64004 -159.50 82.00 1.31e-19 0.93463
64370 52.30 47.83 1.10e-19 0.98765
64007 -159.50 84.00 1.36e-19 0.92256
64373 55.72 45.90 1.01e-19 1.01405
64229 5.74 49.49 1.28e-19 0.94032
64235 15.00 50.00 1.31e-19 0.93479
64232 10.34 49.87 1.30e-19 0.93612
64109 -154.30 85.50 1.40e-19 0.91427
64115 -154.30 83.50 1.35e-19 0.92508
64112 -154.30 84.50 1.38e-19 0.91949
63809 -159.50 76.00 1.13e-19 0.98084
64283 15.00 53.00 1.39e-19 0.91719
64280 10.03 52.87 1.38e-19 0.91850
64286 19.97 52.87 1.38e-19 0.91850
65312 105.25 69.00 1.24e-19 0.95022
65315 106.03 66.00 1.16e-19 0.97087
65309 104.36 72.00 1.31e-19 0.93333
65306 103.29 74.99 1.38e-19 0.91969
65198 -70.10 62.89 1.13e-19 0.98067
65201 -68.64 65.84 1.21e-19 0.95735
65204 -66.90 68.78 1.29e-19 0.93793
65207 -64.74 71.70 1.37e-19 0.92194
65300 99.91 80.96 1.46e-19 0.90122
65303 101.91 77.98 1.42e-19 0.90911
65078 -54.80 64.32 1.28e-19 0.94033
65081 -51.58 67.01 1.36e-19 0.92219
65411 -165.00 85.00 1.39e-19 0.91719
65084 -47.61 69.63 1.43e-19 0.90747
65087 -42.61 72.15 1.49e-19 0.89583
64859 -7.85 66.25 1.56e-19 0.88096
64865 7.04 67.80 1.59e-19 0.87548
65417 145.34 82.12 1.36e-19 0.92225
63329 99.62 69.66 1.30e-19 0.93769
63335 94.39 69.25 1.32e-19 0.93176
63449 43.95 47.55 1.15e-19 0.97480
63455 42.51 45.84 1.10e-19 0.98768
64994 52.64 70.09 1.55e-19 0.88336
64988 35.87 72.94 1.59e-19 0.87505
64991 44.88 71.70 1.58e-19 0.87787
63215 -24.50 62.76 1.46e-19 0.90210
65153 -37.87 78.68 1.54e-19 0.88527
64997 59.19 68.20 1.51e-19 0.89166
63209 -27.74 63.99 1.46e-19 0.90162
64934 40.90 69.01 1.57e-19 0.87858
64016 14.04 90.00 1.49e-19 0.89509
64931 32.88 70.09 1.59e-19 0.87548
63431 48.85 52.53 1.26e-19 0.94525
64928 24.14 70.77 1.58e-19 0.87464
64010 -159.50 86.00 1.41e-19 0.91199
63473 -159.50 70.00 9.21e-20 1.04484
64937 48.05 67.59 1.55e-19 0.88428
63437 47.11 50.90 1.23e-19 0.95376
65132 -65.42 59.53 1.07e-19 0.99627
65135 -63.62 62.41 1.17e-19 0.96964
65129 87.47 61.57 1.20e-19 0.96204
64772 64.20 48.66 1.03e-19 1.00845
64775 -37.39 50.87 1.07e-19 0.99646
64415 15.00 59.00 1.51e-19 0.89169
64412 9.19 58.85 1.50e-19 0.89272
64409 3.49 58.40 1.49e-19 0.89585
63137 -80.38 69.66 1.22e-19 0.95456
63131 -85.61 69.25 1.18e-19 0.96588
64316 -22.30 47.83 1.10e-19 0.98765
64313 -25.72 45.90 1.01e-19 1.01405
64310 -28.87 43.83 9.20e-20 1.04547
63155 -64.02 69.92 1.34e-19 0.92830
63149 -69.50 70.00 1.30e-19 0.93590
64259 -20.22 45.15 1.03e-19 1.00885
64265 -12.75 48.42 1.18e-19 0.96588
64262 -16.62 46.88 1.11e-19 0.98541
65327 -83.36 62.69 1.01e-19 1.01420
57281 15.00 -74.00 3.82e-20 0.03819
64100 -154.30 88.50 1.47e-19 0.90072
64103 -154.30 87.50 1.45e-19 0.90489
65237 82.04 80.22 1.51e-19 0.89195
65234 71.87 82.83 1.53e-19 0.88706
64106 -154.30 86.50 1.42e-19 0.90940
65231 52.03 85.01 1.55e-19 0.88430
65228 15.00 86.00 1.55e-19 0.88338
65267 -76.03 66.00 1.16e-19 0.97087
64088 20.50 44.00 1.12e-19 0.98211
64193 2.01 45.89 1.17e-19 0.96962
64190 -2.11 45.05 1.13e-19 0.98081
64157 -154.30 77.50 1.18e-19 0.96701
64154 -154.30 71.50 9.77e-20 1.02563
64151 -154.30 72.50 1.01e-19 1.01453
64148 -154.30 73.50 1.05e-19 1.00399
64196 6.26 46.51 1.20e-19 0.96213
64982 15.00 74.00 1.56e-19 0.87740
64985 25.77 73.73 1.58e-19 0.87490
65369 114.82 74.77 1.31e-19 0.93329
64979 4.23 73.73 1.58e-19 0.87490
65375 113.60 68.75 1.18e-19 0.96594
65372 114.03 71.77 1.25e-19 0.94795
65366 116.22 77.76 1.37e-19 0.92189
65360 124.24 83.64 1.43e-19 0.90746
65363 118.82 80.73 1.40e-19 0.91338
65459 174.45 81.43 1.30e-19 0.93622
65462 158.42 79.90 1.28e-19 0.94030
65465 147.41 77.77 1.26e-19 0.94735
63173 -53.39 69.25 1.39e-19 0.91609
65036 -20.23 74.26 1.57e-19 0.87858
65270 -75.25 69.00 1.24e-19 0.95022
65273 -74.36 72.00 1.31e-19 0.93333
64952 71.94 57.20 1.21e-19 0.95746
65276 -73.29 74.99 1.38e-19 0.91969
65030 -35.21 70.32 1.50e-19 0.89273
65033 -28.52 72.43 1.55e-19 0.88429
64808 22.07 64.82 1.57e-19 0.87859
64811 28.94 64.29 1.56e-19 0.88095
65501 148.54 73.33 1.13e-19 0.98071
63353 80.22 67.15 1.38e-19 0.91970
64817 41.53 62.26 1.51e-19 0.89198
63005 15.00 -90.00 6.90e-20 0.06901
63389 62.51 61.46 1.39e-19 0.91731
62999 15.00 -74.00 3.82e-20 0.03819
63395 59.77 60.10 1.38e-19 0.91951
65507 -152.81 75.64 1.12e-19 0.98270
65054 50.23 74.26 1.57e-19 0.87858
65096 -16.27 78.38 1.58e-19 0.87721
65051 40.07 75.72 1.59e-19 0.87548
65048 28.12 76.67 1.58e-19 0.87464
65090 -36.13 74.51 1.53e-19 0.88705
65093 -27.58 76.63 1.56e-19 0.88094
65057 58.52 72.43 1.55e-19 0.88429
64496 44.37 58.15 1.42e-19 0.90912
64490 33.56 60.56 1.51e-19 0.89197
64493 39.17 59.48 1.47e-19 0.89920
63017 15.00 -90.00 6.90e-20 0.06901
63305 121.38 69.66 1.16e-19 0.97247
63011 15.00 -74.00 3.82e-20 0.03819
63299 126.61 69.25 1.11e-19 0.98433
64058 20.50 62.00 1.55e-19 0.88376
64061 20.50 60.00 1.52e-19 0.88904
64067 20.50 58.00 1.49e-19 0.89559
64802 7.93 64.82 1.57e-19 0.87859
64805 15.00 65.00 1.58e-19 0.87787
64799 1.06 64.29 1.56e-19 0.88095
64907 -29.72 63.95 1.45e-19 0.90404
64904 -34.39 61.83 1.38e-19 0.91840
64898 -41.94 57.20 1.21e-19 0.95746
64901 -38.43 59.57 1.30e-19 0.93609
64829 60.59 55.29 1.25e-19 0.94726
64379 -31.37 46.31 9.80e-20 1.02472
64367 48.58 49.61 1.18e-19 0.96589
64364 44.55 51.21 1.25e-19 0.94792
64361 40.23 52.61 1.31e-19 0.93330
64358 35.61 53.80 1.37e-19 0.92198
63371 72.27 65.14 1.39e-19 0.91612
63101 -146.50 74.10 1.08e-19 0.99512
63107 41.70 76.00 1.58e-19 0.87579
63968 -159.50 80.00 1.25e-19 0.94829
64343 9.65 55.86 1.45e-19 0.90405
63365 76.09 66.19 1.39e-19 0.91740
64247 33.10 47.99 1.21e-19 0.95744
64340 4.38 55.44 1.43e-19 0.90753
64244 28.75 48.86 1.26e-19 0.94738
64238 19.66 49.87 1.30e-19 0.93612
64346 15.00 56.00 1.45e-19 0.90289
64241 24.26 49.49 1.28e-19 0.94032
64268 -8.62 49.77 1.24e-19 0.95024
64271 -4.25 50.90 1.29e-19 0.93781
64274 0.34 51.81 1.33e-19 0.92867
64277 5.12 52.47 1.36e-19 0.92228
65264 -76.74 62.99 1.07e-19 0.99552
65261 -77.40 59.97 9.80e-20 1.02471
65258 101.35 59.93 1.03e-19 1.00844
65324 -83.42 59.64 9.20e-20 1.04546
65321 107.40 59.97 9.80e-20 1.02471
65318 106.74 62.99 1.07e-19 0.99552
64145 -154.30 74.50 1.08e-19 0.99399
65189 93.62 62.41 1.17e-19 0.96964
65195 -71.35 59.93 1.03e-19 1.00844
64139 -154.30 76.50 1.14e-19 0.97552
65441 -105.01 72.61 1.16e-19 0.97080
65438 -101.49 69.80 1.10e-19 0.98779
65444 -110.04 75.29 1.21e-19 0.95738
65447 -117.41 77.77 1.26e-19 0.94735
63341 89.39 68.69 1.34e-19 0.92682
63347 84.65 67.98 1.36e-19 0.92277
65018 -45.03 65.56 1.38e-19 0.91839
65027 -40.62 68.01 1.45e-19 0.90402
65159 -8.31 82.40 1.57e-19 0.87858
63239 -16.23 58.68 1.43e-19 0.90884
63245 -13.89 57.20 1.41e-19 0.91279
65165 38.31 82.40 1.57e-19 0.87858
63419 50.72 54.13 1.29e-19 0.93801
64943 59.72 63.95 1.45e-19 0.90404
64946 64.39 61.83 1.38e-19 0.91840
64847 -30.17 59.65 1.36e-19 0.92223
65141 -58.92 68.10 1.33e-19 0.92861
65138 -61.49 65.27 1.25e-19 0.94728
64838 67.39 50.87 1.07e-19 0.99646
64841 -37.82 55.26 1.20e-19 0.96197
64844 -34.24 57.52 1.28e-19 0.94027
64478 8.63 61.84 1.55e-19 0.88430
64481 15.00 62.00 1.55e-19 0.88338
64484 21.37 61.84 1.55e-19 0.88430
64487 27.59 61.35 1.53e-19 0.88706
64421 26.51 58.40 1.49e-19 0.89585
64424 32.00 57.66 1.46e-19 0.90122
64853 -20.33 63.41 1.49e-19 0.89582
64850 -25.56 61.63 1.43e-19 0.90754
64856 -14.43 64.97 1.53e-19 0.88708
63143 -74.98 69.92 1.27e-19 0.94476
64307 50.22 45.15 1.03e-19 1.00885
64298 38.62 49.77 1.24e-19 0.95024
64301 42.75 48.42 1.18e-19 0.96588
64304 46.62 46.88 1.11e-19 0.98541
64874 30.65 67.20 1.58e-19 0.87721
64868 15.00 68.00 1.59e-19 0.87505
64871 22.96 67.80 1.59e-19 0.87548
64877 37.85 66.25 1.56e-19 0.88096
64022 20.50 86.00 1.55e-19 0.88344
64025 20.50 84.00 1.57e-19 0.87948
64397 -16.66 53.94 1.31e-19 0.93339
64019 20.50 88.00 1.52e-19 0.88863
64394 -20.85 52.27 1.24e-19 0.95022
64388 -28.18 48.44 1.07e-19 0.99553
64391 -24.68 50.43 1.16e-19 0.97080
64214 32.11 45.05 1.13e-19 0.98081
64097 -154.30 89.50 1.48e-19 0.89689
64211 27.99 45.89 1.17e-19 0.96962
65219 -52.04 80.22 1.51e-19 0.89195
64217 -11.20 45.58 1.10e-19 0.98771
65222 -41.87 82.83 1.53e-19 0.88706
64427 37.23 56.66 1.42e-19 0.90914
64199 10.61 46.88 1.21e-19 0.95759
64202 15.00 47.00 1.22e-19 0.95599
64205 19.39 46.88 1.21e-19 0.95759
64976 -5.87 72.94 1.59e-19 0.87505
64973 -14.88 71.70 1.58e-19 0.87787
64970 -22.64 70.09 1.55e-19 0.88336
65450 -128.42 79.90 1.28e-19 0.94030
65453 -144.45 81.43 1.30e-19 0.93622
65162 15.00 83.00 1.58e-19 0.87787
63203 -31.27 65.14 1.46e-19 0.90193
65279 -71.91 77.98 1.42e-19 0.90911
65285 -66.36 83.93 1.49e-19 0.89584
65282 -69.91 80.96 1.46e-19 0.90122
65471 135.01 72.61 1.16e-19 0.97080
65468 140.04 75.29 1.21e-19 0.95738
65474 131.49 69.80 1.10e-19 0.98779
65477 -118.54 73.33 1.13e-19 0.98071
62993 15.00 -90.00 6.90e-20 0.06901
64940 54.30 65.88 1.50e-19 0.89269
65099 -1.81 79.57 1.59e-19 0.87548
65105 31.81 79.57 1.59e-19 0.87548
65102 15.00 80.00 1.59e-19 0.87505
64688 60.98 50.85 1.13e-19 0.98068
65405 -115.34 82.12 1.36e-19 0.92225
65402 -105.13 79.58 1.33e-19 0.92866
65399 -99.24 76.82 1.29e-19 0.93791
63269 -6.11 50.90 1.29e-19 0.93966
63275 -4.48 49.24 1.25e-19 0.94942
64037 20.50 76.00 1.58e-19 0.87516
64034 20.50 78.00 1.58e-19 0.87464
64028 20.50 82.00 1.58e-19 0.87671
64031 20.50 80.00 1.59e-19 0.87511
64916 -10.90 69.01 1.57e-19 0.87858
64793 -11.53 62.26 1.51e-19 0.89198
64790 -17.07 60.82 1.46e-19 0.90118
64910 -24.30 65.88 1.50e-19 0.89269
64913 -18.05 67.59 1.55e-19 0.88428
64796 -5.47 63.42 1.54e-19 0.88526
65144 -55.70 70.89 1.40e-19 0.91341
64430 42.12 55.41 1.38e-19 0.91976
64433 46.66 53.94 1.31e-19 0.93339
64349 20.35 55.86 1.45e-19 0.90405
64352 25.62 55.44 1.43e-19 0.90753
64355 30.72 54.74 1.40e-19 0.91333
63383 65.50 62.76 1.39e-19 0.91600
63113 -138.30 76.00 1.15e-19 0.97382
64436 50.85 52.27 1.24e-19 0.95022
64334 -5.61 53.80 1.37e-19 0.92198
65504 -141.78 74.62 1.10e-19 0.98769
64331 -10.23 52.61 1.31e-19 0.93330
64328 -14.55 51.21 1.25e-19 0.94792
64169 15.00 41.00 1.02e-19 1.01076
64172 18.97 40.88 1.02e-19 1.01257
64175 6.71 43.52 1.10e-19 0.98790
64337 -0.72 54.74 1.40e-19 0.91333
64814 35.47 63.42 1.54e-19 0.88526
65147 -51.53 73.61 1.46e-19 0.90124
65249 96.90 68.78 1.29e-19 0.93793
64085 20.50 46.00 1.19e-19 0.96480
65336 -84.03 71.77 1.25e-19 0.94795
65252 98.64 65.84 1.21e-19 0.95735
65255 100.10 62.89 1.13e-19 0.98067
65330 -83.40 65.72 1.10e-19 0.98777
65333 -83.60 68.75 1.18e-19 0.96594
64418 20.81 58.85 1.50e-19 0.89272
64133 -154.30 79.50 1.24e-19 0.95135
65186 91.49 65.27 1.25e-19 0.94728
64136 -154.30 78.50 1.21e-19 0.95896
65183 88.92 68.10 1.33e-19 0.92861
65180 85.70 70.89 1.40e-19 0.91341
65192 95.42 59.53 1.07e-19 0.99627
65414 164.13 84.15 1.38e-19 0.91851
65432 121.61 68.04 1.11e-19 0.98530
65435 120.51 65.03 1.03e-19 1.00883
63263 -7.85 52.53 1.32e-19 0.93122
65429 123.21 71.02 1.18e-19 0.96600
65408 -134.13 84.15 1.38e-19 0.91851
63317 110.50 70.00 1.23e-19 0.95285
63311 115.98 69.92 1.20e-19 0.96220
65009 76.59 58.92 1.22e-19 0.95588
65015 -48.69 63.02 1.30e-19 0.93622
65012 -51.77 60.39 1.21e-19 0.95742
65528 -165.00 70.00 9.20e-20 1.04537
65531 -165.00 67.00 8.16e-20 1.08570
63413 52.73 55.69 1.32e-19 0.93184
64955 -46.59 58.92 1.22e-19 0.95588
64949 68.43 59.57 1.30e-19 0.93609
65111 57.58 76.63 1.56e-19 0.88094
65168 55.98 80.83 1.56e-19 0.88093
65108 46.27 78.38 1.58e-19 0.87721
65114 66.13 74.51 1.53e-19 0.88705
65117 72.61 72.15 1.49e-19 0.89583
64862 -0.65 67.20 1.58e-19 0.87721
64835 64.18 53.14 1.17e-19 0.96980
65456 -165.00 82.00 1.31e-19 0.93479
64469 -9.17 59.48 1.47e-19 0.89920
64475 2.41 61.35 1.53e-19 0.88706
64472 -3.56 60.56 1.51e-19 0.89197
65513 -177.19 75.64 1.12e-19 0.98270
65510 -165.00 76.00 1.12e-19 0.98116
65516 171.78 74.62 1.10e-19 0.98769
64451 -34.20 48.66 1.03e-19 1.00845
64454 -30.98 50.85 1.13e-19 0.98068
63905 -159.50 78.00 1.19e-19 0.96366
64289 24.88 52.47 1.36e-19 0.92228
64295 34.25 50.90 1.29e-19 0.93781
64292 29.66 51.81 1.33e-19 0.92867
64883 50.33 63.41 1.49e-19 0.89582
64880 44.43 64.97 1.53e-19 0.88708
65498 156.21 75.54 1.17e-19 0.96971
63584 -159.50 72.00 9.91e-20 1.02126
64886 55.56 61.63 1.43e-19 0.90754
64406 -2.00 57.66 1.46e-19 0.90122
65378 113.40 65.72 1.10e-19 0.98777
64403 -7.23 56.66 1.42e-19 0.90914
64400 -12.12 55.41 1.38e-19 0.91976
64223 -3.10 47.99 1.21e-19 0.95744
64220 -7.26 46.89 1.16e-19 0.97072
64118 -154.30 82.50 1.32e-19 0.93105
64121 -154.30 81.50 1.30e-19 0.93741
64226 1.25 48.86 1.26e-19 0.94738
64124 -154.30 80.50 1.27e-19 0.94417
63161 -58.62 69.66 1.37e-19 0.92163
