65006 73.24 61.42 5.59e-20 0.81055
65000 64.69 66.09 6.40e-20 0.79360
65003 69.32 63.82 6.04e-20 0.80494
63197 -35.09 66.19 6.40e-20 0.79376
64142 -154.30 75.50 4.44e-20 0.80362
63191 -39.22 67.15 6.35e-20 0.79588
65213 -57.99 77.44 6.49e-20 0.78914
65210 -61.92 74.59 6.25e-20 0.79956
65294 86.94 86.84 6.63e-20 0.77878
65291 15.00 89.00 6.65e-20 0.77678
65288 -56.94 86.84 6.63e-20 0.77878
65075 -57.47 61.57 4.94e-20 0.80954
65072 81.77 60.39 5.04e-20 0.81018
65486 -149.69 78.56 5.04e-20 0.81014
65069 78.69 63.02 5.56e-20 0.81083
65420 135.13 79.58 5.75e-20 0.80937
62981 15.00 -90.00 -2.78e-20 -0.02783
65483 -136.50 77.35 4.94e-20 0.80962
65156 -25.98 80.83 6.81e-20 0.74476
65426 125.59 73.95 5.21e-20 0.81105
65480 -126.21 75.54 4.76e-20 0.80788
63281 -2.95 47.55 4.97e-20 0.80969
63287 -1.51 45.84 4.68e-20 0.80707
65150 -45.89 76.23 6.65e-20 0.77729
65390 -91.61 68.04 4.43e-20 0.80332
63227 -18.77 60.10 6.33e-20 0.79654
65393 -93.21 71.02 4.85e-20 0.80887
65396 -95.59 73.95 5.21e-20 0.81105
63221 -21.51 61.46 6.39e-20 0.79426
63443 45.48 49.24 4.90e-20 0.80916
64046 20.50 70.00 6.56e-20 0.67674
64082 20.50 48.00 5.23e-20 0.81109
64043 20.50 72.00 6.39e-20 0.65490
64040 20.50 74.00 6.28e-20 0.64146
64781 -30.59 55.29 5.28e-20 0.81112
64778 -34.18 53.14 4.76e-20 0.80799
64784 -26.57 57.31 5.75e-20 0.80936
64079 20.50 50.00 5.57e-20 0.81067
64787 -22.08 59.16 6.14e-20 0.80261
64919 -2.88 70.09 6.72e-20 0.70385
64925 15.00 71.00 6.44e-20 0.66037
64922 5.86 70.77 6.55e-20 0.67557
64439 54.68 50.43 4.74e-20 0.80765
64445 61.37 46.31 3.68e-20 0.78714
64442 58.18 48.44 4.22e-20 0.79984
63119 -95.35 67.98 4.28e-20 0.80076
63125 -90.61 68.69 4.57e-20 0.80563
63377 68.74 63.99 6.08e-20 0.80408
64544 53.49 54.84 5.51e-20 0.81088
64187 23.29 43.52 4.37e-20 0.80259
64325 -18.58 49.61 4.85e-20 0.80873
63776 -159.50 74.00 4.13e-20 0.79794
64181 15.00 44.00 4.51e-20 0.80470
64178 10.84 43.88 4.48e-20 0.80421
64184 19.16 43.88 4.48e-20 0.80421
64013 -159.50 88.00 6.40e-20 0.79359
64250 37.26 46.89 4.74e-20 0.80755
64253 41.20 45.58 4.37e-20 0.80236
64073 20.50 54.00 6.16e-20 0.80223
64070 20.50 56.00 6.39e-20 0.79424
65246 94.74 71.70 5.92e-20 0.80719
65492 179.69 78.56 5.04e-20 0.81014
65243 91.92 74.59 6.25e-20 0.79956
65495 166.50 77.35 4.94e-20 0.80962
64076 20.50 52.00 5.88e-20 0.80771
65240 87.99 77.44 6.49e-20 0.78914
64208 23.74 46.51 4.94e-20 0.80965
64457 -27.42 52.92 5.04e-20 0.81028
65177 81.53 73.61 6.44e-20 0.79172
64166 11.03 40.88 3.90e-20 0.79260
64163 15.00 38.00 3.35e-20 0.77698
65171 67.87 78.68 6.76e-20 0.76089
64094 20.50 40.00 3.71e-20 0.78799
65174 75.89 76.23 6.65e-20 0.77729
64160 15.00 35.00 2.78e-20 0.75570
65387 -90.51 65.03 3.96e-20 0.79414
63257 -9.72 54.13 5.87e-20 0.80800
65297 96.36 83.93 6.57e-20 0.78421
63251 -11.73 55.69 6.02e-20 0.80537
65381 113.36 62.69 3.87e-20 0.79208
65384 113.42 59.64 3.35e-20 0.77709
65357 139.00 86.38 6.37e-20 0.79485
65348 -94.24 83.64 6.29e-20 0.79816
65351 -109.00 86.38 6.37e-20 0.79485
64091 20.50 42.00 4.10e-20 0.79737
65354 -165.00 88.00 6.40e-20 0.79363
63179 -48.39 68.69 6.19e-20 0.80142
63185 -43.65 67.98 6.28e-20 0.79847
63323 105.02 69.92 5.35e-20 0.81132
65342 -86.22 77.76 5.92e-20 0.80712
65345 -88.82 80.73 6.14e-20 0.80269
65339 -84.82 74.77 5.63e-20 0.81031
65045 15.00 77.00 6.44e-20 0.66037
65042 1.88 76.67 6.55e-20 0.67559
65039 -10.07 75.72 6.72e-20 0.70384
63407 54.89 57.20 5.80e-20 0.80876
65423 129.24 76.82 5.52e-20 0.81095
64823 52.08 59.16 6.14e-20 0.80261
65489 -165.00 79.00 5.08e-20 0.81047
64820 47.07 60.82 6.44e-20 0.79166
64967 -29.19 68.20 6.65e-20 0.77676
64964 -34.69 66.09 6.40e-20 0.79360
63401 57.23 58.68 5.90e-20 0.80750
63095 40.40 47.00 4.66e-20 0.80676
64961 -39.32 63.82 6.04e-20 0.80494
64958 -43.24 61.42 5.59e-20 0.81055
64826 56.57 57.31 5.75e-20 0.80936
65063 70.62 68.01 6.37e-20 0.79485
65126 84.80 64.32 5.46e-20 0.81117
65060 65.21 70.32 6.63e-20 0.77879
65123 81.58 67.01 5.91e-20 0.80725
65066 75.03 65.56 6.01e-20 0.80555
65120 77.61 69.63 6.29e-20 0.79817
64592 57.42 52.92 5.04e-20 0.81028
64499 49.14 56.59 5.92e-20 0.80710
65519 -154.87 72.69 3.89e-20 0.79244
65522 -165.00 73.00 3.93e-20 0.79344
65525 -175.13 72.69 3.89e-20 0.79244
63293 -0.15 44.10 4.38e-20 0.80269
64055 20.50 64.00 6.81e-20 0.73878
64052 20.50 66.00 6.78e-20 0.71964
64466 -14.37 58.15 6.25e-20 0.79957
64049 20.50 68.00 6.69e-20 0.69880
64463 -19.14 56.59 5.92e-20 0.80710
64460 -23.49 54.84 5.51e-20 0.81088
64889 60.17 59.65 5.91e-20 0.80729
64895 67.82 55.26 4.93e-20 0.80946
64892 64.24 57.52 5.46e-20 0.81110
65225 -22.03 85.01 6.78e-20 0.75773
64376 58.87 43.83 3.35e-20 0.77710
64004 -159.50 82.00 5.60e-20 0.81055
64370 52.30 47.83 4.37e-20 0.80229
64007 -159.50 84.00 5.90e-20 0.80741
64373 55.72 45.90 3.87e-20 0.79191
64229 5.74 49.49 5.46e-20 0.81115
64235 15.00 50.00 5.59e-20 0.81057
64232 10.34 49.87 5.56e-20 0.81071
64109 -154.30 85.50 6.12e-20 0.80326
64115 -154.30 83.50 5.84e-20 0.80832
64112 -154.30 84.50 5.98e-20 0.80610
63809 -159.50 76.00 4.52e-20 0.80480
64283 15.00 53.00 6.04e-20 0.80495
64280 10.03 52.87 6.01e-20 0.80567
64286 19.97 52.87 6.01e-20 0.80567
65312 105.25 69.00 5.21e-20 0.81103
65315 106.03 66.00 4.74e-20 0.80772
65309 104.36 72.00 5.63e-20 0.81036
65306 103.29 74.99 5.98e-20 0.80618
65198 -70.10 62.89 4.52e-20 0.80471
65201 -68.64 65.84 5.04e-20 0.81023
65204 -66.90 68.78 5.52e-20 0.81096
65207 -64.74 71.70 5.92e-20 0.80719
65300 99.91 80.96 6.44e-20 0.79169
65303 101.91 77.98 6.25e-20 0.79956
65078 -54.80 64.32 5.46e-20 0.81117
65081 -51.58 67.01 5.91e-20 0.80725
65411 -165.00 85.00 6.04e-20 0.80495
65084 -47.61 69.63 6.29e-20 0.79817
65087 -42.61 72.15 6.57e-20 0.78421
64859 -7.85 66.25 6.81e-20 0.74476
64865 7.04 67.80 6.72e-20 0.70383
65417 145.34 82.12 5.91e-20 0.80732
63329 99.62 69.66 5.52e-20 0.81088
63335 94.39 69.25 5.67e-20 0.81006
63449 43.95 47.55 4.65e-20 0.80646
63455 42.51 45.84 4.38e-20 0.80266
64994 52.64 70.09 6.79e-20 0.75462
64988 35.87 72.94 6.68e-20 0.69594
64991 44.88 71.70 6.80e-20 0.72754
63215 -24.50 62.76 6.42e-20 0.79274
65153 -37.87 78.68 6.76e-20 0.76089
64997 59.19 68.20 6.65e-20 0.77676
63209 -27.74 63.99 6.43e-20 0.79217
64934 40.90 69.01 6.80e-20 0.73233
64016 14.04 90.00 6.58e-20 0.78300
64931 32.88 70.09 6.72e-20 0.70385
63431 48.85 52.53 5.33e-20 0.81119
64928 24.14 70.77 6.55e-20 0.67557
64010 -159.50 86.00 6.17e-20 0.80175
63473 -159.50 70.00 3.35e-20 0.77725
64937 48.05 67.59 6.78e-20 0.75772
63437 47.11 50.90 5.13e-20 0.81065
65132 -65.42 59.53 4.20e-20 0.79934
65135 -63.62 62.41 4.76e-20 0.80779
65129 87.47 61.57 4.94e-20 0.80954
64772 64.20 48.66 3.97e-20 0.79436
64775 -37.39 50.87 4.20e-20 0.79957
64415 15.00 59.00 6.65e-20 0.77678
64412 9.19 58.85 6.63e-20 0.77878
64409 3.49 58.40 6.57e-20 0.78423
63137 -80.38 69.66 5.11e-20 0.81051
63131 -85.61 69.25 4.85e-20 0.80870
64316 -22.30 47.83 4.37e-20 0.80229
64313 -25.72 45.90 3.87e-20 0.79191
64310 -28.87 43.83 3.35e-20 0.77710
63155 -64.02 69.92 5.76e-20 0.80933
63149 -69.50 70.00 5.57e-20 0.81072
64259 -20.22 45.15 3.96e-20 0.79416
64265 -12.75 48.42 4.85e-20 0.80872
64262 -16.62 46.88 4.43e-20 0.80345
65327 -83.36 62.69 3.87e-20 0.79208
57281 15.00 -74.00 -7.47e-21 -0.00747
64100 -154.30 88.50 6.45e-20 0.79108
64103 -154.30 87.50 6.35e-20 0.79574
65237 82.04 80.22 6.65e-20 0.77730
65234 71.87 82.83 6.74e-20 0.76602
64106 -154.30 86.50 6.24e-20 0.79980
65231 52.03 85.01 6.78e-20 0.75773
65228 15.00 86.00 6.79e-20 0.75463
65267 -76.03 66.00 4.74e-20 0.80772
64088 20.50 44.00 4.49e-20 0.80440
64193 2.01 45.89 4.76e-20 0.80777
64190 -2.11 45.05 4.52e-20 0.80488
64157 -154.30 77.50 4.82e-20 0.80852
64154 -154.30 71.50 3.67e-20 0.78668
64151 -154.30 72.50 3.86e-20 0.79178
64148 -154.30 73.50 4.06e-20 0.79631
64196 6.26 46.51 4.94e-20 0.80965
64982 15.00 74.00 6.09e-20 0.62138
64985 25.77 73.73 6.44e-20 0.66038
65369 114.82 74.77 5.63e-20 0.81031
64979 4.23 73.73 6.44e-20 0.66038
65375 113.60 68.75 4.85e-20 0.80879
65372 114.03 71.77 5.27e-20 0.81126
65366 116.22 77.76 5.92e-20 0.80712
65360 124.24 83.64 6.29e-20 0.79816
65363 118.82 80.73 6.14e-20 0.80269
65459 174.45 81.43 5.56e-20 0.81083
65462 158.42 79.90 5.46e-20 0.81113
65465 147.41 77.77 5.28e-20 0.81123
63173 -53.39 69.25 6.07e-20 0.80434
65036 -20.23 74.26 6.80e-20 0.73233
65270 -75.25 69.00 5.21e-20 0.81103
65273 -74.36 72.00 5.63e-20 0.81036
64952 71.94 57.20 5.04e-20 0.81023
65276 -73.29 74.99 5.98e-20 0.80618
65030 -35.21 70.32 6.63e-20 0.77879
65033 -28.52 72.43 6.78e-20 0.75772
64808 22.07 64.82 6.80e-20 0.73233
64811 28.94 64.29 6.81e-20 0.74476
65501 148.54 73.33 4.52e-20 0.80476
63353 80.22 67.15 5.98e-20 0.80623
64817 41.53 62.26 6.65e-20 0.77733
63389 62.51 61.46 6.04e-20 0.80500
63395 59.77 60.10 5.98e-20 0.80611
65507 -152.81 75.64 4.48e-20 0.80403
65054 50.23 74.26 6.80e-20 0.73233
65096 -16.27 78.38 6.78e-20 0.72258
65051 40.07 75.72 6.72e-20 0.70384
65048 28.12 76.67 6.55e-20 0.67559
65090 -36.13 74.51 6.74e-20 0.76602
65093 -27.58 76.63 6.81e-20 0.74476
65057 58.52 72.43 6.78e-20 0.75772
64496 44.37 58.15 6.25e-20 0.79957
64490 33.56 60.56 6.65e-20 0.77732
64493 39.17 59.48 6.49e-20 0.78913
63305 121.38 69.66 4.70e-20 0.80703
63299 126.61 69.25 4.45e-20 0.80361
64058 20.50 62.00 6.78e-20 0.75596
64061 20.50 60.00 6.70e-20 0.77102
64067 20.50 58.00 6.57e-20 0.78381
64802 7.93 64.82 6.80e-20 0.73233
64805 15.00 65.00 6.80e-20 0.72754
64799 1.06 64.29 6.81e-20 0.74476
64907 -29.72 63.95 6.37e-20 0.79487
64904 -34.39 61.83 6.01e-20 0.80556
64898 -41.94 57.20 5.04e-20 0.81023
64901 -38.43 59.57 5.56e-20 0.81068
64829 60.59 55.29 5.28e-20 0.81112
64379 -31.37 46.31 3.68e-20 0.78714
64367 48.58 49.61 4.85e-20 0.80873
64364 44.55 51.21 5.27e-20 0.81122
64361 40.23 52.61 5.63e-20 0.81031
64358 35.61 53.80 5.92e-20 0.80723
63371 72.27 65.14 6.07e-20 0.80436
63101 -146.50 74.10 4.23e-20 0.79984
63107 41.70 76.00 6.74e-20 0.70828
63968 -159.50 80.00 5.26e-20 0.81115
64343 9.65 55.86 6.37e-20 0.79488
64247 33.10 47.99 5.04e-20 0.81034
64340 4.38 55.44 6.29e-20 0.79823
64244 28.75 48.86 5.28e-20 0.81127
64238 19.66 49.87 5.56e-20 0.81071
64346 15.00 56.00 6.40e-20 0.79363
64241 24.26 49.49 5.46e-20 0.81115
64268 -8.62 49.77 5.21e-20 0.81105
64271 -4.25 50.90 5.51e-20 0.81083
64274 0.34 51.81 5.75e-20 0.80939
64277 5.12 52.47 5.91e-20 0.80736
65264 -76.74 62.99 4.22e-20 0.79982
65261 -77.40 59.97 3.68e-20 0.78713
65258 101.35 59.93 3.97e-20 0.79435
65324 -83.42 59.64 3.35e-20 0.77709
65321 107.40 59.97 3.68e-20 0.78713
65318 106.74 62.99 4.22e-20 0.79982
64145 -154.30 74.50 4.25e-20 0.80026
65189 93.62 62.41 4.76e-20 0.80779
65195 -71.35 59.93 3.97e-20 0.79435
64139 -154.30 76.50 4.63e-20 0.80637
65441 -105.01 72.61 4.74e-20 0.80765
65438 -101.49 69.80 4.37e-20 0.80246
65444 -110.04 75.29 5.04e-20 0.81027
65447 -117.41 77.77 5.28e-20 0.81123
63341 89.39 68.69 5.80e-20 0.80889
63347 84.65 67.98 5.90e-20 0.80750
65018 -45.03 65.56 6.01e-20 0.80555
65027 -40.62 68.01 6.37e-20 0.79485
65159 -8.31 82.40 6.80e-20 0.73233
63239 -16.23 58.68 6.26e-20 0.79936
63245 -13.89 57.20 6.15e-20 0.80228
65165 38.31 82.40 6.80e-20 0.73233
63419 50.72 54.13 5.51e-20 0.81099
64943 59.72 63.95 6.37e-20 0.79487
64946 64.39 61.83 6.01e-20 0.80556
64847 -30.17 59.65 5.91e-20 0.80729
65141 -58.92 68.10 5.75e-20 0.80933
65138 -61.49 65.27 5.28e-20 0.81115
64838 67.39 50.87 4.20e-20 0.79957
64841 -37.82 55.26 4.93e-20 0.80946
64844 -34.24 57.52 5.46e-20 0.81110
64478 8.63 61.84 6.78e-20 0.75773
64481 15.00 62.00 6.79e-20 0.75463
64484 21.37 61.84 6.78e-20 0.75773
64487 27.59 61.35 6.74e-20 0.76602
64421 26.51 58.40 6.57e-20 0.78423
64424 32.00 57.66 6.44e-20 0.79170
64853 -20.33 63.41 6.57e-20 0.78420
64850 -25.56 61.63 6.29e-20 0.79824
64856 -14.43 64.97 6.74e-20 0.76604
63143 -74.98 69.92 5.35e-20 0.81133
64307 50.22 45.15 3.96e-20 0.79416
64298 38.62 49.77 5.21e-20 0.81105
64301 42.75 48.42 4.85e-20 0.80872
64304 46.62 46.88 4.43e-20 0.80345
64874 30.65 67.20 6.78e-20 0.72259
64868 15.00 68.00 6.68e-20 0.69595
64871 22.96 67.80 6.72e-20 0.70383
64877 37.85 66.25 6.81e-20 0.74476
64022 20.50 86.00 6.79e-20 0.75483
64025 20.50 84.00 6.81e-20 0.73750
64397 -16.66 53.94 5.63e-20 0.81043
64019 20.50 88.00 6.71e-20 0.77004
64394 -20.85 52.27 5.21e-20 0.81103
64388 -28.18 48.44 4.22e-20 0.79984
64391 -24.68 50.43 4.74e-20 0.80765
64214 32.11 45.05 4.52e-20 0.80488
64097 -154.30 89.50 6.54e-20 0.78584
64211 27.99 45.89 4.76e-20 0.80777
65219 -52.04 80.22 6.65e-20 0.77730
64217 -11.20 45.58 4.37e-20 0.80236
65222 -41.87 82.83 6.74e-20 0.76602
64427 37.23 56.66 6.25e-20 0.79959
64199 10.61 46.88 5.04e-20 0.81038
64202 15.00 47.00 5.08e-20 0.81047
64205 19.39 46.88 5.04e-20 0.81038
64976 -5.87 72.94 6.68e-20 0.69594
64973 -14.88 71.70 6.80e-20 0.72754
64970 -22.64 70.09 6.79e-20 0.75462
65450 -128.42 79.90 5.46e-20 0.81113
65453 -144.45 81.43 5.56e-20 0.81083
65162 15.00 83.00 6.80e-20 0.72754
63203 -31.27 65.14 6.42e-20 0.79253
65279 -71.91 77.98 6.25e-20 0.79956
65285 -66.36 83.93 6.57e-20 0.78421
65282 -69.91 80.96 6.44e-20 0.79169
65471 135.01 72.61 4.74e-20 0.80765
65468 140.04 75.29 5.04e-20 0.81027
65474 131.49 69.80 4.37e-20 0.80246
65477 -118.54 73.33 4.52e-20 0.80476
63365 76.09 66.19 6.03e-20 0.80503
64940 54.30 65.88 6.63e-20 0.77876
65099 -1.81 79.57 6.72e-20 0.70383
65105 31.81 79.57 6.72e-20 0.70383
65102 15.00 80.00 6.68e-20 0.69595
64688 60.98 50.85 4.52e-20 0.80473
65405 -115.34 82.12 5.91e-20 0.80732
65402 -105.13 79.58 5.75e-20 0.80937
65399 -99.24 76.82 5.52e-20 0.81095
63269 -6.11 50.90 5.47e-20 0.81102
63275 -4.48 49.24 5.23e-20 0.81103
64037 20.50 76.00 6.38e-20 0.65349
64034 20.50 78.00 6.55e-20 0.67518
64028 20.50 82.00 6.77e-20 0.71823
64031 20.50 80.00 6.68e-20 0.69729
64916 -10.90 69.01 6.80e-20 0.73233
64793 -11.53 62.26 6.65e-20 0.77733
64790 -17.07 60.82 6.44e-20 0.79166
64910 -24.30 65.88 6.63e-20 0.77876
64913 -18.05 67.59 6.78e-20 0.75772
64796 -5.47 63.42 6.76e-20 0.76088
65144 -55.70 70.89 6.14e-20 0.80273
64430 42.12 55.41 5.98e-20 0.80625
64433 46.66 53.94 5.63e-20 0.81043
64349 20.35 55.86 6.37e-20 0.79488
64352 25.62 55.44 6.29e-20 0.79823
64355 30.72 54.74 6.14e-20 0.80263
63383 65.50 62.76 6.07e-20 0.80427
63113 -138.30 76.00 4.67e-20 0.80684
64436 50.85 52.27 5.21e-20 0.81103
64334 -5.61 53.80 5.92e-20 0.80723
65504 -141.78 74.62 4.37e-20 0.80234
64331 -10.23 52.61 5.63e-20 0.81031
64328 -14.55 51.21 5.27e-20 0.81122
64169 15.00 41.00 3.93e-20 0.79344
64172 18.97 40.88 3.90e-20 0.79260
64175 6.71 43.52 4.37e-20 0.80259
64337 -0.72 54.74 6.14e-20 0.80263
64814 35.47 63.42 6.76e-20 0.76088
65147 -51.53 73.61 6.44e-20 0.79172
65249 96.90 68.78 5.52e-20 0.81096
64085 20.50 46.00 4.87e-20 0.80899
65336 -84.03 71.77 5.27e-20 0.81126
65252 98.64 65.84 5.04e-20 0.81023
65255 100.10 62.89 4.52e-20 0.80471
65330 -83.40 65.72 4.37e-20 0.80243
65333 -83.60 68.75 4.85e-20 0.80879
64418 20.81 58.85 6.63e-20 0.77878
64133 -154.30 79.50 5.19e-20 0.81095
65186 91.49 65.27 5.28e-20 0.81115
64136 -154.30 78.50 5.01e-20 0.81004
65183 88.92 68.10 5.75e-20 0.80933
65180 85.70 70.89 6.14e-20 0.80273
65192 95.42 59.53 4.20e-20 0.79934
65414 164.13 84.15 6.01e-20 0.80567
65432 121.61 68.04 4.43e-20 0.80332
65435 120.51 65.03 3.96e-20 0.79414
63263 -7.85 52.53 5.68e-20 0.80993
65429 123.21 71.02 4.85e-20 0.80887
65408 -134.13 84.15 6.01e-20 0.80567
63317 110.50 70.00 5.15e-20 0.81082
63311 115.98 69.92 4.93e-20 0.80962
65009 76.59 58.92 5.07e-20 0.81033
65015 -48.69 63.02 5.56e-20 0.81083
65012 -51.77 60.39 5.04e-20 0.81018
65528 -165.00 70.00 3.35e-20 0.77698
65531 -165.00 67.00 2.78e-20 0.75570
63413 52.73 55.69 5.67e-20 0.81013
64955 -46.59 58.92 5.07e-20 0.81033
64949 68.43 59.57 5.56e-20 0.81068
65111 57.58 76.63 6.81e-20 0.74476
65168 55.98 80.83 6.81e-20 0.74476
65108 46.27 78.38 6.78e-20 0.72258
65114 66.13 74.51 6.74e-20 0.76602
65117 72.61 72.15 6.57e-20 0.78421
64862 -0.65 67.20 6.78e-20 0.72259
64835 64.18 53.14 4.76e-20 0.80799
65456 -165.00 82.00 5.59e-20 0.81057
64469 -9.17 59.48 6.49e-20 0.78913
64475 2.41 61.35 6.74e-20 0.76602
64472 -3.56 60.56 6.65e-20 0.77732
65513 -177.19 75.64 4.48e-20 0.80403
65510 -165.00 76.00 4.51e-20 0.80470
65516 171.78 74.62 4.37e-20 0.80234
64451 -34.20 48.66 3.97e-20 0.79436
64454 -30.98 50.85 4.52e-20 0.80473
63905 -159.50 78.00 4.90e-20 0.80922
64289 24.88 52.47 5.91e-20 0.80736
64295 34.25 50.90 5.51e-20 0.81083
64292 29.66 51.81 5.75e-20 0.80939
64883 50.33 63.41 6.57e-20 0.78420
64880 44.43 64.97 6.74e-20 0.76604
65498 156.21 75.54 4.76e-20 0.80788
63584 -159.50 72.00 3.74e-20 0.78872
64886 55.56 61.63 6.29e-20 0.79824
64406 -2.00 57.66 6.44e-20 0.79170
65378 113.40 65.72 4.37e-20 0.80243
64403 -7.23 56.66 6.25e-20 0.79959
64400 -12.12 55.41 5.98e-20 0.80625
64223 -3.10 47.99 5.04e-20 0.81034
64220 -7.26 46.89 4.74e-20 0.80755
64118 -154.30 82.50 5.69e-20 0.80992
64121 -154.30 81.50 5.53e-20 0.81089
64226 1.25 48.86 5.28e-20 0.81127
64124 -154.30 80.50 5.36e-20 0.81123
63161 -58.62 69.66 5.93e-20 0.80702
