65006 73.24 61.42 1.03e-19 0.73661
65000 64.69 66.09 1.13e-19 0.69986
65003 69.32 63.82 1.08e-19 0.71661
63197 -35.09 66.19 1.13e-19 0.70004
64142 -154.30 75.50 8.94e-20 0.79177
63191 -39.22 67.15 1.12e-19 0.70241
65213 -57.99 77.44 1.14e-19 0.69544
65210 -61.92 74.59 1.11e-19 0.70724
65294 86.94 86.84 1.16e-19 0.68741
65291 15.00 89.00 1.16e-19 0.68611
65288 -56.94 86.84 1.16e-19 0.68741
65075 -57.47 61.57 9.53e-20 0.76699
62987 15.00 -74.00 6.74e-21 0.00674
65072 81.77 60.39 9.66e-20 0.76191
65486 -149.69 78.56 9.66e-20 0.76188
65069 78.69 63.02 1.03e-19 0.73821
65420 135.13 79.58 1.05e-19 0.72970
62981 15.00 -90.00 1.24e-20 0.01241
65483 -136.50 77.35 9.53e-20 0.76703
65156 -25.98 80.83 1.19e-19 0.67151
65426 125.59 73.95 9.86e-20 0.75390
65480 -126.21 75.54 9.33e-20 0.77547
63281 -2.95 47.55 9.57e-20 0.76536
63287 -1.51 45.84 9.23e-20 0.77941
65150 -45.89 76.23 1.16e-19 0.68644
65390 -91.61 68.04 8.92e-20 0.79264
63227 -18.77 60.10 1.12e-19 0.70321
65393 -93.21 71.02 9.43e-20 0.77133
65396 -95.59 73.95 9.86e-20 0.75390
63221 -21.51 61.46 1.13e-19 0.70057
63443 45.48 49.24 9.49e-20 0.76874
64046 20.50 70.00 1.19e-19 0.65812
64082 20.50 48.00 9.89e-20 0.75287
64043 20.50 72.00 1.18e-19 0.65635
64040 20.50 74.00 1.18e-19 0.65567
64781 -30.59 55.29 9.94e-20 0.75061
64778 -34.18 53.14 9.33e-20 0.77553
64784 -26.57 57.31 1.05e-19 0.72969
64079 20.50 50.00 1.03e-19 0.73746
64787 -22.08 59.16 1.10e-19 0.71218
64919 -2.88 70.09 1.20e-19 0.66173
64925 15.00 71.00 1.19e-19 0.65671
64922 5.86 70.77 1.19e-19 0.65800
64439 54.68 50.43 9.30e-20 0.77666
64445 61.37 46.31 8.00e-20 0.83592
64442 58.18 48.44 8.67e-20 0.80385
63119 -95.35 67.98 8.74e-20 0.80067
63125 -90.61 68.69 9.10e-20 0.78527
63377 68.74 63.99 1.09e-19 0.71484
64544 53.49 54.84 1.02e-19 0.74009
64187 23.29 43.52 8.86e-20 0.79547
64325 -18.58 49.61 9.43e-20 0.77125
63776 -159.50 74.00 8.56e-20 0.80878
64181 15.00 44.00 9.03e-20 0.78808
64178 10.84 43.88 8.99e-20 0.78993
64184 19.16 43.88 8.99e-20 0.78993
64013 -159.50 88.00 1.13e-19 0.69984
64250 37.26 46.89 9.30e-20 0.77660
64253 41.20 45.58 8.86e-20 0.79533
64073 20.50 54.00 1.10e-19 0.71141
64070 20.50 56.00 1.13e-19 0.70055
65246 94.74 71.70 1.07e-19 0.72207
65492 179.69 78.56 9.66e-20 0.76188
65243 91.92 74.59 1.11e-19 0.70724
65495 166.50 77.35 9.53e-20 0.76703
64076 20.50 52.00 1.06e-19 0.72368
65240 87.99 77.44 1.14e-19 0.69544
64208 23.74 46.51 9.54e-20 0.76705
64457 -27.42 52.92 9.66e-20 0.76185
65177 81.53 73.61 1.13e-19 0.69790
64166 11.03 40.88 8.27e-20 0.82260
64163 15.00 38.00 7.56e-20 0.85860
65171 67.87 78.68 1.18e-19 0.67770
64094 20.50 40.00 8.04e-20 0.83385
65174 75.89 76.23 1.16e-19 0.68644
64160 15.00 35.00 6.79e-20 0.90302
65387 -90.51 65.03 8.35e-20 0.81852
63257 -9.72 54.13 1.06e-19 0.72445
65297 96.36 83.93 1.15e-19 0.69131
63251 -11.73 55.69 1.08e-19 0.71746
65381 113.36 62.69 8.23e-20 0.82434
65384 113.42 59.64 7.56e-20 0.85867
65357 139.00 86.38 1.12e-19 0.70123
65348 -94.24 83.64 1.11e-19 0.70531
65351 -109.00 86.38 1.12e-19 0.70123
64091 20.50 42.00 8.53e-20 0.81033
65354 -165.00 88.00 1.13e-19 0.69988
63179 -48.39 68.69 1.10e-19 0.71003
63185 -43.65 67.98 1.11e-19 0.70571
63323 105.02 69.92 1.00e-19 0.74783
65342 -86.22 77.76 1.07e-19 0.72203
65345 -88.82 80.73 1.10e-19 0.71222
65339 -84.82 74.77 1.04e-19 0.73496
65045 15.00 77.00 1.19e-19 0.65671
65042 1.88 76.67 1.19e-19 0.65801
65039 -10.07 75.72 1.20e-19 0.66173
63407 54.89 57.20 1.05e-19 0.72744
65423 129.24 76.82 1.02e-19 0.74013
64823 52.08 59.16 1.10e-19 0.71218
65489 -165.00 79.00 9.70e-20 0.76029
64820 47.07 60.82 1.13e-19 0.69786
64967 -29.19 68.20 1.16e-19 0.68610
64964 -34.69 66.09 1.13e-19 0.69986
63401 57.23 58.68 1.07e-19 0.72288
63095 40.40 47.00 9.21e-20 0.78034
64961 -39.32 63.82 1.08e-19 0.71661
64958 -43.24 61.42 1.03e-19 0.73661
64826 56.57 57.31 1.05e-19 0.72969
65063 70.62 68.01 1.12e-19 0.70123
65126 84.80 64.32 1.01e-19 0.74283
65060 65.21 70.32 1.16e-19 0.68742
65123 81.58 67.01 1.07e-19 0.72237
65066 75.03 65.56 1.08e-19 0.71803
65120 77.61 69.63 1.11e-19 0.70532
64592 57.42 52.92 9.66e-20 0.76185
64499 49.14 56.59 1.07e-19 0.72201
65519 -154.87 72.69 8.27e-20 0.82250
65522 -165.00 73.00 8.31e-20 0.82060
65525 -175.13 72.69 8.27e-20 0.82250
63293 -0.15 44.10 8.87e-20 0.79511
64055 20.50 64.00 1.19e-19 0.66963
64052 20.50 66.00 1.20e-19 0.66475
64466 -14.37 58.15 1.11e-19 0.70725
64049 20.50 68.00 1.20e-19 0.66092
64463 -19.14 56.59 1.07e-19 0.72201
64460 -23.49 54.84 1.02e-19 0.74009
64889 60.17 59.65 1.07e-19 0.72239
64895 67.82 55.26 9.53e-20 0.76694
64892 64.24 57.52 1.01e-19 0.74279
65225 -22.03 85.01 1.18e-19 0.67634
64376 58.87 43.83 7.56e-20 0.85868
64004 -159.50 82.00 1.03e-19 0.73645
64370 52.30 47.83 8.86e-20 0.79529
64007 -159.50 84.00 1.07e-19 0.72278
64373 55.72 45.90 8.23e-20 0.82423
64229 5.74 49.49 1.01e-19 0.74282
64235 15.00 50.00 1.03e-19 0.73663
64232 10.34 49.87 1.03e-19 0.73814
64109 -154.30 85.50 1.09e-19 0.71325
64115 -154.30 83.50 1.06e-19 0.72565
64112 -154.30 84.50 1.08e-19 0.71927
63809 -159.50 76.00 9.04e-20 0.78773
64283 15.00 53.00 1.08e-19 0.71662
64280 10.03 52.87 1.08e-19 0.71810
64286 19.97 52.87 1.08e-19 0.71810
65312 105.25 69.00 9.86e-20 0.75388
65315 106.03 66.00 9.30e-20 0.77671
65309 104.36 72.00 1.04e-19 0.73499
65306 103.29 74.99 1.08e-19 0.71951
65198 -70.10 62.89 9.04e-20 0.78758
65201 -68.64 65.84 9.66e-20 0.76181
65204 -66.90 68.78 1.02e-19 0.74014
65207 -64.74 71.70 1.07e-19 0.72207
65300 99.91 80.96 1.13e-19 0.69788
65303 101.91 77.98 1.11e-19 0.70724
65078 -54.80 64.32 1.01e-19 0.74283
65081 -51.58 67.01 1.07e-19 0.72237
65411 -165.00 85.00 1.08e-19 0.71662
65084 -47.61 69.63 1.11e-19 0.70532
65087 -42.61 72.15 1.15e-19 0.69131
64859 -7.85 66.25 1.19e-19 0.67152
64865 7.04 67.80 1.20e-19 0.66172
65417 145.34 82.12 1.07e-19 0.72241
63329 99.62 69.66 1.02e-19 0.73991
63335 94.39 69.25 1.04e-19 0.73322
63449 43.95 47.55 9.19e-20 0.78111
63455 42.51 45.84 8.87e-20 0.79522
64994 52.64 70.09 1.19e-19 0.67506
64988 35.87 72.94 1.20e-19 0.66049
64991 44.88 71.70 1.20e-19 0.66658
63215 -24.50 62.76 1.13e-19 0.69895
65153 -37.87 78.68 1.18e-19 0.67770
64997 59.19 68.20 1.16e-19 0.68610
63209 -27.74 63.99 1.13e-19 0.69835
64934 40.90 69.01 1.20e-19 0.66781
64016 14.04 90.00 1.15e-19 0.69039
64931 32.88 70.09 1.20e-19 0.66173
63431 48.85 52.53 1.00e-19 0.74836
64928 24.14 70.77 1.19e-19 0.65800
64010 -159.50 86.00 1.10e-19 0.71061
63473 -159.50 70.00 7.57e-20 0.85802
64937 48.05 67.59 1.18e-19 0.67633
63437 47.11 50.90 9.76e-20 0.75784
65132 -65.42 59.53 8.65e-20 0.80471
65135 -63.62 62.41 9.33e-20 0.77542
65129 87.47 61.57 9.53e-20 0.76699
64772 64.20 48.66 8.36e-20 0.81808
64775 -37.39 50.87 8.65e-20 0.80484
64415 15.00 59.00 1.16e-19 0.68611
64412 9.19 58.85 1.16e-19 0.68742
64409 3.49 58.40 1.15e-19 0.69132
63137 -80.38 69.66 9.74e-20 0.75875
63131 -85.61 69.25 9.43e-20 0.77125
64316 -22.30 47.83 8.86e-20 0.79529
64313 -25.72 45.90 8.23e-20 0.82423
64310 -28.87 43.83 7.56e-20 0.85868
63155 -64.02 69.92 1.05e-19 0.72928
63149 -69.50 70.00 1.03e-19 0.73788
64259 -20.22 45.15 8.35e-20 0.81853
64265 -12.75 48.42 9.43e-20 0.77124
64262 -16.62 46.88 8.92e-20 0.79272
65327 -83.36 62.69 8.23e-20 0.82434
57281 15.00 -74.00 6.74e-21 0.00674
64100 -154.30 88.50 1.13e-19 0.69727
64103 -154.30 87.50 1.12e-19 0.70226
65237 82.04 80.22 1.16e-19 0.68645
65234 71.87 82.83 1.18e-19 0.68011
64106 -154.30 86.50 1.11e-19 0.70758
65231 52.03 85.01 1.18e-19 0.67634
65228 15.00 86.00 1.19e-19 0.67507
65267 -76.03 66.00 9.30e-20 0.77671
64088 20.50 44.00 9.01e-20 0.78913
64193 2.01 45.89 9.33e-20 0.77541
64190 -2.11 45.05 9.04e-20 0.78768
64157 -154.30 77.50 9.40e-20 0.77249
64154 -154.30 71.50 7.97e-20 0.83692
64151 -154.30 72.50 8.22e-20 0.82474
64148 -154.30 73.50 8.47e-20 0.81317
64196 6.26 46.51 9.54e-20 0.76705
64982 15.00 74.00 1.16e-19 0.65518
64985 25.77 73.73 1.19e-19 0.65671
65369 114.82 74.77 1.04e-19 0.73496
64979 4.23 73.73 1.19e-19 0.65671
65375 113.60 68.75 9.43e-20 0.77129
65372 114.03 71.77 9.93e-20 0.75133
65366 116.22 77.76 1.07e-19 0.72203
65360 124.24 83.64 1.11e-19 0.70531
65363 118.82 80.73 1.10e-19 0.71222
65459 174.45 81.43 1.03e-19 0.73821
65462 158.42 79.90 1.01e-19 0.74281
65465 147.41 77.77 9.94e-20 0.75067
63173 -53.39 69.25 1.09e-19 0.71535
65036 -20.23 74.26 1.20e-19 0.66781
65270 -75.25 69.00 9.86e-20 0.75388
65273 -74.36 72.00 1.04e-19 0.73499
64952 71.94 57.20 9.66e-20 0.76193
65276 -73.29 74.99 1.08e-19 0.71951
65030 -35.21 70.32 1.16e-19 0.68742
65033 -28.52 72.43 1.18e-19 0.67634
64808 22.07 64.82 1.20e-19 0.66781
64811 28.94 64.29 1.19e-19 0.67152
65501 148.54 73.33 9.04e-20 0.78761
63353 80.22 67.15 1.08e-19 0.71949
64817 41.53 62.26 1.16e-19 0.68647
63005 15.00 -90.00 1.24e-20 0.01241
63389 62.51 61.46 1.08e-19 0.71677
62999 15.00 -74.00 6.74e-21 0.00674
63395 59.77 60.10 1.08e-19 0.71929
65507 -152.81 75.64 8.99e-20 0.78982
65054 50.23 74.26 1.20e-19 0.66781
65096 -16.27 78.38 1.20e-19 0.66540
65051 40.07 75.72 1.20e-19 0.66173
65048 28.12 76.67 1.19e-19 0.65801
65090 -36.13 74.51 1.18e-19 0.68010
65093 -27.58 76.63 1.19e-19 0.67151
65057 58.52 72.43 1.18e-19 0.67634
64496 44.37 58.15 1.11e-19 0.70725
64490 33.56 60.56 1.16e-19 0.68646
64493 39.17 59.48 1.14e-19 0.69544
63017 15.00 -90.00 1.24e-20 0.01241
63305 121.38 69.66 9.25e-20 0.77856
63011 15.00 -74.00 6.74e-21 0.00674
63299 126.61 69.25 8.95e-20 0.79159
64058 20.50 62.00 1.18e-19 0.67561
64061 20.50 60.00 1.17e-19 0.68271
64067 20.50 58.00 1.15e-19 0.69101
64802 7.93 64.82 1.20e-19 0.66781
64805 15.00 65.00 1.20e-19 0.66658
64799 1.06 64.29 1.19e-19 0.67152
64907 -29.72 63.95 1.12e-19 0.70124
64904 -34.39 61.83 1.08e-19 0.71803
64898 -41.94 57.20 9.66e-20 0.76193
64901 -38.43 59.57 1.03e-19 0.73812
64829 60.59 55.29 9.94e-20 0.75061
64379 -31.37 46.31 8.00e-20 0.83592
64367 48.58 49.61 9.43e-20 0.77125
64364 44.55 51.21 9.93e-20 0.75130
64361 40.23 52.61 1.04e-19 0.73496
64358 35.61 53.80 1.07e-19 0.72209
63371 72.27 65.14 1.09e-19 0.71539
63101 -146.50 74.10 8.68e-20 0.80343
63107 41.70 76.00 1.20e-19 0.66250
63968 -159.50 80.00 9.92e-20 0.75174
64343 9.65 55.86 1.12e-19 0.70125
63365 76.09 66.19 1.08e-19 0.71689
64247 33.10 47.99 9.66e-20 0.76188
64340 4.38 55.44 1.11e-19 0.70536
64244 28.75 48.86 9.94e-20 0.75069
64238 19.66 49.87 1.03e-19 0.73814
64346 15.00 56.00 1.13e-19 0.69988
64241 24.26 49.49 1.01e-19 0.74282
64268 -8.62 49.77 9.86e-20 0.75390
64271 -4.25 50.90 1.02e-19 0.74006
64274 0.34 51.81 1.05e-19 0.72971
64277 5.12 52.47 1.07e-19 0.72243
65264 -76.74 62.99 8.67e-20 0.80384
65261 -77.40 59.97 8.00e-20 0.83591
65258 101.35 59.93 8.36e-20 0.81807
65324 -83.42 59.64 7.56e-20 0.85867
65321 107.40 59.97 8.00e-20 0.83591
65318 106.74 62.99 8.67e-20 0.80384
64145 -154.30 74.50 8.71e-20 0.80219
65189 93.62 62.41 9.33e-20 0.77542
65195 -71.35 59.93 8.36e-20 0.81807
64139 -154.30 76.50 9.17e-20 0.78187
65441 -105.01 72.61 9.30e-20 0.77666
65438 -101.49 69.80 8.86e-20 0.79539
65444 -110.04 75.29 9.66e-20 0.76184
65447 -117.41 77.77 9.94e-20 0.75067
63341 89.39 68.69 1.05e-19 0.72762
63347 84.65 67.98 1.07e-19 0.72302
65018 -45.03 65.56 1.08e-19 0.71803
65027 -40.62 68.01 1.12e-19 0.70123
65159 -8.31 82.40 1.20e-19 0.66781
63239 -16.23 58.68 1.11e-19 0.70690
63245 -13.89 57.20 1.10e-19 0.71156
65165 38.31 82.40 1.20e-19 0.66781
63419 50.72 54.13 1.02e-19 0.74023
64943 59.72 63.95 1.12e-19 0.70124
64946 64.39 61.83 1.08e-19 0.71803
64847 -30.17 59.65 1.07e-19 0.72239
65141 -58.92 68.10 1.05e-19 0.72968
65138 -61.49 65.27 9.94e-20 0.75062
64838 67.39 50.87 8.65e-20 0.80484
64841 -37.82 55.26 9.53e-20 0.76694
64844 -34.24 57.52 1.01e-19 0.74279
64478 8.63 61.84 1.18e-19 0.67634
64481 15.00 62.00 1.19e-19 0.67507
64484 21.37 61.84 1.18e-19 0.67634
64487 27.59 61.35 1.18e-19 0.68011
64421 26.51 58.40 1.15e-19 0.69132
64424 32.00 57.66 1.13e-19 0.69788
64853 -20.33 63.41 1.15e-19 0.69131
64850 -25.56 61.63 1.11e-19 0.70536
64856 -14.43 64.97 1.18e-19 0.68012
63143 -74.98 69.92 1.00e-19 0.74777
64307 50.22 45.15 8.35e-20 0.81853
64298 38.62 49.77 9.86e-20 0.75390
64301 42.75 48.42 9.43e-20 0.77124
64304 46.62 46.88 8.92e-20 0.79272
64874 30.65 67.20 1.20e-19 0.66540
64868 15.00 68.00 1.20e-19 0.66049
64871 22.96 67.80 1.20e-19 0.66172
64877 37.85 66.25 1.19e-19 0.67152
64022 20.50 86.00 1.18e-19 0.67515
64025 20.50 84.00 1.19e-19 0.66926
64397 -16.66 53.94 1.04e-19 0.73503
64019 20.50 88.00 1.17e-19 0.68218
64394 -20.85 52.27 9.86e-20 0.75388
64388 -28.18 48.44 8.67e-20 0.80385
64391 -24.68 50.43 9.30e-20 0.77666
64214 32.11 45.05 9.04e-20 0.78768
64097 -154.30 89.50 1.15e-19 0.69260
64211 27.99 45.89 9.33e-20 0.77541
65219 -52.04 80.22 1.16e-19 0.68645
64217 -11.20 45.58 8.86e-20 0.79533
65222 -41.87 82.83 1.18e-19 0.68011
64427 37.23 56.66 1.11e-19 0.70726
64199 10.61 46.88 9.66e-20 0.76202
64202 15.00 47.00 9.70e-20 0.76029
64205 19.39 46.88 9.66e-20 0.76202
64976 -5.87 72.94 1.20e-19 0.66049
64973 -14.88 71.70 1.20e-19 0.66658
64970 -22.64 70.09 1.19e-19 0.67506
65450 -128.42 79.90 1.01e-19 0.74281
65453 -144.45 81.43 1.03e-19 0.73821
65162 15.00 83.00 1.20e-19 0.66658
63203 -31.27 65.14 1.13e-19 0.69872
65279 -71.91 77.98 1.11e-19 0.70724
65285 -66.36 83.93 1.15e-19 0.69131
65282 -69.91 80.96 1.13e-19 0.69788
65471 135.01 72.61 9.30e-20 0.77666
65468 140.04 75.29 9.66e-20 0.76184
65474 131.49 69.80 8.86e-20 0.79539
65477 -118.54 73.33 9.04e-20 0.78761
62993 15.00 -90.00 1.24e-20 0.01241
64940 54.30 65.88 1.16e-19 0.68740
65099 -1.81 79.57 1.20e-19 0.66173
65105 31.81 79.57 1.20e-19 0.66173
65102 15.00 80.00 1.20e-19 0.66049
64688 60.98 50.85 9.04e-20 0.78759
65405 -115.34 82.12 1.07e-19 0.72241
65402 -105.13 79.58 1.05e-19 0.72970
65399 -99.24 76.82 1.02e-19 0.74013
63269 -6.11 50.90 1.02e-19 0.74212
63275 -4.48 49.24 9.88e-20 0.75301
64037 20.50 76.00 1.18e-19 0.65626
64034 20.50 78.00 1.19e-19 0.65796
64028 20.50 82.00 1.20e-19 0.66445
64031 20.50 80.00 1.20e-19 0.66069
64916 -10.90 69.01 1.20e-19 0.66781
64793 -11.53 62.26 1.16e-19 0.68647
64790 -17.07 60.82 1.13e-19 0.69786
64910 -24.30 65.88 1.16e-19 0.68740
64913 -18.05 67.59 1.18e-19 0.67633
64796 -5.47 63.42 1.18e-19 0.67769
65144 -55.70 70.89 1.10e-19 0.71224
64430 42.12 55.41 1.08e-19 0.71956
64433 46.66 53.94 1.04e-19 0.73503
64349 20.35 55.86 1.12e-19 0.70125
64352 25.62 55.44 1.11e-19 0.70536
64355 30.72 54.74 1.10e-19 0.71219
63383 65.50 62.76 1.09e-19 0.71528
63113 -138.30 76.00 9.22e-20 0.78000
64436 50.85 52.27 9.86e-20 0.75388
64334 -5.61 53.80 1.07e-19 0.72209
65504 -141.78 74.62 8.86e-20 0.79531
64331 -10.23 52.61 1.04e-19 0.73496
64328 -14.55 51.21 9.93e-20 0.75130
64169 15.00 41.00 8.31e-20 0.82060
64172 18.97 40.88 8.27e-20 0.82260
64175 6.71 43.52 8.86e-20 0.79547
64337 -0.72 54.74 1.10e-19 0.71219
64814 35.47 63.42 1.18e-19 0.67769
65147 -51.53 73.61 1.13e-19 0.69790
65249 96.90 68.78 1.02e-19 0.74014
64085 20.50 46.00 9.46e-20 0.77004
65336 -84.03 71.77 9.93e-20 0.75133
65252 98.64 65.84 9.66e-20 0.76181
65255 100.10 62.89 9.04e-20 0.78758
65330 -83.40 65.72 8.86e-20 0.79537
65333 -83.60 68.75 9.43e-20 0.77129
64418 20.81 58.85 1.16e-19 0.68742
64133 -154.30 79.50 9.83e-20 0.75514
65186 91.49 65.27 9.94e-20 0.75062
64136 -154.30 78.50 9.62e-20 0.76358
65183 88.92 68.10 1.05e-19 0.72968
65180 85.70 70.89 1.10e-19 0.71224
65192 95.42 59.53 8.65e-20 0.80471
65414 164.13 84.15 1.08e-19 0.71810
65432 121.61 68.04 8.92e-20 0.79264
65435 120.51 65.03 8.35e-20 0.81852
63263 -7.85 52.53 1.04e-19 0.73262
65429 123.21 71.02 9.43e-20 0.77133
65408 -134.13 84.15 1.08e-19 0.71810
63317 110.50 70.00 9.79e-20 0.75680
63311 115.98 69.92 9.53e-20 0.76713
65009 76.59 58.92 9.70e-20 0.76021
65015 -48.69 63.02 1.03e-19 0.73821
65012 -51.77 60.39 9.66e-20 0.76191
65528 -165.00 70.00 7.56e-20 0.85860
65531 -165.00 67.00 6.79e-20 0.90302
63413 52.73 55.69 1.04e-19 0.73328
64955 -46.59 58.92 9.70e-20 0.76021
64949 68.43 59.57 1.03e-19 0.73812
65111 57.58 76.63 1.19e-19 0.67151
65168 55.98 80.83 1.19e-19 0.67151
65108 46.27 78.38 1.20e-19 0.66540
65114 66.13 74.51 1.18e-19 0.68010
65117 72.61 72.15 1.15e-19 0.69131
64862 -0.65 67.20 1.20e-19 0.66540
64835 64.18 53.14 9.33e-20 0.77553
65456 -165.00 82.00 1.03e-19 0.73663
64469 -9.17 59.48 1.14e-19 0.69544
64475 2.41 61.35 1.18e-19 0.68011
64472 -3.56 60.56 1.16e-19 0.68646
65513 -177.19 75.64 8.99e-20 0.78982
65510 -165.00 76.00 9.03e-20 0.78808
65516 171.78 74.62 8.86e-20 0.79531
64451 -34.20 48.66 8.36e-20 0.81808
64454 -30.98 50.85 9.04e-20 0.78759
63905 -159.50 78.00 9.49e-20 0.76878
64289 24.88 52.47 1.07e-19 0.72243
64295 34.25 50.90 1.02e-19 0.74006
64292 29.66 51.81 1.05e-19 0.72971
64883 50.33 63.41 1.15e-19 0.69131
64880 44.43 64.97 1.18e-19 0.68012
65498 156.21 75.54 9.33e-20 0.77547
63584 -159.50 72.00 8.07e-20 0.83212
64886 55.56 61.63 1.11e-19 0.70536
64406 -2.00 57.66 1.13e-19 0.69788
65378 113.40 65.72 8.86e-20 0.79537
64403 -7.23 56.66 1.11e-19 0.70726
64400 -12.12 55.41 1.08e-19 0.71956
64223 -3.10 47.99 9.66e-20 0.76188
64220 -7.26 46.89 9.30e-20 0.77660
64118 -154.30 82.50 1.04e-19 0.73242
64121 -154.30 81.50 1.02e-19 0.73958
64226 1.25 48.86 9.94e-20 0.75069
64124 -154.30 80.50 1.00e-19 0.74715
63161 -58.62 69.66 1.07e-19 0.72173
