65006 73.24 61.42 1.35e-19 0.96419
65000 64.69 66.09 1.52e-19 0.94176
65003 69.32 63.82 1.44e-19 0.95015
63197 -35.09 66.19 1.52e-19 0.94182
64142 -154.30 75.50 1.15e-19 1.01442
63191 -39.22 67.15 1.51e-19 0.94282
65213 -57.99 77.44 1.54e-19 0.94038
65210 -61.92 74.59 1.48e-19 0.94496
65294 86.94 86.84 1.58e-19 0.93905
65291 15.00 89.00 1.59e-19 0.93900
65288 -56.94 86.84 1.58e-19 0.93905
65075 -57.47 61.57 1.23e-19 0.99041
62987 15.00 -74.00 -1.84e-20 -0.01841
65072 81.77 60.39 1.25e-19 0.98570
65486 -149.69 78.56 1.25e-19 0.98566
65069 78.69 63.02 1.34e-19 0.96549
65420 135.13 79.58 1.38e-19 0.95898
62981 15.00 -90.00 -2.43e-20 -0.02431
65483 -136.50 77.35 1.23e-19 0.99048
65156 -25.98 80.83 1.67e-19 0.94419
65426 125.59 73.95 1.28e-19 0.97857
65480 -126.21 75.54 1.20e-19 0.99841
63281 -2.95 47.55 1.24e-19 0.98886
63287 -1.51 45.84 1.19e-19 1.00224
65150 -45.89 76.23 1.59e-19 0.93899
65390 -91.61 68.04 1.14e-19 1.01530
63227 -18.77 60.10 1.50e-19 0.94314
65393 -93.21 71.02 1.22e-19 0.99451
65396 -95.59 73.95 1.28e-19 0.97857
63221 -21.51 61.46 1.51e-19 0.94205
63443 45.48 49.24 1.22e-19 0.99202
64046 20.50 70.00 1.77e-19 0.97432
64082 20.50 48.00 1.28e-19 0.97767
64043 20.50 72.00 1.78e-19 0.98757
64040 20.50 74.00 1.79e-19 0.99648
64781 -30.59 55.29 1.29e-19 0.97568
64778 -34.18 53.14 1.20e-19 0.99850
64784 -26.57 57.31 1.38e-19 0.95896
64079 20.50 50.00 1.35e-19 0.96486
64787 -22.08 59.16 1.46e-19 0.94750
64919 -2.88 70.09 1.74e-19 0.96009
64925 15.00 71.00 1.78e-19 0.98411
64922 5.86 70.77 1.77e-19 0.97500
64439 54.68 50.43 1.20e-19 0.99957
64445 61.37 46.31 1.01e-19 1.06067
64442 58.18 48.44 1.11e-19 1.02674
63119 -95.35 67.98 1.12e-19 1.02344
63125 -90.61 68.69 1.17e-19 1.00799
63377 68.74 63.99 1.45e-19 0.94908
64544 53.49 54.84 1.33e-19 0.96692
64187 23.29 43.52 1.13e-19 1.01817
64325 -18.58 49.61 1.22e-19 0.99440
63776 -159.50 74.00 1.09e-19 1.03182
64181 15.00 44.00 1.16e-19 1.01074
64178 10.84 43.88 1.15e-19 1.01259
64184 19.16 43.88 1.15e-19 1.01259
64013 -159.50 88.00 1.52e-19 0.94179
64250 37.26 46.89 1.20e-19 0.99948
64253 41.20 45.58 1.13e-19 1.01798
64073 20.50 54.00 1.46e-19 0.94714
64070 20.50 56.00 1.51e-19 0.94206
65246 94.74 71.70 1.41e-19 0.95365
65492 179.69 78.56 1.25e-19 0.98566
65243 91.92 74.59 1.48e-19 0.94496
65495 166.50 77.35 1.23e-19 0.99048
64076 20.50 52.00 1.40e-19 0.95472
65240 87.99 77.44 1.54e-19 0.94038
64208 23.74 46.51 1.23e-19 0.99050
64457 -27.42 52.92 1.25e-19 0.98567
65177 81.53 73.61 1.53e-19 0.94113
64166 11.03 40.88 1.05e-19 1.04636
64163 15.00 38.00 9.55e-20 1.08554
65171 67.87 78.68 1.64e-19 0.94046
64094 20.50 40.00 1.02e-19 1.05843
65174 75.89 76.23 1.59e-19 0.93899
64160 15.00 35.00 8.53e-20 1.13560
65387 -90.51 65.03 1.06e-19 1.04202
63257 -9.72 54.13 1.40e-19 0.95527
65297 96.36 83.93 1.56e-19 0.93947
63251 -11.73 55.69 1.43e-19 0.95071
65381 113.36 62.69 1.05e-19 1.04824
65384 113.42 59.64 9.55e-20 1.08563
65357 139.00 86.38 1.51e-19 0.94231
65348 -94.24 83.64 1.49e-19 0.94404
65351 -109.00 86.38 1.51e-19 0.94231
64091 20.50 42.00 1.09e-19 1.03344
65354 -165.00 88.00 1.52e-19 0.94181
63179 -48.39 68.69 1.47e-19 0.94642
63185 -43.65 67.98 1.49e-19 0.94425
63323 105.02 69.92 1.30e-19 0.97337
65342 -86.22 77.76 1.41e-19 0.95358
65345 -88.82 80.73 1.46e-19 0.94759
65339 -84.82 74.77 1.36e-19 0.96290
65045 15.00 77.00 1.78e-19 0.98411
65042 1.88 76.67 1.77e-19 0.97498
65039 -10.07 75.72 1.74e-19 0.96010
63407 54.89 57.20 1.39e-19 0.95730
65423 129.24 76.82 1.33e-19 0.96699
64823 52.08 59.16 1.46e-19 0.94750
65489 -165.00 79.00 1.26e-19 0.98426
64820 47.07 60.82 1.53e-19 0.94105
64967 -29.19 68.20 1.59e-19 0.93897
64964 -34.69 66.09 1.52e-19 0.94176
63401 57.23 58.68 1.41e-19 0.95422
63095 40.40 47.00 1.18e-19 1.00312
64961 -39.32 63.82 1.44e-19 0.95015
64958 -43.24 61.42 1.35e-19 0.96419
64826 56.57 57.31 1.38e-19 0.95896
65063 70.62 68.01 1.51e-19 0.94231
65126 84.80 64.32 1.32e-19 0.96920
65060 65.21 70.32 1.58e-19 0.93907
65123 81.58 67.01 1.41e-19 0.95382
65066 75.03 65.56 1.43e-19 0.95100
65120 77.61 69.63 1.49e-19 0.94405
64592 57.42 52.92 1.25e-19 0.98567
64499 49.14 56.59 1.41e-19 0.95356
65519 -154.87 72.69 1.05e-19 1.04623
65522 -165.00 73.00 1.06e-19 1.04425
65525 -175.13 72.69 1.05e-19 1.04623
63293 -0.15 44.10 1.14e-19 1.01781
64055 20.50 64.00 1.69e-19 0.94602
64052 20.50 66.00 1.72e-19 0.95307
64466 -14.37 58.15 1.48e-19 0.94498
64049 20.50 68.00 1.74e-19 0.96255
64463 -19.14 56.59 1.41e-19 0.95356
64460 -23.49 54.84 1.33e-19 0.96692
64889 60.17 59.65 1.41e-19 0.95386
64895 67.82 55.26 1.23e-19 0.99033
64892 64.24 57.52 1.32e-19 0.96913
65225 -22.03 85.01 1.65e-19 0.94108
64376 58.87 43.83 9.55e-20 1.08564
64004 -159.50 82.00 1.35e-19 0.96407
64370 52.30 47.83 1.13e-19 1.01792
64007 -159.50 84.00 1.41e-19 0.95410
64373 55.72 45.90 1.05e-19 1.04809
64229 5.74 49.49 1.32e-19 0.96918
64235 15.00 50.00 1.35e-19 0.96421
64232 10.34 49.87 1.34e-19 0.96538
64109 -154.30 85.50 1.45e-19 0.94817
64115 -154.30 83.50 1.40e-19 0.95607
64112 -154.30 84.50 1.42e-19 0.95181
63809 -159.50 76.00 1.16e-19 1.01039
64283 15.00 53.00 1.44e-19 0.95016
64280 10.03 52.87 1.43e-19 0.95112
64286 19.97 52.87 1.43e-19 0.95112
65312 105.25 69.00 1.28e-19 0.97855
65315 106.03 66.00 1.20e-19 0.99963
65309 104.36 72.00 1.36e-19 0.96294
65306 103.29 74.99 1.42e-19 0.95194
65198 -70.10 62.89 1.16e-19 1.01021
65201 -68.64 65.84 1.25e-19 0.98562
65204 -66.90 68.78 1.33e-19 0.96700
65207 -64.74 71.70 1.41e-19 0.95365
65300 99.91 80.96 1.53e-19 0.94109
65303 101.91 77.98 1.48e-19 0.94497
65078 -54.80 64.32 1.32e-19 0.96920
65081 -51.58 67.01 1.41e-19 0.95382
65411 -165.00 85.00 1.44e-19 0.95016
65084 -47.61 69.63 1.49e-19 0.94405
65087 -42.61 72.15 1.56e-19 0.93946
64859 -7.85 66.25 1.67e-19 0.94424
64865 7.04 67.80 1.74e-19 0.96012
65417 145.34 82.12 1.41e-19 0.95388
63329 99.62 69.66 1.34e-19 0.96678
63335 94.39 69.25 1.36e-19 0.96158
63449 43.95 47.55 1.18e-19 1.00385
63455 42.51 45.84 1.14e-19 1.01793
64994 52.64 70.09 1.65e-19 0.94165
64988 35.87 72.94 1.75e-19 0.96398
64991 44.88 71.70 1.71e-19 0.94995
63215 -24.50 62.76 1.52e-19 0.94144
65153 -37.87 78.68 1.64e-19 0.94046
64997 59.19 68.20 1.59e-19 0.93897
63209 -27.74 63.99 1.53e-19 0.94127
64934 40.90 69.01 1.70e-19 0.94817
64016 14.04 90.00 1.57e-19 0.93933
64931 32.88 70.09 1.74e-19 0.96009
63431 48.85 52.53 1.30e-19 0.97377
64928 24.14 70.77 1.77e-19 0.97500
64010 -159.50 86.00 1.46e-19 0.94670
63473 -159.50 70.00 9.57e-20 1.08490
64937 48.05 67.59 1.65e-19 0.94104
63437 47.11 50.90 1.26e-19 0.98203
65132 -65.42 59.53 1.10e-19 1.02759
65135 -63.62 62.41 1.20e-19 0.99834
65129 87.47 61.57 1.23e-19 0.99041
64772 64.20 48.66 1.06e-19 1.04156
64775 -37.39 50.87 1.11e-19 1.02778
64415 15.00 59.00 1.59e-19 0.93900
64412 9.19 58.85 1.58e-19 0.93906
64409 3.49 58.40 1.56e-19 0.93949
63137 -80.38 69.66 1.26e-19 0.98283
63131 -85.61 69.25 1.22e-19 0.99439
64316 -22.30 47.83 1.13e-19 1.01792
64313 -25.72 45.90 1.05e-19 1.04809
64310 -28.87 43.83 9.55e-20 1.08564
63155 -64.02 69.92 1.38e-19 0.95870
63149 -69.50 70.00 1.34e-19 0.96519
64259 -20.22 45.15 1.06e-19 1.04203
64265 -12.75 48.42 1.22e-19 0.99438
64262 -16.62 46.88 1.14e-19 1.01540
65327 -83.36 62.69 1.05e-19 1.04824
57281 15.00 -74.00 -1.84e-20 -0.01841
64100 -154.30 88.50 1.53e-19 0.94092
64103 -154.30 87.50 1.51e-19 0.94273
65237 82.04 80.22 1.59e-19 0.93900
65234 71.87 82.83 1.62e-19 0.93970
64106 -154.30 86.50 1.48e-19 0.94514
65231 52.03 85.01 1.65e-19 0.94108
65228 15.00 86.00 1.65e-19 0.94169
65267 -76.03 66.00 1.20e-19 0.99963
64088 20.50 44.00 1.15e-19 1.01179
64193 2.01 45.89 1.20e-19 0.99832
64190 -2.11 45.05 1.16e-19 1.01035
64157 -154.30 77.50 1.21e-19 0.99557
64154 -154.30 71.50 1.01e-19 1.06176
64151 -154.30 72.50 1.05e-19 1.04865
64148 -154.30 73.50 1.08e-19 1.03641
64196 6.26 46.51 1.23e-19 0.99050
64982 15.00 74.00 1.80e-19 1.01085
64985 25.77 73.73 1.78e-19 0.98411
65369 114.82 74.77 1.36e-19 0.96290
64979 4.23 73.73 1.78e-19 0.98411
65375 113.60 68.75 1.22e-19 0.99445
65372 114.03 71.77 1.29e-19 0.97636
65366 116.22 77.76 1.41e-19 0.95358
65360 124.24 83.64 1.49e-19 0.94404
65363 118.82 80.73 1.46e-19 0.94759
65459 174.45 81.43 1.34e-19 0.96548
65462 158.42 79.90 1.32e-19 0.96916
65465 147.41 77.77 1.29e-19 0.97578
63173 -53.39 69.25 1.44e-19 0.94939
65036 -20.23 74.26 1.70e-19 0.94818
65270 -75.25 69.00 1.28e-19 0.97855
65273 -74.36 72.00 1.36e-19 0.96294
64952 71.94 57.20 1.25e-19 0.98574
65276 -73.29 74.99 1.42e-19 0.95194
65030 -35.21 70.32 1.58e-19 0.93907
65033 -28.52 72.43 1.65e-19 0.94107
64808 22.07 64.82 1.70e-19 0.94819
64811 28.94 64.29 1.67e-19 0.94424
65501 148.54 73.33 1.16e-19 1.01026
63353 80.22 67.15 1.42e-19 0.95198
64817 41.53 62.26 1.59e-19 0.93905
63005 15.00 -90.00 -2.43e-20 -0.02431
63389 62.51 61.46 1.44e-19 0.95023
62999 15.00 -74.00 -1.84e-20 -0.01841
63395 59.77 60.10 1.42e-19 0.95182
65507 -152.81 75.64 1.15e-19 1.01244
65054 50.23 74.26 1.70e-19 0.94818
65096 -16.27 78.38 1.71e-19 0.95188
65051 40.07 75.72 1.74e-19 0.96010
65048 28.12 76.67 1.77e-19 0.97498
65090 -36.13 74.51 1.62e-19 0.93969
65093 -27.58 76.63 1.67e-19 0.94420
65057 58.52 72.43 1.65e-19 0.94107
64496 44.37 58.15 1.48e-19 0.94498
64490 33.56 60.56 1.59e-19 0.93904
64493 39.17 59.48 1.54e-19 0.94037
63017 15.00 -90.00 -2.43e-20 -0.02431
63305 121.38 69.66 1.19e-19 1.00135
63011 15.00 -74.00 -1.84e-20 -0.01841
63299 126.61 69.25 1.15e-19 1.01423
64058 20.50 62.00 1.65e-19 0.94140
64061 20.50 60.00 1.61e-19 0.93921
64067 20.50 58.00 1.56e-19 0.93942
64802 7.93 64.82 1.70e-19 0.94819
64805 15.00 65.00 1.71e-19 0.94995
64799 1.06 64.29 1.67e-19 0.94424
64907 -29.72 63.95 1.51e-19 0.94233
64904 -34.39 61.83 1.43e-19 0.95101
64898 -41.94 57.20 1.25e-19 0.98574
64901 -38.43 59.57 1.34e-19 0.96535
64829 60.59 55.29 1.29e-19 0.97568
64379 -31.37 46.31 1.01e-19 1.06067
64367 48.58 49.61 1.22e-19 0.99440
64364 44.55 51.21 1.29e-19 0.97633
64361 40.23 52.61 1.36e-19 0.96290
64358 35.61 53.80 1.41e-19 0.95368
63371 72.27 65.14 1.44e-19 0.94942
63101 -146.50 74.10 1.11e-19 1.02629
63107 41.70 76.00 1.73e-19 0.95803
63968 -159.50 80.00 1.29e-19 0.97668
64343 9.65 55.86 1.51e-19 0.94235
63365 76.09 66.19 1.44e-19 0.95028
64247 33.10 47.99 1.25e-19 0.98572
64340 4.38 55.44 1.49e-19 0.94412
64244 28.75 48.86 1.29e-19 0.97581
64238 19.66 49.87 1.34e-19 0.96538
64346 15.00 56.00 1.52e-19 0.94181
64241 24.26 49.49 1.32e-19 0.96918
64268 -8.62 49.77 1.28e-19 0.97857
64271 -4.25 50.90 1.33e-19 0.96688
64274 0.34 51.81 1.38e-19 0.95899
64277 5.12 52.47 1.41e-19 0.95392
65264 -76.74 62.99 1.11e-19 1.02673
65261 -77.40 59.97 1.01e-19 1.06066
65258 101.35 59.93 1.06e-19 1.04155
65324 -83.42 59.64 9.55e-20 1.08563
65321 107.40 59.97 1.01e-19 1.06066
65318 106.74 62.99 1.11e-19 1.02673
64145 -154.30 74.50 1.11e-19 1.02501
65189 93.62 62.41 1.20e-19 0.99834
65195 -71.35 59.93 1.06e-19 1.04155
64139 -154.30 76.50 1.18e-19 1.00462
65441 -105.01 72.61 1.20e-19 0.99957
65438 -101.49 69.80 1.13e-19 1.01806
65444 -110.04 75.29 1.25e-19 0.98566
65447 -117.41 77.77 1.29e-19 0.97578
63341 89.39 68.69 1.39e-19 0.95748
63347 84.65 67.98 1.41e-19 0.95428
65018 -45.03 65.56 1.43e-19 0.95100
65027 -40.62 68.01 1.51e-19 0.94231
65159 -8.31 82.40 1.70e-19 0.94818
63239 -16.23 58.68 1.48e-19 0.94485
63245 -13.89 57.20 1.46e-19 0.94718
65165 38.31 82.40 1.70e-19 0.94818
63419 50.72 54.13 1.33e-19 0.96708
64943 59.72 63.95 1.51e-19 0.94233
64946 64.39 61.83 1.43e-19 0.95101
64847 -30.17 59.65 1.41e-19 0.95386
65141 -58.92 68.10 1.38e-19 0.95893
65138 -61.49 65.27 1.29e-19 0.97570
64838 67.39 50.87 1.11e-19 1.02778
64841 -37.82 55.26 1.23e-19 0.99033
64844 -34.24 57.52 1.32e-19 0.96913
64478 8.63 61.84 1.65e-19 0.94109
64481 15.00 62.00 1.65e-19 0.94169
64484 21.37 61.84 1.65e-19 0.94109
64487 27.59 61.35 1.62e-19 0.93970
64421 26.51 58.40 1.56e-19 0.93949
64424 32.00 57.66 1.53e-19 0.94110
64853 -20.33 63.41 1.56e-19 0.93945
64850 -25.56 61.63 1.49e-19 0.94413
64856 -14.43 64.97 1.62e-19 0.93973
63143 -74.98 69.92 1.30e-19 0.97332
64307 50.22 45.15 1.06e-19 1.04203
64298 38.62 49.77 1.28e-19 0.97857
64301 42.75 48.42 1.22e-19 0.99438
64304 46.62 46.88 1.14e-19 1.01540
64874 30.65 67.20 1.71e-19 0.95185
64868 15.00 68.00 1.75e-19 0.96398
64871 22.96 67.80 1.74e-19 0.96012
64877 37.85 66.25 1.67e-19 0.94424
64022 20.50 86.00 1.65e-19 0.94165
64025 20.50 84.00 1.69e-19 0.94643
64397 -16.66 53.94 1.36e-19 0.96301
64019 20.50 88.00 1.61e-19 0.93928
64394 -20.85 52.27 1.28e-19 0.97855
64388 -28.18 48.44 1.11e-19 1.02674
64391 -24.68 50.43 1.20e-19 0.99957
64214 32.11 45.05 1.16e-19 1.01035
64097 -154.30 89.50 1.56e-19 0.93971
64211 27.99 45.89 1.20e-19 0.99832
65219 -52.04 80.22 1.59e-19 0.93900
64217 -11.20 45.58 1.13e-19 1.01798
65222 -41.87 82.83 1.62e-19 0.93970
64427 37.23 56.66 1.48e-19 0.94500
64199 10.61 46.88 1.25e-19 0.98587
64202 15.00 47.00 1.26e-19 0.98426
64205 19.39 46.88 1.25e-19 0.98587
64976 -5.87 72.94 1.75e-19 0.96398
64973 -14.88 71.70 1.71e-19 0.94995
64970 -22.64 70.09 1.65e-19 0.94165
65450 -128.42 79.90 1.32e-19 0.96916
65453 -144.45 81.43 1.34e-19 0.96548
65162 15.00 83.00 1.71e-19 0.94995
63203 -31.27 65.14 1.52e-19 0.94140
65279 -71.91 77.98 1.48e-19 0.94497
65285 -66.36 83.93 1.56e-19 0.93947
65282 -69.91 80.96 1.53e-19 0.94109
65471 135.01 72.61 1.20e-19 0.99957
65468 140.04 75.29 1.25e-19 0.98566
65474 131.49 69.80 1.13e-19 1.01806
65477 -118.54 73.33 1.16e-19 1.01026
62993 15.00 -90.00 -2.43e-20 -0.02431
64940 54.30 65.88 1.58e-19 0.93902
65099 -1.81 79.57 1.74e-19 0.96011
65105 31.81 79.57 1.74e-19 0.96011
65102 15.00 80.00 1.75e-19 0.96398
64688 60.98 50.85 1.16e-19 1.01023
65405 -115.34 82.12 1.41e-19 0.95388
65402 -105.13 79.58 1.38e-19 0.95898
65399 -99.24 76.82 1.33e-19 0.96699
63269 -6.11 50.90 1.33e-19 0.96857
63275 -4.48 49.24 1.28e-19 0.97777
64037 20.50 76.00 1.78e-19 0.98848
64034 20.50 78.00 1.77e-19 0.97522
64028 20.50 82.00 1.72e-19 0.95366
64031 20.50 80.00 1.75e-19 0.96330
64916 -10.90 69.01 1.70e-19 0.94817
64793 -11.53 62.26 1.59e-19 0.93905
64790 -17.07 60.82 1.53e-19 0.94105
64910 -24.30 65.88 1.58e-19 0.93902
64913 -18.05 67.59 1.65e-19 0.94104
64796 -5.47 63.42 1.64e-19 0.94043
65144 -55.70 70.89 1.46e-19 0.94762
64430 42.12 55.41 1.42e-19 0.95202
64433 46.66 53.94 1.36e-19 0.96301
64349 20.35 55.86 1.51e-19 0.94235
64352 25.62 55.44 1.49e-19 0.94412
64355 30.72 54.74 1.46e-19 0.94752
63383 65.50 62.76 1.44e-19 0.94931
63113 -138.30 76.00 1.19e-19 1.00279
64436 50.85 52.27 1.28e-19 0.97855
64334 -5.61 53.80 1.41e-19 0.95368
65504 -141.78 74.62 1.13e-19 1.01796
64331 -10.23 52.61 1.36e-19 0.96290
64328 -14.55 51.21 1.29e-19 0.97633
64169 15.00 41.00 1.06e-19 1.04425
64172 18.97 40.88 1.05e-19 1.04636
64175 6.71 43.52 1.13e-19 1.01817
64337 -0.72 54.74 1.46e-19 0.94752
64814 35.47 63.42 1.64e-19 0.94043
65147 -51.53 73.61 1.53e-19 0.94113
65249 96.90 68.78 1.33e-19 0.96700
64085 20.50 46.00 1.22e-19 0.99326
65336 -84.03 71.77 1.29e-19 0.97636
65252 98.64 65.84 1.25e-19 0.98562
65255 100.10 62.89 1.16e-19 1.01021
65330 -83.40 65.72 1.13e-19 1.01804
65333 -83.60 68.75 1.22e-19 0.99445
64418 20.81 58.85 1.58e-19 0.93906
64133 -154.30 79.50 1.28e-19 0.97966
65186 91.49 65.27 1.29e-19 0.97570
64136 -154.30 78.50 1.24e-19 0.98726
65183 88.92 68.10 1.38e-19 0.95893
65180 85.70 70.89 1.46e-19 0.94762
65192 95.42 59.53 1.10e-19 1.02759
65414 164.13 84.15 1.43e-19 0.95113
65432 121.61 68.04 1.14e-19 1.01530
65435 120.51 65.03 1.06e-19 1.04202
63263 -7.85 52.53 1.37e-19 0.96112
65429 123.21 71.02 1.22e-19 0.99451
65408 -134.13 84.15 1.43e-19 0.95113
63317 110.50 70.00 1.27e-19 0.98113
63311 115.98 69.92 1.23e-19 0.99057
65009 76.59 58.92 1.26e-19 0.98414
65015 -48.69 63.02 1.34e-19 0.96549
65012 -51.77 60.39 1.25e-19 0.98570
65528 -165.00 70.00 9.55e-20 1.08554
65531 -165.00 67.00 8.53e-20 1.13560
63413 52.73 55.69 1.36e-19 0.96167
64955 -46.59 58.92 1.26e-19 0.98414
64949 68.43 59.57 1.34e-19 0.96535
65111 57.58 76.63 1.67e-19 0.94420
65168 55.98 80.83 1.67e-19 0.94419
65108 46.27 78.38 1.71e-19 0.95188
65114 66.13 74.51 1.62e-19 0.93969
65117 72.61 72.15 1.56e-19 0.93946
64862 -0.65 67.20 1.71e-19 0.95185
64835 64.18 53.14 1.20e-19 0.99850
65456 -165.00 82.00 1.35e-19 0.96421
64469 -9.17 59.48 1.54e-19 0.94037
64475 2.41 61.35 1.62e-19 0.93970
64472 -3.56 60.56 1.59e-19 0.93904
65513 -177.19 75.64 1.15e-19 1.01244
65510 -165.00 76.00 1.16e-19 1.01074
65516 171.78 74.62 1.13e-19 1.01796
64451 -34.20 48.66 1.06e-19 1.04156
64454 -30.98 50.85 1.16e-19 1.01023
63905 -159.50 78.00 1.22e-19 0.99207
64289 24.88 52.47 1.41e-19 0.95392
64295 34.25 50.90 1.33e-19 0.96688
64292 29.66 51.81 1.38e-19 0.95899
64883 50.33 63.41 1.56e-19 0.93945
64880 44.43 64.97 1.62e-19 0.93973
65498 156.21 75.54 1.20e-19 0.99841
63584 -159.50 72.00 1.02e-19 1.05657
64886 55.56 61.63 1.49e-19 0.94413
64406 -2.00 57.66 1.53e-19 0.94110
65378 113.40 65.72 1.13e-19 1.01804
64403 -7.23 56.66 1.48e-19 0.94500
64400 -12.12 55.41 1.42e-19 0.95202
64223 -3.10 47.99 1.25e-19 0.98572
64220 -7.26 46.89 1.20e-19 0.99948
64118 -154.30 82.50 1.37e-19 0.96098
64121 -154.30 81.50 1.34e-19 0.96654
64226 1.25 48.86 1.29e-19 0.97581
64124 -154.30 80.50 1.31e-19 0.97276
63161 -58.62 69.66 1.41e-19 0.95339
