65006 73.24 61.42 1.63e-19 1.16767
65000 64.69 66.09 1.81e-19 1.12051
65003 69.32 63.82 1.73e-19 1.14147
63197 -35.09 66.19 1.80e-19 1.12073
64142 -154.30 75.50 1.40e-19 1.24336
63191 -39.22 67.15 1.79e-19 1.12365
65213 -57.99 77.44 1.83e-19 1.11524
65210 -61.92 74.59 1.77e-19 1.12960
65294 86.94 86.84 1.86e-19 1.10600
65291 15.00 89.00 1.87e-19 1.10455
65288 -56.94 86.84 1.86e-19 1.10600
65075 -57.47 61.57 1.50e-19 1.20893
62987 15.00 -74.00 -3.59e-20 -0.03593
65072 81.77 60.39 1.52e-19 1.20192
65486 -149.69 78.56 1.52e-19 1.20188
65069 78.69 63.02 1.63e-19 1.16982
65420 135.13 79.58 1.67e-19 1.15852
62981 15.00 -90.00 -6.11e-20 -0.06110
65483 -136.50 77.35 1.50e-19 1.20901
65156 -25.98 80.83 1.93e-19 1.08995
65426 125.59 73.95 1.56e-19 1.19099
65480 -126.21 75.54 1.47e-19 1.22065
63281 -2.95 47.55 1.51e-19 1.20667
63287 -1.51 45.84 1.45e-19 1.22614
65150 -45.89 76.23 1.87e-19 1.10490
65390 -91.61 68.04 1.40e-19 1.24459
63227 -18.77 60.10 1.79e-19 1.12462
65393 -93.21 71.02 1.49e-19 1.21495
65396 -95.59 73.95 1.56e-19 1.19099
63221 -21.51 61.46 1.80e-19 1.12139
63443 45.48 49.24 1.50e-19 1.21134
64046 20.50 70.00 1.96e-19 1.08383
64082 20.50 48.00 1.56e-19 1.18959
64043 20.50 72.00 1.96e-19 1.08564
64040 20.50 74.00 1.95e-19 1.08741
64781 -30.59 55.29 1.57e-19 1.18650
64778 -34.18 53.14 1.47e-19 1.22076
64784 -26.57 57.31 1.67e-19 1.15850
64079 20.50 50.00 1.63e-19 1.16881
64787 -22.08 59.16 1.75e-19 1.13579
64919 -2.88 70.09 1.96e-19 1.08374
64925 15.00 71.00 1.96e-19 1.08506
64922 5.86 70.77 1.96e-19 1.08389
64439 54.68 50.43 1.46e-19 1.22231
64445 61.37 46.31 1.25e-19 1.30573
64442 58.18 48.44 1.36e-19 1.26034
63119 -95.35 67.98 1.37e-19 1.25585
63125 -90.61 68.69 1.43e-19 1.23431
63377 68.74 63.99 1.73e-19 1.13920
64544 53.49 54.84 1.62e-19 1.17231
64187 23.29 43.52 1.39e-19 1.24856
64325 -18.58 49.61 1.49e-19 1.21481
63776 -159.50 74.00 1.34e-19 1.26727
64181 15.00 44.00 1.42e-19 1.23821
64178 10.84 43.88 1.41e-19 1.24080
64184 19.16 43.88 1.41e-19 1.24080
64013 -159.50 88.00 1.81e-19 1.12051
64250 37.26 46.89 1.46e-19 1.22221
64253 41.20 45.58 1.39e-19 1.24834
64073 20.50 54.00 1.75e-19 1.13484
64070 20.50 56.00 1.80e-19 1.12137
65246 94.74 71.70 1.70e-19 1.14852
65492 179.69 78.56 1.52e-19 1.20188
65243 91.92 74.59 1.77e-19 1.12960
65495 166.50 77.35 1.50e-19 1.20901
64076 20.50 52.00 1.69e-19 1.15061
65240 87.99 77.44 1.83e-19 1.11524
64208 23.74 46.51 1.50e-19 1.20904
64457 -27.42 52.92 1.52e-19 1.20186
65177 81.53 73.61 1.81e-19 1.11817
64166 11.03 40.88 1.29e-19 1.28681
64163 15.00 38.00 1.18e-19 1.33809
65171 67.87 78.68 1.91e-19 1.09569
64094 20.50 40.00 1.26e-19 1.30278
65174 75.89 76.23 1.87e-19 1.10490
64160 15.00 35.00 1.05e-19 1.40182
65387 -90.51 65.03 1.31e-19 1.28102
63257 -9.72 54.13 1.69e-19 1.15163
65297 96.36 83.93 1.85e-19 1.11042
63251 -11.73 55.69 1.72e-19 1.14258
65381 113.36 62.69 1.29e-19 1.28929
65384 113.42 59.64 1.18e-19 1.33819
65357 139.00 86.38 1.80e-19 1.12219
65348 -94.24 83.64 1.78e-19 1.12720
65351 -109.00 86.38 1.80e-19 1.12219
64091 20.50 42.00 1.34e-19 1.26946
65354 -165.00 88.00 1.81e-19 1.12056
63179 -48.39 68.69 1.76e-19 1.13311
63185 -43.65 67.98 1.78e-19 1.12770
63323 105.02 69.92 1.58e-19 1.18277
65342 -86.22 77.76 1.70e-19 1.14845
65345 -88.82 80.73 1.75e-19 1.13587
65339 -84.82 74.77 1.64e-19 1.16547
65045 15.00 77.00 1.96e-19 1.08506
65042 1.88 76.67 1.96e-19 1.08390
65039 -10.07 75.72 1.96e-19 1.08375
63407 54.89 57.20 1.68e-19 1.15552
65423 129.24 76.82 1.62e-19 1.17238
64823 52.08 59.16 1.75e-19 1.13579
65489 -165.00 79.00 1.53e-19 1.19972
64820 47.07 60.82 1.81e-19 1.11810
64967 -29.19 68.20 1.87e-19 1.10452
64964 -34.69 66.09 1.81e-19 1.12051
63401 57.23 58.68 1.70e-19 1.14959
63095 40.40 47.00 1.45e-19 1.22741
64961 -39.32 63.82 1.73e-19 1.14147
64958 -43.24 61.42 1.63e-19 1.16767
64826 56.57 57.31 1.67e-19 1.15850
65063 70.62 68.01 1.80e-19 1.12219
65126 84.80 64.32 1.61e-19 1.17602
65060 65.21 70.32 1.86e-19 1.10602
65123 81.58 67.01 1.70e-19 1.14890
65066 75.03 65.56 1.72e-19 1.14327
65120 77.61 69.63 1.78e-19 1.12721
64592 57.42 52.92 1.52e-19 1.20186
64499 49.14 56.59 1.70e-19 1.14843
65519 -154.87 72.69 1.29e-19 1.28665
65522 -165.00 73.00 1.30e-19 1.28399
65525 -175.13 72.69 1.29e-19 1.28665
63293 -0.15 44.10 1.39e-19 1.24806
64055 20.50 64.00 1.94e-19 1.08841
64052 20.50 66.00 1.96e-19 1.08506
64466 -14.37 58.15 1.77e-19 1.12962
64049 20.50 68.00 1.96e-19 1.08356
64463 -19.14 56.59 1.70e-19 1.14843
64460 -23.49 54.84 1.62e-19 1.17231
64889 60.17 59.65 1.70e-19 1.14894
64895 67.82 55.26 1.50e-19 1.20885
64892 64.24 57.52 1.61e-19 1.17595
65225 -22.03 85.01 1.91e-19 1.09437
64376 58.87 43.83 1.18e-19 1.33821
64004 -159.50 82.00 1.63e-19 1.16746
64370 52.30 47.83 1.39e-19 1.24827
64007 -159.50 84.00 1.70e-19 1.14943
64373 55.72 45.90 1.29e-19 1.28912
64229 5.74 49.49 1.61e-19 1.17600
64235 15.00 50.00 1.63e-19 1.16770
64232 10.34 49.87 1.63e-19 1.16971
64109 -154.30 85.50 1.74e-19 1.13717
64115 -154.30 83.50 1.68e-19 1.15319
64112 -154.30 84.50 1.71e-19 1.14488
63809 -159.50 76.00 1.42e-19 1.23772
64283 15.00 53.00 1.73e-19 1.14148
64280 10.03 52.87 1.72e-19 1.14340
64286 19.97 52.87 1.72e-19 1.14340
65312 105.25 69.00 1.56e-19 1.19097
65315 106.03 66.00 1.46e-19 1.22239
65309 104.36 72.00 1.64e-19 1.16551
65306 103.29 74.99 1.71e-19 1.14520
65198 -70.10 62.89 1.42e-19 1.23749
65201 -68.64 65.84 1.52e-19 1.20180
65204 -66.90 68.78 1.62e-19 1.17240
65207 -64.74 71.70 1.70e-19 1.14852
65300 99.91 80.96 1.81e-19 1.11814
65303 101.91 77.98 1.77e-19 1.12960
65078 -54.80 64.32 1.61e-19 1.17602
65081 -51.58 67.01 1.70e-19 1.14890
65411 -165.00 85.00 1.73e-19 1.14148
65084 -47.61 69.63 1.78e-19 1.12721
65087 -42.61 72.15 1.85e-19 1.11041
64859 -7.85 66.25 1.93e-19 1.08998
64865 7.04 67.80 1.96e-19 1.08375
65417 145.34 82.12 1.70e-19 1.14897
63329 99.62 69.66 1.62e-19 1.17207
63335 94.39 69.25 1.65e-19 1.16316
63449 43.95 47.55 1.45e-19 1.22848
63455 42.51 45.84 1.39e-19 1.24822
64994 52.64 70.09 1.92e-19 1.09313
64988 35.87 72.94 1.96e-19 1.08349
64991 44.88 71.70 1.95e-19 1.08618
63215 -24.50 62.76 1.81e-19 1.11942
65153 -37.87 78.68 1.91e-19 1.09569
64997 59.19 68.20 1.87e-19 1.10452
63209 -27.74 63.99 1.81e-19 1.11871
64934 40.90 69.01 1.95e-19 1.08702
64016 14.04 90.00 1.85e-19 1.10936
64931 32.88 70.09 1.96e-19 1.08374
63431 48.85 52.53 1.58e-19 1.18346
64928 24.14 70.77 1.96e-19 1.08389
64010 -159.50 86.00 1.75e-19 1.13383
63473 -159.50 70.00 1.18e-19 1.33726
64937 48.05 67.59 1.91e-19 1.09435
63437 47.11 50.90 1.54e-19 1.19636
65132 -65.42 59.53 1.36e-19 1.26152
65135 -63.62 62.41 1.47e-19 1.22056
65129 87.47 61.57 1.50e-19 1.20893
64772 64.20 48.66 1.31e-19 1.28040
64775 -37.39 50.87 1.36e-19 1.26175
64415 15.00 59.00 1.87e-19 1.10455
64412 9.19 58.85 1.86e-19 1.10600
64409 3.49 58.40 1.85e-19 1.11044
63137 -80.38 69.66 1.54e-19 1.19759
63131 -85.61 69.25 1.49e-19 1.21481
64316 -22.30 47.83 1.39e-19 1.24827
64313 -25.72 45.90 1.29e-19 1.28912
64310 -28.87 43.83 1.18e-19 1.33821
63155 -64.02 69.92 1.67e-19 1.15797
63149 -69.50 70.00 1.63e-19 1.16936
64259 -20.22 45.15 1.31e-19 1.28104
64265 -12.75 48.42 1.49e-19 1.21480
64262 -16.62 46.88 1.40e-19 1.24471
65327 -83.36 62.69 1.29e-19 1.28929
57281 15.00 -74.00 -3.59e-20 -0.03593
64100 -154.30 88.50 1.82e-19 1.11742
64103 -154.30 87.50 1.79e-19 1.12345
65237 82.04 80.22 1.87e-19 1.10492
65234 71.87 82.83 1.90e-19 1.09813
64106 -154.30 86.50 1.77e-19 1.13003
65231 52.03 85.01 1.91e-19 1.09437
65228 15.00 86.00 1.92e-19 1.09315
65267 -76.03 66.00 1.46e-19 1.22239
64088 20.50 44.00 1.41e-19 1.23968
64193 2.01 45.89 1.47e-19 1.22054
64190 -2.11 45.05 1.42e-19 1.23765
64157 -154.30 77.50 1.48e-19 1.21652
64154 -154.30 71.50 1.25e-19 1.30716
64151 -154.30 72.50 1.29e-19 1.28985
64148 -154.30 73.50 1.33e-19 1.27348
64196 6.26 46.51 1.50e-19 1.20904
64982 15.00 74.00 1.94e-19 1.09090
64985 25.77 73.73 1.96e-19 1.08506
65369 114.82 74.77 1.64e-19 1.16547
64979 4.23 73.73 1.96e-19 1.08506
65375 113.60 68.75 1.49e-19 1.21487
65372 114.03 71.77 1.57e-19 1.18751
65366 116.22 77.76 1.70e-19 1.14845
65360 124.24 83.64 1.78e-19 1.12720
65363 118.82 80.73 1.75e-19 1.13587
65459 174.45 81.43 1.63e-19 1.16982
65462 158.42 79.90 1.61e-19 1.17598
65465 147.41 77.77 1.57e-19 1.18661
63173 -53.39 69.25 1.73e-19 1.13986
65036 -20.23 74.26 1.95e-19 1.08702
65270 -75.25 69.00 1.56e-19 1.19097
65273 -74.36 72.00 1.64e-19 1.16551
64952 71.94 57.20 1.52e-19 1.20197
65276 -73.29 74.99 1.71e-19 1.14520
65030 -35.21 70.32 1.86e-19 1.10602
65033 -28.52 72.43 1.91e-19 1.09436
64808 22.07 64.82 1.95e-19 1.08703
64811 28.94 64.29 1.93e-19 1.08997
65501 148.54 73.33 1.42e-19 1.23754
63353 80.22 67.15 1.71e-19 1.14519
64817 41.53 62.26 1.87e-19 1.10495
63005 15.00 -90.00 -6.11e-20 -0.06110
63389 62.51 61.46 1.73e-19 1.14166
62999 15.00 -74.00 -3.59e-20 -0.03593
63395 59.77 60.10 1.71e-19 1.14491
65507 -152.81 75.64 1.41e-19 1.24062
65054 50.23 74.26 1.95e-19 1.08702
65096 -16.27 78.38 1.95e-19 1.08544
65051 40.07 75.72 1.96e-19 1.08375
65048 28.12 76.67 1.96e-19 1.08390
65090 -36.13 74.51 1.90e-19 1.09812
65093 -27.58 76.63 1.93e-19 1.08995
65057 58.52 72.43 1.91e-19 1.09436
64496 44.37 58.15 1.77e-19 1.12962
64490 33.56 60.56 1.87e-19 1.10494
64493 39.17 59.48 1.83e-19 1.11523
63017 15.00 -90.00 -6.11e-20 -0.06110
63305 121.38 69.66 1.46e-19 1.22492
63011 15.00 -74.00 -3.59e-20 -0.03593
63299 126.61 69.25 1.41e-19 1.24310
64058 20.50 62.00 1.92e-19 1.09366
64061 20.50 60.00 1.89e-19 1.10086
64067 20.50 58.00 1.85e-19 1.11007
64802 7.93 64.82 1.95e-19 1.08703
64805 15.00 65.00 1.95e-19 1.08618
64799 1.06 64.29 1.93e-19 1.08997
64907 -29.72 63.95 1.80e-19 1.12221
64904 -34.39 61.83 1.72e-19 1.14328
64898 -41.94 57.20 1.52e-19 1.20197
64901 -38.43 59.57 1.63e-19 1.16968
64829 60.59 55.29 1.57e-19 1.18650
64379 -31.37 46.31 1.25e-19 1.30573
64367 48.58 49.61 1.49e-19 1.21481
64364 44.55 51.21 1.57e-19 1.18747
64361 40.23 52.61 1.64e-19 1.16547
64358 35.61 53.80 1.70e-19 1.14855
63371 72.27 65.14 1.73e-19 1.13990
63101 -146.50 74.10 1.36e-19 1.25974
63107 41.70 76.00 1.96e-19 1.08400
63968 -159.50 80.00 1.57e-19 1.18805
64343 9.65 55.86 1.80e-19 1.12223
63365 76.09 66.19 1.72e-19 1.14181
64247 33.10 47.99 1.52e-19 1.20191
64340 4.38 55.44 1.78e-19 1.12728
64244 28.75 48.86 1.57e-19 1.18664
64238 19.66 49.87 1.63e-19 1.16971
64346 15.00 56.00 1.81e-19 1.12056
64241 24.26 49.49 1.61e-19 1.17600
64268 -8.62 49.77 1.56e-19 1.19099
64271 -4.25 50.90 1.62e-19 1.17227
64274 0.34 51.81 1.67e-19 1.15853
64277 5.12 52.47 1.70e-19 1.14900
65264 -76.74 62.99 1.36e-19 1.26032
65261 -77.40 59.97 1.25e-19 1.30572
65258 101.35 59.93 1.31e-19 1.28039
65324 -83.42 59.64 1.18e-19 1.33819
65321 107.40 59.97 1.25e-19 1.30572
65318 106.74 62.99 1.36e-19 1.26032
64145 -154.30 74.50 1.37e-19 1.25799
65189 93.62 62.41 1.47e-19 1.22056
65195 -71.35 59.93 1.31e-19 1.28039
64139 -154.30 76.50 1.44e-19 1.22955
65441 -105.01 72.61 1.46e-19 1.22232
65438 -101.49 69.80 1.39e-19 1.24843
65444 -110.04 75.29 1.52e-19 1.20184
65447 -117.41 77.77 1.57e-19 1.18661
63341 89.39 68.69 1.68e-19 1.15577
63347 84.65 67.98 1.70e-19 1.14975
65018 -45.03 65.56 1.72e-19 1.14327
65027 -40.62 68.01 1.80e-19 1.12219
65159 -8.31 82.40 1.95e-19 1.08702
63239 -16.23 58.68 1.77e-19 1.12920
63245 -13.89 57.20 1.75e-19 1.13502
65165 38.31 82.40 1.95e-19 1.08702
63419 50.72 54.13 1.62e-19 1.17252
64943 59.72 63.95 1.80e-19 1.12221
64946 64.39 61.83 1.72e-19 1.14328
64847 -30.17 59.65 1.70e-19 1.14894
65141 -58.92 68.10 1.67e-19 1.15847
65138 -61.49 65.27 1.57e-19 1.18653
64838 67.39 50.87 1.36e-19 1.26175
64841 -37.82 55.26 1.50e-19 1.20885
64844 -34.24 57.52 1.61e-19 1.17595
64478 8.63 61.84 1.91e-19 1.09438
64481 15.00 62.00 1.92e-19 1.09315
64484 21.37 61.84 1.91e-19 1.09438
64487 27.59 61.35 1.90e-19 1.09813
64421 26.51 58.40 1.85e-19 1.11044
64424 32.00 57.66 1.81e-19 1.11814
64853 -20.33 63.41 1.85e-19 1.11041
64850 -25.56 61.63 1.78e-19 1.12729
64856 -14.43 64.97 1.90e-19 1.09815
63143 -74.98 69.92 1.58e-19 1.18268
64307 50.22 45.15 1.31e-19 1.28104
64298 38.62 49.77 1.56e-19 1.19099
64301 42.75 48.42 1.49e-19 1.21480
64304 46.62 46.88 1.40e-19 1.24471
64874 30.65 67.20 1.95e-19 1.08542
64868 15.00 68.00 1.96e-19 1.08349
64871 22.96 67.80 1.96e-19 1.08375
64877 37.85 66.25 1.93e-19 1.08998
64022 20.50 86.00 1.92e-19 1.09323
64025 20.50 84.00 1.94e-19 1.08811
64397 -16.66 53.94 1.64e-19 1.16558
64019 20.50 88.00 1.89e-19 1.10029
64394 -20.85 52.27 1.56e-19 1.19097
64388 -28.18 48.44 1.36e-19 1.26034
64391 -24.68 50.43 1.46e-19 1.22231
64214 32.11 45.05 1.42e-19 1.23765
64097 -154.30 89.50 1.84e-19 1.11191
64211 27.99 45.89 1.47e-19 1.22054
65219 -52.04 80.22 1.87e-19 1.10492
64217 -11.20 45.58 1.39e-19 1.24834
65222 -41.87 82.83 1.90e-19 1.09813
64427 37.23 56.66 1.77e-19 1.12964
64199 10.61 46.88 1.52e-19 1.20212
64202 15.00 47.00 1.53e-19 1.19972
64205 19.39 46.88 1.52e-19 1.20212
64976 -5.87 72.94 1.96e-19 1.08349
64973 -14.88 71.70 1.95e-19 1.08618
64970 -22.64 70.09 1.92e-19 1.09313
65450 -128.42 79.90 1.61e-19 1.17598
65453 -144.45 81.43 1.63e-19 1.16982
65162 15.00 83.00 1.95e-19 1.08618
63203 -31.27 65.14 1.81e-19 1.11916
65279 -71.91 77.98 1.77e-19 1.12960
65285 -66.36 83.93 1.85e-19 1.11042
65282 -69.91 80.96 1.81e-19 1.11814
65471 135.01 72.61 1.46e-19 1.22232
65468 140.04 75.29 1.52e-19 1.20184
65474 131.49 69.80 1.39e-19 1.24843
65477 -118.54 73.33 1.42e-19 1.23754
62993 15.00 -90.00 -6.11e-20 -0.06110
64940 54.30 65.88 1.86e-19 1.10597
65099 -1.81 79.57 1.96e-19 1.08375
65105 31.81 79.57 1.96e-19 1.08375
65102 15.00 80.00 1.96e-19 1.08349
64688 60.98 50.85 1.42e-19 1.23751
65405 -115.34 82.12 1.70e-19 1.14897
65402 -105.13 79.58 1.67e-19 1.15852
65399 -99.24 76.82 1.62e-19 1.17238
63269 -6.11 50.90 1.61e-19 1.17504
63275 -4.48 49.24 1.56e-19 1.18977
64037 20.50 76.00 1.96e-19 1.08580
64034 20.50 78.00 1.96e-19 1.08392
64028 20.50 82.00 1.96e-19 1.08489
64031 20.50 80.00 1.96e-19 1.08352
64916 -10.90 69.01 1.95e-19 1.08702
64793 -11.53 62.26 1.87e-19 1.10495
64790 -17.07 60.82 1.81e-19 1.11810
64910 -24.30 65.88 1.86e-19 1.10597
64913 -18.05 67.59 1.91e-19 1.09435
64796 -5.47 63.42 1.91e-19 1.09567
65144 -55.70 70.89 1.75e-19 1.13591
64430 42.12 55.41 1.71e-19 1.14527
64433 46.66 53.94 1.64e-19 1.16558
64349 20.35 55.86 1.80e-19 1.12223
64352 25.62 55.44 1.78e-19 1.12728
64355 30.72 54.74 1.75e-19 1.13581
63383 65.50 62.76 1.73e-19 1.13974
63113 -138.30 76.00 1.45e-19 1.22694
64436 50.85 52.27 1.56e-19 1.19097
64334 -5.61 53.80 1.70e-19 1.14855
65504 -141.78 74.62 1.39e-19 1.24831
64331 -10.23 52.61 1.64e-19 1.16547
64328 -14.55 51.21 1.57e-19 1.18747
64169 15.00 41.00 1.30e-19 1.28399
64172 18.97 40.88 1.29e-19 1.28681
64175 6.71 43.52 1.39e-19 1.24856
64337 -0.72 54.74 1.75e-19 1.13581
64814 35.47 63.42 1.91e-19 1.09567
65147 -51.53 73.61 1.81e-19 1.11817
65249 96.90 68.78 1.62e-19 1.17240
64085 20.50 46.00 1.49e-19 1.21314
65336 -84.03 71.77 1.57e-19 1.18751
65252 98.64 65.84 1.52e-19 1.20180
65255 100.10 62.89 1.42e-19 1.23749
65330 -83.40 65.72 1.39e-19 1.24840
65333 -83.60 68.75 1.49e-19 1.21487
64418 20.81 58.85 1.86e-19 1.10600
64133 -154.30 79.50 1.55e-19 1.19269
65186 91.49 65.27 1.57e-19 1.18653
64136 -154.30 78.50 1.52e-19 1.20424
65183 88.92 68.10 1.67e-19 1.15847
65180 85.70 70.89 1.75e-19 1.13591
65192 95.42 59.53 1.36e-19 1.26152
65414 164.13 84.15 1.72e-19 1.14341
65432 121.61 68.04 1.40e-19 1.24459
65435 120.51 65.03 1.31e-19 1.28102
63263 -7.85 52.53 1.65e-19 1.16237
65429 123.21 71.02 1.49e-19 1.21495
65408 -134.13 84.15 1.72e-19 1.14341
63317 110.50 70.00 1.55e-19 1.19495
63311 115.98 69.92 1.50e-19 1.20914
65009 76.59 58.92 1.53e-19 1.19959
65015 -48.69 63.02 1.63e-19 1.16982
65012 -51.77 60.39 1.52e-19 1.20192
65528 -165.00 70.00 1.18e-19 1.33809
65531 -165.00 67.00 1.05e-19 1.40182
63413 52.73 55.69 1.65e-19 1.16326
64955 -46.59 58.92 1.53e-19 1.19959
64949 68.43 59.57 1.63e-19 1.16968
65111 57.58 76.63 1.93e-19 1.08995
65168 55.98 80.83 1.93e-19 1.08995
65108 46.27 78.38 1.95e-19 1.08544
65114 66.13 74.51 1.90e-19 1.09812
65117 72.61 72.15 1.85e-19 1.11041
64862 -0.65 67.20 1.95e-19 1.08542
64835 64.18 53.14 1.47e-19 1.22076
65456 -165.00 82.00 1.63e-19 1.16770
64469 -9.17 59.48 1.83e-19 1.11523
64475 2.41 61.35 1.90e-19 1.09813
64472 -3.56 60.56 1.87e-19 1.10494
65513 -177.19 75.64 1.41e-19 1.24062
65510 -165.00 76.00 1.42e-19 1.23821
65516 171.78 74.62 1.39e-19 1.24831
64451 -34.20 48.66 1.31e-19 1.28040
64454 -30.98 50.85 1.42e-19 1.23751
63905 -159.50 78.00 1.50e-19 1.21140
64289 24.88 52.47 1.70e-19 1.14900
64295 34.25 50.90 1.62e-19 1.17227
64292 29.66 51.81 1.67e-19 1.15853
64883 50.33 63.41 1.85e-19 1.11041
64880 44.43 64.97 1.90e-19 1.09815
65498 156.21 75.54 1.47e-19 1.22065
63584 -159.50 72.00 1.26e-19 1.30033
64886 55.56 61.63 1.78e-19 1.12729
64406 -2.00 57.66 1.81e-19 1.11814
65378 113.40 65.72 1.39e-19 1.24840
64403 -7.23 56.66 1.77e-19 1.12964
64400 -12.12 55.41 1.71e-19 1.14527
64223 -3.10 47.99 1.52e-19 1.20191
64220 -7.26 46.89 1.46e-19 1.22221
64118 -154.30 82.50 1.65e-19 1.16210
64121 -154.30 81.50 1.62e-19 1.17164
64226 1.25 48.86 1.57e-19 1.18664
64124 -154.30 80.50 1.59e-19 1.18183
63161 -58.62 69.66 1.70e-19 1.14807
