65006 73.24 61.42 1.00e-19 0.71713
65000 64.69 66.09 1.15e-19 0.71312
65003 69.32 63.82 1.08e-19 0.71530
63197 -35.09 66.19 1.15e-19 0.71314
64142 -154.30 75.50 8.13e-20 0.72009
63191 -39.22 67.15 1.14e-19 0.71356
65213 -57.99 77.44 1.17e-19 0.71244
65210 -61.92 74.59 1.12e-19 0.71418
65294 86.94 86.84 1.20e-19 0.71096
65291 15.00 89.00 1.20e-19 0.71068
65288 -56.94 86.84 1.20e-19 0.71096
65075 -57.47 61.57 8.94e-20 0.71906
62987 15.00 -74.00 -3.73e-20 -0.03725
65072 81.77 60.39 9.11e-20 0.71872
65486 -149.69 78.56 9.11e-20 0.71869
65069 78.69 63.02 9.98e-20 0.71734
65420 135.13 79.58 1.03e-19 0.71659
62981 15.00 -90.00 -8.55e-20 -0.08550
65483 -136.50 77.35 8.94e-20 0.71912
65156 -25.98 80.83 1.25e-19 0.70669
65426 125.59 73.95 9.40e-20 0.71835
65480 -126.21 75.54 8.65e-20 0.71943
63281 -2.95 47.55 8.99e-20 0.71890
63287 -1.51 45.84 8.53e-20 0.71968
65150 -45.89 76.23 1.20e-19 0.71074
65390 -91.61 68.04 8.11e-20 0.72010
63227 -18.77 60.10 1.14e-19 0.71365
65393 -93.21 71.02 8.79e-20 0.71934
65396 -95.59 73.95 9.40e-20 0.71835
63221 -21.51 61.46 1.15e-19 0.71324
63443 45.48 49.24 8.88e-20 0.71909
64046 20.50 70.00 1.27e-19 0.69908
64082 20.50 48.00 9.43e-20 0.71827
64043 20.50 72.00 1.26e-19 0.69669
64040 20.50 74.00 1.25e-19 0.69521
64781 -30.59 55.29 9.51e-20 0.71808
64778 -34.18 53.14 8.65e-20 0.71952
64784 -26.57 57.31 1.03e-19 0.71658
64079 20.50 50.00 1.00e-19 0.71722
64787 -22.08 59.16 1.10e-19 0.71474
64919 -2.88 70.09 1.27e-19 0.70205
64925 15.00 71.00 1.26e-19 0.69729
64922 5.86 70.77 1.27e-19 0.69895
64439 54.68 50.43 8.62e-20 0.71951
64445 61.37 46.31 6.90e-20 0.72130
64442 58.18 48.44 7.78e-20 0.72058
63119 -95.35 67.98 7.87e-20 0.72038
63125 -90.61 68.69 8.34e-20 0.71995
63377 68.74 63.99 1.09e-19 0.71511
64544 53.49 54.84 9.90e-20 0.71737
64187 23.29 43.52 8.02e-20 0.72029
64325 -18.58 49.61 8.79e-20 0.71923
63776 -159.50 74.00 7.63e-20 0.72063
64181 15.00 44.00 8.25e-20 0.71996
64178 10.84 43.88 8.19e-20 0.72006
64184 19.16 43.88 8.19e-20 0.72006
64013 -159.50 88.00 1.15e-19 0.71315
64250 37.26 46.89 8.61e-20 0.71943
64253 41.20 45.58 8.02e-20 0.72011
64073 20.50 54.00 1.10e-19 0.71471
64070 20.50 56.00 1.15e-19 0.71326
65246 94.74 71.70 1.06e-19 0.71590
65492 179.69 78.56 9.11e-20 0.71869
65243 91.92 74.59 1.12e-19 0.71418
65495 166.50 77.35 8.94e-20 0.71912
64076 20.50 52.00 1.05e-19 0.71603
65240 87.99 77.44 1.17e-19 0.71244
64208 23.74 46.51 8.94e-20 0.71915
64457 -27.42 52.92 9.12e-20 0.71879
65177 81.53 73.61 1.16e-19 0.71285
64166 11.03 40.88 7.25e-20 0.72097
64163 15.00 38.00 6.35e-20 0.72168
65171 67.87 78.68 1.23e-19 0.70863
64094 20.50 40.00 6.95e-20 0.72124
65174 75.89 76.23 1.20e-19 0.71074
64160 15.00 35.00 5.43e-20 0.72219
65387 -90.51 65.03 7.35e-20 0.72082
63257 -9.72 54.13 1.05e-19 0.71614
65297 96.36 83.93 1.18e-19 0.71171
63251 -11.73 55.69 1.08e-19 0.71545
65381 113.36 62.69 7.20e-20 0.72112
65384 113.42 59.64 6.35e-20 0.72177
65357 139.00 86.38 1.14e-19 0.71335
65348 -94.24 83.64 1.13e-19 0.71391
65351 -109.00 86.38 1.14e-19 0.71335
64091 20.50 42.00 7.59e-20 0.72068
65354 -165.00 88.00 1.15e-19 0.71316
63179 -48.39 68.69 1.11e-19 0.71457
63185 -43.65 67.98 1.13e-19 0.71400
63323 105.02 69.92 9.62e-20 0.71802
65342 -86.22 77.76 1.06e-19 0.71584
65345 -88.82 80.73 1.10e-19 0.71481
65339 -84.82 74.77 1.01e-19 0.71700
65045 15.00 77.00 1.26e-19 0.69729
65042 1.88 76.67 1.27e-19 0.69895
65039 -10.07 75.72 1.27e-19 0.70205
63407 54.89 57.20 1.04e-19 0.71633
65423 129.24 76.82 9.90e-20 0.71743
64823 52.08 59.16 1.10e-19 0.71474
65489 -165.00 79.00 9.17e-20 0.71870
64820 47.07 60.82 1.16e-19 0.71279
64967 -29.19 68.20 1.20e-19 0.71066
64964 -34.69 66.09 1.15e-19 0.71312
63401 57.23 58.68 1.06e-19 0.71601
63095 40.40 47.00 8.50e-20 0.71965
64961 -39.32 63.82 1.08e-19 0.71530
64958 -43.24 61.42 1.00e-19 0.71713
64826 56.57 57.31 1.03e-19 0.71658
65063 70.62 68.01 1.14e-19 0.71335
65126 84.80 64.32 9.80e-20 0.71765
65060 65.21 70.32 1.20e-19 0.71097
65123 81.58 67.01 1.06e-19 0.71588
65066 75.03 65.56 1.08e-19 0.71543
65120 77.61 69.63 1.13e-19 0.71392
64592 57.42 52.92 9.12e-20 0.71879
64499 49.14 56.59 1.06e-19 0.71582
65519 -154.87 72.69 7.24e-20 0.72084
65522 -165.00 73.00 7.30e-20 0.72095
65525 -175.13 72.69 7.24e-20 0.72084
63293 -0.15 44.10 8.03e-20 0.72027
64055 20.50 64.00 1.26e-19 0.70599
64052 20.50 66.00 1.27e-19 0.70381
64466 -14.37 58.15 1.12e-19 0.71419
64049 20.50 68.00 1.27e-19 0.70150
64463 -19.14 56.59 1.06e-19 0.71582
64460 -23.49 54.84 9.90e-20 0.71737
64889 60.17 59.65 1.06e-19 0.71592
64895 67.82 55.26 8.94e-20 0.71899
64892 64.24 57.52 9.80e-20 0.71760
65225 -22.03 85.01 1.24e-19 0.70826
64376 58.87 43.83 6.35e-20 0.72177
64004 -159.50 82.00 1.00e-19 0.71714
64370 52.30 47.83 8.02e-20 0.72005
64007 -159.50 84.00 1.06e-19 0.71595
64373 55.72 45.90 7.20e-20 0.72098
64229 5.74 49.49 9.80e-20 0.71764
64235 15.00 50.00 1.00e-19 0.71715
64232 10.34 49.87 9.98e-20 0.71724
64109 -154.30 85.50 1.10e-19 0.71493
64115 -154.30 83.50 1.05e-19 0.71622
64112 -154.30 84.50 1.07e-19 0.71559
63809 -159.50 76.00 8.26e-20 0.71994
64283 15.00 53.00 1.08e-19 0.71531
64280 10.03 52.87 1.08e-19 0.71553
64286 19.97 52.87 1.08e-19 0.71553
65312 105.25 69.00 9.40e-20 0.71832
65315 106.03 66.00 8.62e-20 0.71957
65309 104.36 72.00 1.01e-19 0.71703
65306 103.29 74.99 1.07e-19 0.71559
65198 -70.10 62.89 8.26e-20 0.71985
65201 -68.64 65.84 9.11e-20 0.71874
65204 -66.90 68.78 9.90e-20 0.71744
65207 -64.74 71.70 1.06e-19 0.71590
65300 99.91 80.96 1.16e-19 0.71282
65303 101.91 77.98 1.12e-19 0.71418
65078 -54.80 64.32 9.80e-20 0.71765
65081 -51.58 67.01 1.06e-19 0.71588
65411 -165.00 85.00 1.08e-19 0.71531
65084 -47.61 69.63 1.13e-19 0.71392
65087 -42.61 72.15 1.18e-19 0.71171
64859 -7.85 66.25 1.25e-19 0.70671
64865 7.04 67.80 1.27e-19 0.70205
65417 145.34 82.12 1.06e-19 0.71594
63329 99.62 69.66 9.91e-20 0.71737
63335 94.39 69.25 1.02e-19 0.71688
63449 43.95 47.55 8.47e-20 0.71961
63455 42.51 45.84 8.03e-20 0.72028
64994 52.64 70.09 1.24e-19 0.70785
64988 35.87 72.94 1.27e-19 0.70118
64991 44.88 71.70 1.27e-19 0.70471
63215 -24.50 62.76 1.15e-19 0.71298
65153 -37.87 78.68 1.23e-19 0.70863
64997 59.19 68.20 1.20e-19 0.71066
63209 -27.74 63.99 1.16e-19 0.71291
64934 40.90 69.01 1.26e-19 0.70524
64016 14.04 90.00 1.19e-19 0.71154
64931 32.88 70.09 1.27e-19 0.70205
63431 48.85 52.53 9.60e-20 0.71796
64928 24.14 70.77 1.27e-19 0.69895
64010 -159.50 86.00 1.11e-19 0.71462
63473 -159.50 70.00 6.36e-20 0.72167
64937 48.05 67.59 1.24e-19 0.70824
63437 47.11 50.90 9.25e-20 0.71851
65132 -65.42 59.53 7.75e-20 0.72048
65135 -63.62 62.41 8.65e-20 0.71936
65129 87.47 61.57 8.94e-20 0.71906
64772 64.20 48.66 7.37e-20 0.72084
64775 -37.39 50.87 7.75e-20 0.72066
64415 15.00 59.00 1.20e-19 0.71068
64412 9.19 58.85 1.20e-19 0.71096
64409 3.49 58.40 1.18e-19 0.71173
63137 -80.38 69.66 9.22e-20 0.71852
63131 -85.61 69.25 8.79e-20 0.71921
64316 -22.30 47.83 8.02e-20 0.72005
64313 -25.72 45.90 7.20e-20 0.72098
64310 -28.87 43.83 6.35e-20 0.72177
63155 -64.02 69.92 1.03e-19 0.71660
63149 -69.50 70.00 9.99e-20 0.71725
64259 -20.22 45.15 7.36e-20 0.72083
64265 -12.75 48.42 8.79e-20 0.71922
64262 -16.62 46.88 8.11e-20 0.72020
65327 -83.36 62.69 7.20e-20 0.72112
57281 15.00 -74.00 -3.73e-20 -0.03725
64100 -154.30 88.50 1.16e-19 0.71275
64103 -154.30 87.50 1.14e-19 0.71351
65237 82.04 80.22 1.20e-19 0.71075
65234 71.87 82.83 1.23e-19 0.70928
64106 -154.30 86.50 1.12e-19 0.71424
65231 52.03 85.01 1.24e-19 0.70826
65228 15.00 86.00 1.24e-19 0.70787
65267 -76.03 66.00 8.62e-20 0.71957
64088 20.50 44.00 8.22e-20 0.71999
64193 2.01 45.89 8.65e-20 0.71935
64190 -2.11 45.05 8.26e-20 0.71998
64157 -154.30 77.50 8.75e-20 0.71931
64154 -154.30 71.50 6.87e-20 0.72131
64151 -154.30 72.50 7.19e-20 0.72104
64148 -154.30 73.50 7.51e-20 0.72075
64196 6.26 46.51 8.94e-20 0.71915
64982 15.00 74.00 1.23e-19 0.69300
64985 25.77 73.73 1.26e-19 0.69729
65369 114.82 74.77 1.01e-19 0.71700
64979 4.23 73.73 1.26e-19 0.69729
65375 113.60 68.75 8.79e-20 0.71928
65372 114.03 71.77 9.49e-20 0.71825
65366 116.22 77.76 1.06e-19 0.71584
65360 124.24 83.64 1.13e-19 0.71391
65363 118.82 80.73 1.10e-19 0.71481
65459 174.45 81.43 9.98e-20 0.71733
65462 158.42 79.90 9.80e-20 0.71762
65465 147.41 77.77 9.51e-20 0.71817
63173 -53.39 69.25 1.09e-19 0.71517
65036 -20.23 74.26 1.26e-19 0.70524
65270 -75.25 69.00 9.40e-20 0.71832
65273 -74.36 72.00 1.01e-19 0.71703
64952 71.94 57.20 9.11e-20 0.71876
65276 -73.29 74.99 1.07e-19 0.71559
65030 -35.21 70.32 1.20e-19 0.71097
65033 -28.52 72.43 1.24e-19 0.70825
64808 22.07 64.82 1.26e-19 0.70525
64811 28.94 64.29 1.25e-19 0.70670
65501 148.54 73.33 8.26e-20 0.71989
63353 80.22 67.15 1.07e-19 0.71565
64817 41.53 62.26 1.20e-19 0.71078
63005 15.00 -90.00 -8.55e-20 -0.08550
63389 62.51 61.46 1.08e-19 0.71531
62999 15.00 -74.00 -3.73e-20 -0.03725
63395 59.77 60.10 1.07e-19 0.71560
65507 -152.81 75.64 8.19e-20 0.71991
65054 50.23 74.26 1.26e-19 0.70524
65096 -16.27 78.38 1.27e-19 0.70414
65051 40.07 75.72 1.27e-19 0.70205
65048 28.12 76.67 1.27e-19 0.69895
65090 -36.13 74.51 1.23e-19 0.70927
65093 -27.58 76.63 1.25e-19 0.70669
65057 58.52 72.43 1.24e-19 0.70825
64496 44.37 58.15 1.12e-19 0.71419
64490 33.56 60.56 1.20e-19 0.71077
64493 39.17 59.48 1.17e-19 0.71243
63017 15.00 -90.00 -8.55e-20 -0.08550
63305 121.38 69.66 8.55e-20 0.71947
63011 15.00 -74.00 -3.73e-20 -0.03725
63299 126.61 69.25 8.14e-20 0.72004
64058 20.50 62.00 1.24e-19 0.70803
64061 20.50 60.00 1.22e-19 0.70992
64067 20.50 58.00 1.18e-19 0.71166
64802 7.93 64.82 1.26e-19 0.70525
64805 15.00 65.00 1.27e-19 0.70470
64799 1.06 64.29 1.25e-19 0.70670
64907 -29.72 63.95 1.14e-19 0.71337
64904 -34.39 61.83 1.08e-19 0.71543
64898 -41.94 57.20 9.11e-20 0.71876
64901 -38.43 59.57 9.98e-20 0.71721
64829 60.59 55.29 9.51e-20 0.71808
64379 -31.37 46.31 6.90e-20 0.72130
64367 48.58 49.61 8.79e-20 0.71923
64364 44.55 51.21 9.49e-20 0.71822
64361 40.23 52.61 1.01e-19 0.71700
64358 35.61 53.80 1.06e-19 0.71593
63371 72.27 65.14 1.09e-19 0.71518
63101 -146.50 74.10 7.78e-20 0.72048
63107 41.70 76.00 1.27e-19 0.70254
63968 -159.50 80.00 9.47e-20 0.71820
64343 9.65 55.86 1.14e-19 0.71338
63365 76.09 66.19 1.08e-19 0.71529
64247 33.10 47.99 9.12e-20 0.71883
64340 4.38 55.44 1.13e-19 0.71398
64244 28.75 48.86 9.51e-20 0.71820
64238 19.66 49.87 9.98e-20 0.71724
64346 15.00 56.00 1.15e-19 0.71316
64241 24.26 49.49 9.80e-20 0.71764
64268 -8.62 49.77 9.40e-20 0.71834
64271 -4.25 50.90 9.90e-20 0.71733
64274 0.34 51.81 1.03e-19 0.71660
64277 5.12 52.47 1.06e-19 0.71597
65264 -76.74 62.99 7.78e-20 0.72057
65261 -77.40 59.97 6.90e-20 0.72130
65258 101.35 59.93 7.37e-20 0.72083
65324 -83.42 59.64 6.35e-20 0.72177
65321 107.40 59.97 6.90e-20 0.72130
65318 106.74 62.99 7.78e-20 0.72057
64145 -154.30 74.50 7.82e-20 0.72044
65189 93.62 62.41 8.65e-20 0.71936
65195 -71.35 59.93 7.37e-20 0.72083
64139 -154.30 76.50 8.45e-20 0.71971
65441 -105.01 72.61 8.62e-20 0.71952
65438 -101.49 69.80 8.02e-20 0.72019
65444 -110.04 75.29 9.12e-20 0.71877
65447 -117.41 77.77 9.51e-20 0.71817
63341 89.39 68.69 1.04e-19 0.71643
63347 84.65 67.98 1.06e-19 0.71598
65018 -45.03 65.56 1.08e-19 0.71543
65027 -40.62 68.01 1.14e-19 0.71335
65159 -8.31 82.40 1.26e-19 0.70525
63239 -16.23 58.68 1.12e-19 0.71419
63245 -13.89 57.20 1.10e-19 0.71469
65165 38.31 82.40 1.26e-19 0.70525
63419 50.72 54.13 9.90e-20 0.71746
64943 59.72 63.95 1.14e-19 0.71337
64946 64.39 61.83 1.08e-19 0.71543
64847 -30.17 59.65 1.06e-19 0.71592
65141 -58.92 68.10 1.03e-19 0.71655
65138 -61.49 65.27 9.51e-20 0.71810
64838 67.39 50.87 7.75e-20 0.72066
64841 -37.82 55.26 8.94e-20 0.71899
64844 -34.24 57.52 9.80e-20 0.71760
64478 8.63 61.84 1.24e-19 0.70826
64481 15.00 62.00 1.24e-19 0.70787
64484 21.37 61.84 1.24e-19 0.70826
64487 27.59 61.35 1.23e-19 0.70928
64421 26.51 58.40 1.18e-19 0.71173
64424 32.00 57.66 1.16e-19 0.71283
64853 -20.33 63.41 1.18e-19 0.71170
64850 -25.56 61.63 1.13e-19 0.71399
64856 -14.43 64.97 1.23e-19 0.70929
63143 -74.98 69.92 9.62e-20 0.71802
64307 50.22 45.15 7.36e-20 0.72083
64298 38.62 49.77 9.40e-20 0.71834
64301 42.75 48.42 8.79e-20 0.71922
64304 46.62 46.88 8.11e-20 0.72020
64874 30.65 67.20 1.27e-19 0.70414
64868 15.00 68.00 1.27e-19 0.70118
64871 22.96 67.80 1.27e-19 0.70205
64877 37.85 66.25 1.25e-19 0.70671
64022 20.50 86.00 1.24e-19 0.70789
64025 20.50 84.00 1.26e-19 0.70584
64397 -16.66 53.94 1.01e-19 0.71709
64019 20.50 88.00 1.22e-19 0.70979
64394 -20.85 52.27 9.40e-20 0.71832
64388 -28.18 48.44 7.78e-20 0.72058
64391 -24.68 50.43 8.62e-20 0.71951
64214 32.11 45.05 8.26e-20 0.71998
64097 -154.30 89.50 1.18e-19 0.71195
64211 27.99 45.89 8.65e-20 0.71935
65219 -52.04 80.22 1.20e-19 0.71075
64217 -11.20 45.58 8.02e-20 0.72011
65222 -41.87 82.83 1.23e-19 0.70928
64427 37.23 56.66 1.12e-19 0.71421
64199 10.61 46.88 9.11e-20 0.71888
64202 15.00 47.00 9.17e-20 0.71870
64205 19.39 46.88 9.11e-20 0.71888
64976 -5.87 72.94 1.27e-19 0.70118
64973 -14.88 71.70 1.27e-19 0.70471
64970 -22.64 70.09 1.24e-19 0.70785
65450 -128.42 79.90 9.80e-20 0.71762
65453 -144.45 81.43 9.98e-20 0.71733
65162 15.00 83.00 1.27e-19 0.70470
63203 -31.27 65.14 1.15e-19 0.71298
65279 -71.91 77.98 1.12e-19 0.71418
65285 -66.36 83.93 1.18e-19 0.71171
65282 -69.91 80.96 1.16e-19 0.71282
65471 135.01 72.61 8.62e-20 0.71952
65468 140.04 75.29 9.12e-20 0.71877
65474 131.49 69.80 8.02e-20 0.72019
65477 -118.54 73.33 8.26e-20 0.71989
62993 15.00 -90.00 -8.55e-20 -0.08550
64940 54.30 65.88 1.20e-19 0.71094
65099 -1.81 79.57 1.27e-19 0.70205
65105 31.81 79.57 1.27e-19 0.70205
65102 15.00 80.00 1.27e-19 0.70118
64688 60.98 50.85 8.26e-20 0.71986
65405 -115.34 82.12 1.06e-19 0.71594
65402 -105.13 79.58 1.03e-19 0.71659
65399 -99.24 76.82 9.90e-20 0.71743
63269 -6.11 50.90 9.83e-20 0.71752
63275 -4.48 49.24 9.43e-20 0.71824
64037 20.50 76.00 1.26e-19 0.69653
64034 20.50 78.00 1.27e-19 0.69890
64028 20.50 82.00 1.27e-19 0.70365
64031 20.50 80.00 1.27e-19 0.70133
64916 -10.90 69.01 1.26e-19 0.70524
64793 -11.53 62.26 1.20e-19 0.71078
64790 -17.07 60.82 1.16e-19 0.71279
64910 -24.30 65.88 1.20e-19 0.71094
64913 -18.05 67.59 1.24e-19 0.70824
64796 -5.47 63.42 1.23e-19 0.70861
65144 -55.70 70.89 1.10e-19 0.71484
64430 42.12 55.41 1.07e-19 0.71566
64433 46.66 53.94 1.01e-19 0.71709
64349 20.35 55.86 1.14e-19 0.71338
64352 25.62 55.44 1.13e-19 0.71398
64355 30.72 54.74 1.10e-19 0.71475
63383 65.50 62.76 1.09e-19 0.71512
63113 -138.30 76.00 8.51e-20 0.71964
64436 50.85 52.27 9.40e-20 0.71832
64334 -5.61 53.80 1.06e-19 0.71593
65504 -141.78 74.62 8.02e-20 0.72009
64331 -10.23 52.61 1.01e-19 0.71700
64328 -14.55 51.21 9.49e-20 0.71822
64169 15.00 41.00 7.30e-20 0.72095
64172 18.97 40.88 7.25e-20 0.72097
64175 6.71 43.52 8.02e-20 0.72029
64337 -0.72 54.74 1.10e-19 0.71475
64814 35.47 63.42 1.23e-19 0.70861
65147 -51.53 73.61 1.16e-19 0.71285
65249 96.90 68.78 9.90e-20 0.71744
64085 20.50 46.00 8.83e-20 0.71919
65336 -84.03 71.77 9.49e-20 0.71825
65252 98.64 65.84 9.11e-20 0.71874
65255 100.10 62.89 8.26e-20 0.71985
65330 -83.40 65.72 8.02e-20 0.72017
65333 -83.60 68.75 8.79e-20 0.71928
64418 20.81 58.85 1.20e-19 0.71096
64133 -154.30 79.50 9.35e-20 0.71841
65186 91.49 65.27 9.51e-20 0.71810
64136 -154.30 78.50 9.05e-20 0.71887
65183 88.92 68.10 1.03e-19 0.71655
65180 85.70 70.89 1.10e-19 0.71484
65192 95.42 59.53 7.75e-20 0.72048
65414 164.13 84.15 1.08e-19 0.71554
65432 121.61 68.04 8.11e-20 0.72010
65435 120.51 65.03 7.35e-20 0.72082
63263 -7.85 52.53 1.02e-19 0.71680
65429 123.21 71.02 8.79e-20 0.71934
65408 -134.13 84.15 1.08e-19 0.71554
63317 110.50 70.00 9.29e-20 0.71850
63311 115.98 69.92 8.94e-20 0.71914
65009 76.59 58.92 9.17e-20 0.71859
65015 -48.69 63.02 9.98e-20 0.71734
65012 -51.77 60.39 9.11e-20 0.71872
65528 -165.00 70.00 6.35e-20 0.72168
65531 -165.00 67.00 5.43e-20 0.72219
63413 52.73 55.69 1.02e-19 0.71694
64955 -46.59 58.92 9.17e-20 0.71859
64949 68.43 59.57 9.98e-20 0.71721
65111 57.58 76.63 1.25e-19 0.70669
65168 55.98 80.83 1.25e-19 0.70669
65108 46.27 78.38 1.27e-19 0.70414
65114 66.13 74.51 1.23e-19 0.70927
65117 72.61 72.15 1.18e-19 0.71171
64862 -0.65 67.20 1.27e-19 0.70414
64835 64.18 53.14 8.65e-20 0.71952
65456 -165.00 82.00 1.00e-19 0.71715
64469 -9.17 59.48 1.17e-19 0.71243
64475 2.41 61.35 1.23e-19 0.70928
64472 -3.56 60.56 1.20e-19 0.71077
65513 -177.19 75.64 8.19e-20 0.71991
65510 -165.00 76.00 8.25e-20 0.71996
65516 171.78 74.62 8.02e-20 0.72009
64451 -34.20 48.66 7.37e-20 0.72084
64454 -30.98 50.85 8.26e-20 0.71986
63905 -159.50 78.00 8.88e-20 0.71913
64289 24.88 52.47 1.06e-19 0.71597
64295 34.25 50.90 9.90e-20 0.71733
64292 29.66 51.81 1.03e-19 0.71660
64883 50.33 63.41 1.18e-19 0.71170
64880 44.43 64.97 1.23e-19 0.70929
65498 156.21 75.54 8.65e-20 0.71943
63584 -159.50 72.00 7.00e-20 0.72121
64886 55.56 61.63 1.13e-19 0.71399
64406 -2.00 57.66 1.16e-19 0.71283
65378 113.40 65.72 8.02e-20 0.72017
64403 -7.23 56.66 1.12e-19 0.71421
64400 -12.12 55.41 1.07e-19 0.71566
64223 -3.10 47.99 9.12e-20 0.71883
64220 -7.26 46.89 8.61e-20 0.71943
64118 -154.30 82.50 1.02e-19 0.71681
64121 -154.30 81.50 9.92e-20 0.71738
64226 1.25 48.86 9.51e-20 0.71820
64124 -154.30 80.50 9.64e-20 0.71791
63161 -58.62 69.66 1.06e-19 0.71582
