65006 73.24 61.42 4.95e-20 0.35374
65000 64.69 66.09 5.32e-20 0.33000
65003 69.32 63.82 5.14e-20 0.33992
63197 -35.09 66.19 5.32e-20 0.33010
64142 -154.30 75.50 4.50e-20 0.39799
63191 -39.22 67.15 5.29e-20 0.33138
65213 -57.99 77.44 5.37e-20 0.32776
65210 -61.92 74.59 5.24e-20 0.33413
65294 86.94 86.84 5.47e-20 0.32424
65291 15.00 89.00 5.48e-20 0.32375
65288 -56.94 86.84 5.47e-20 0.32424
65075 -57.47 61.57 4.69e-20 0.37727
62987 15.00 -74.00 -3.05e-21 -0.00305
65072 81.77 60.39 4.73e-20 0.37320
65486 -149.69 78.56 4.73e-20 0.37319
65069 78.69 63.02 4.94e-20 0.35489
65420 135.13 79.58 5.01e-20 0.34877
62981 15.00 -90.00 -2.98e-21 -0.00298
65483 -136.50 77.35 4.69e-20 0.37729
65156 -25.98 80.83 5.69e-20 0.32079
65426 125.59 73.95 4.80e-20 0.36683
65480 -126.21 75.54 4.62e-20 0.38424
63281 -2.95 47.55 4.70e-20 0.37598
63287 -1.51 45.84 4.59e-20 0.38750
65150 -45.89 76.23 5.48e-20 0.32387
65390 -91.61 68.04 4.49e-20 0.39875
63227 -18.77 60.10 5.28e-20 0.33182
65393 -93.21 71.02 4.66e-20 0.38080
65396 -95.59 73.95 4.80e-20 0.36683
63221 -21.51 61.46 5.31e-20 0.33038
63443 45.48 49.24 4.68e-20 0.37872
64046 20.50 70.00 5.97e-20 0.32952
64082 20.50 48.00 4.81e-20 0.36603
64043 20.50 72.00 6.04e-20 0.33492
64040 20.50 74.00 6.08e-20 0.33876
64781 -30.59 55.29 4.83e-20 0.36429
64778 -34.18 53.14 4.62e-20 0.38427
64784 -26.57 57.31 5.01e-20 0.34876
64079 20.50 50.00 4.94e-20 0.35435
64787 -22.08 59.16 5.18e-20 0.33712
64919 -2.88 70.09 5.87e-20 0.32439
64925 15.00 71.00 6.02e-20 0.33347
64922 5.86 70.77 5.98e-20 0.32979
64439 54.68 50.43 4.61e-20 0.38523
64445 61.37 46.31 4.18e-20 0.43698
64442 58.18 48.44 4.41e-20 0.40840
63119 -95.35 67.98 4.43e-20 0.40567
63125 -90.61 68.69 4.55e-20 0.39242
63377 68.74 63.99 5.16e-20 0.33878
64544 53.49 54.84 4.92e-20 0.35631
64187 23.29 43.52 4.47e-20 0.40114
64325 -18.58 49.61 4.66e-20 0.38077
63776 -159.50 74.00 4.37e-20 0.41276
64181 15.00 44.00 4.52e-20 0.39484
64178 10.84 43.88 4.51e-20 0.39640
64184 19.16 43.88 4.51e-20 0.39640
64013 -159.50 88.00 5.32e-20 0.32999
64250 37.26 46.89 4.61e-20 0.38521
64253 41.20 45.58 4.47e-20 0.40109
64073 20.50 54.00 5.19e-20 0.33664
64070 20.50 56.00 5.31e-20 0.33037
65246 94.74 71.70 5.09e-20 0.34350
65492 179.69 78.56 4.73e-20 0.37319
65243 91.92 74.59 5.24e-20 0.33413
65495 166.50 77.35 4.69e-20 0.37729
64076 20.50 52.00 5.07e-20 0.34460
65240 87.99 77.44 5.37e-20 0.32776
64208 23.74 46.51 4.69e-20 0.37729
64457 -27.42 52.92 4.73e-20 0.37312
65177 81.53 73.61 5.34e-20 0.32898
64166 11.03 40.88 4.27e-20 0.42502
64163 15.00 38.00 4.03e-20 0.45768
65171 67.87 78.68 5.60e-20 0.32136
64094 20.50 40.00 4.19e-20 0.43512
65174 75.89 76.23 5.48e-20 0.32387
64160 15.00 35.00 3.75e-20 0.49875
65387 -90.51 65.03 4.30e-20 0.42140
63257 -9.72 54.13 5.06e-20 0.34512
65297 96.36 83.93 5.42e-20 0.32585
63251 -11.73 55.69 5.13e-20 0.34046
65381 113.36 62.69 4.26e-20 0.42653
65384 113.42 59.64 4.03e-20 0.45771
65357 139.00 86.38 5.30e-20 0.33074
65348 -94.24 83.64 5.26e-20 0.33301
65351 -109.00 86.38 5.30e-20 0.33074
64091 20.50 42.00 4.36e-20 0.41412
65354 -165.00 88.00 5.32e-20 0.33001
63179 -48.39 68.69 5.21e-20 0.33579
63185 -43.65 67.98 5.25e-20 0.33324
63323 105.02 69.92 4.85e-20 0.36211
65342 -86.22 77.76 5.09e-20 0.34349
65345 -88.82 80.73 5.18e-20 0.33714
65339 -84.82 74.77 4.96e-20 0.35254
65045 15.00 77.00 6.02e-20 0.33347
65042 1.88 76.67 5.98e-20 0.32978
65039 -10.07 75.72 5.88e-20 0.32440
63407 54.89 57.20 5.03e-20 0.34720
65423 129.24 76.82 4.92e-20 0.35632
64823 52.08 59.16 5.18e-20 0.33712
65489 -165.00 79.00 4.74e-20 0.37188
64820 47.07 60.82 5.34e-20 0.32897
64967 -29.19 68.20 5.48e-20 0.32374
64964 -34.69 66.09 5.32e-20 0.33000
63401 57.23 58.68 5.08e-20 0.34404
63095 40.40 47.00 4.58e-20 0.38830
64961 -39.32 63.82 5.14e-20 0.33992
64958 -43.24 61.42 4.95e-20 0.35374
64826 56.57 57.31 5.01e-20 0.34876
65063 70.62 68.01 5.30e-20 0.33074
65126 84.80 64.32 4.89e-20 0.35833
65060 65.21 70.32 5.47e-20 0.32424
65123 81.58 67.01 5.08e-20 0.34372
65066 75.03 65.56 5.13e-20 0.34084
65120 77.61 69.63 5.26e-20 0.33302
64592 57.42 52.92 4.73e-20 0.37312
64499 49.14 56.59 5.09e-20 0.34348
65519 -154.87 72.69 4.27e-20 0.42499
65522 -165.00 73.00 4.29e-20 0.42323
65525 -175.13 72.69 4.27e-20 0.42499
63293 -0.15 44.10 4.47e-20 0.40083
64055 20.50 64.00 5.72e-20 0.32093
64052 20.50 66.00 5.81e-20 0.32233
64466 -14.37 58.15 5.24e-20 0.33414
64049 20.50 68.00 5.89e-20 0.32521
64463 -19.14 56.59 5.09e-20 0.34348
64460 -23.49 54.84 4.92e-20 0.35631
64889 60.17 59.65 5.08e-20 0.34373
64895 67.82 55.26 4.69e-20 0.37725
64892 64.24 57.52 4.89e-20 0.35832
65225 -22.03 85.01 5.62e-20 0.32113
64376 58.87 43.83 4.03e-20 0.45771
64004 -159.50 82.00 4.95e-20 0.35361
64370 52.30 47.83 4.47e-20 0.40108
64007 -159.50 84.00 5.08e-20 0.34399
64373 55.72 45.90 4.26e-20 0.42649
64229 5.74 49.49 4.89e-20 0.35833
64235 15.00 50.00 4.95e-20 0.35374
64232 10.34 49.87 4.94e-20 0.35486
64109 -154.30 85.50 5.17e-20 0.33778
64115 -154.30 83.50 5.05e-20 0.34595
64112 -154.30 84.50 5.11e-20 0.34164
63809 -159.50 76.00 4.53e-20 0.39454
64283 15.00 53.00 5.14e-20 0.33992
64280 10.03 52.87 5.13e-20 0.34087
64286 19.97 52.87 5.13e-20 0.34087
65312 105.25 69.00 4.80e-20 0.36682
65315 106.03 66.00 4.61e-20 0.38524
65309 104.36 72.00 4.96e-20 0.35255
65306 103.29 74.99 5.11e-20 0.34181
65198 -70.10 62.89 4.53e-20 0.39445
65201 -68.64 65.84 4.73e-20 0.37311
65204 -66.90 68.78 4.92e-20 0.35633
65207 -64.74 71.70 5.09e-20 0.34350
65300 99.91 80.96 5.34e-20 0.32898
65303 101.91 77.98 5.24e-20 0.33413
65078 -54.80 64.32 4.89e-20 0.35833
65081 -51.58 67.01 5.08e-20 0.34372
65411 -165.00 85.00 5.14e-20 0.33992
65084 -47.61 69.63 5.26e-20 0.33302
65087 -42.61 72.15 5.42e-20 0.32585
64859 -7.85 66.25 5.69e-20 0.32081
64865 7.04 67.80 5.88e-20 0.32440
65417 145.34 82.12 5.08e-20 0.34373
63329 99.62 69.66 4.92e-20 0.35617
63335 94.39 69.25 4.98e-20 0.35127
63449 43.95 47.55 4.58e-20 0.38898
63455 42.51 45.84 4.47e-20 0.40093
64994 52.64 70.09 5.63e-20 0.32095
64988 35.87 72.94 5.90e-20 0.32570
64991 44.88 71.70 5.78e-20 0.32159
63215 -24.50 62.76 5.33e-20 0.32953
65153 -37.87 78.68 5.60e-20 0.32136
64997 59.19 68.20 5.48e-20 0.32374
63209 -27.74 63.99 5.33e-20 0.32922
64934 40.90 69.01 5.75e-20 0.32124
64016 14.04 90.00 5.43e-20 0.32545
64931 32.88 70.09 5.87e-20 0.32439
63431 48.85 52.53 4.85e-20 0.36255
64928 24.14 70.77 5.98e-20 0.32979
64010 -159.50 86.00 5.20e-20 0.33615
63473 -159.50 70.00 4.03e-20 0.45715
64937 48.05 67.59 5.62e-20 0.32112
63437 47.11 50.90 4.76e-20 0.36995
65132 -65.42 59.53 4.40e-20 0.40920
65135 -63.62 62.41 4.62e-20 0.38423
65129 87.47 61.57 4.69e-20 0.37727
64772 64.20 48.66 4.30e-20 0.42100
64775 -37.39 50.87 4.40e-20 0.40925
64415 15.00 59.00 5.48e-20 0.32375
64412 9.19 58.85 5.47e-20 0.32424
64409 3.49 58.40 5.42e-20 0.32585
63137 -80.38 69.66 4.76e-20 0.37069
63131 -85.61 69.25 4.66e-20 0.38078
64316 -22.30 47.83 4.47e-20 0.40108
64313 -25.72 45.90 4.26e-20 0.42649
64310 -28.87 43.83 4.03e-20 0.45771
63155 -64.02 69.92 5.02e-20 0.34846
63149 -69.50 70.00 4.94e-20 0.35466
64259 -20.22 45.15 4.30e-20 0.42141
64265 -12.75 48.42 4.66e-20 0.38077
64262 -16.62 46.88 4.49e-20 0.39877
65327 -83.36 62.69 4.26e-20 0.42653
57281 15.00 -74.00 -3.05e-21 -0.00305
64100 -154.30 88.50 5.35e-20 0.32866
64103 -154.30 87.50 5.29e-20 0.33130
65237 82.04 80.22 5.48e-20 0.32387
65234 71.87 82.83 5.56e-20 0.32189
64106 -154.30 86.50 5.23e-20 0.33433
65231 52.03 85.01 5.62e-20 0.32113
65228 15.00 86.00 5.63e-20 0.32096
65267 -76.03 66.00 4.61e-20 0.38524
64088 20.50 44.00 4.52e-20 0.39574
64193 2.01 45.89 4.62e-20 0.38422
64190 -2.11 45.05 4.53e-20 0.39448
64157 -154.30 77.50 4.65e-20 0.38177
64154 -154.30 71.50 4.17e-20 0.43790
64151 -154.30 72.50 4.26e-20 0.42693
64148 -154.30 73.50 4.34e-20 0.41663
64196 6.26 46.51 4.69e-20 0.37729
64982 15.00 74.00 6.13e-20 0.34523
64985 25.77 73.73 6.02e-20 0.33347
65369 114.82 74.77 4.96e-20 0.35254
64979 4.23 73.73 6.02e-20 0.33347
65375 113.60 68.75 4.66e-20 0.38078
65372 114.03 71.77 4.82e-20 0.36480
65366 116.22 77.76 5.09e-20 0.34349
65360 124.24 83.64 5.26e-20 0.33301
65363 118.82 80.73 5.18e-20 0.33714
65459 174.45 81.43 4.94e-20 0.35489
65462 158.42 79.90 4.89e-20 0.35832
65465 147.41 77.77 4.83e-20 0.36431
63173 -53.39 69.25 5.15e-20 0.33911
65036 -20.23 74.26 5.75e-20 0.32124
65270 -75.25 69.00 4.80e-20 0.36682
65273 -74.36 72.00 4.96e-20 0.35255
64952 71.94 57.20 4.73e-20 0.37321
65276 -73.29 74.99 5.11e-20 0.34181
65030 -35.21 70.32 5.47e-20 0.32424
65033 -28.52 72.43 5.62e-20 0.32113
64808 22.07 64.82 5.75e-20 0.32125
64811 28.94 64.29 5.69e-20 0.32081
65501 148.54 73.33 4.53e-20 0.39446
63353 80.22 67.15 5.11e-20 0.34179
64817 41.53 62.26 5.48e-20 0.32388
63005 15.00 -90.00 -2.98e-21 -0.00298
63389 62.51 61.46 5.14e-20 0.34002
62999 15.00 -74.00 -3.05e-21 -0.00305
63395 59.77 60.10 5.11e-20 0.34166
65507 -152.81 75.64 4.51e-20 0.39637
65054 50.23 74.26 5.75e-20 0.32124
65096 -16.27 78.38 5.80e-20 0.32203
65051 40.07 75.72 5.88e-20 0.32440
65048 28.12 76.67 5.98e-20 0.32978
65090 -36.13 74.51 5.56e-20 0.32189
65093 -27.58 76.63 5.69e-20 0.32080
65057 58.52 72.43 5.62e-20 0.32113
64496 44.37 58.15 5.24e-20 0.33414
64490 33.56 60.56 5.48e-20 0.32388
64493 39.17 59.48 5.37e-20 0.32776
63017 15.00 -90.00 -2.98e-21 -0.00298
63305 121.38 69.66 4.60e-20 0.38685
63011 15.00 -74.00 -3.05e-21 -0.00305
63299 126.61 69.25 4.50e-20 0.39785
64058 20.50 62.00 5.63e-20 0.32102
64061 20.50 60.00 5.53e-20 0.32261
64067 20.50 58.00 5.42e-20 0.32571
64802 7.93 64.82 5.75e-20 0.32125
64805 15.00 65.00 5.78e-20 0.32159
64799 1.06 64.29 5.69e-20 0.32081
64907 -29.72 63.95 5.30e-20 0.33074
64904 -34.39 61.83 5.13e-20 0.34084
64898 -41.94 57.20 4.73e-20 0.37321
64901 -38.43 59.57 4.94e-20 0.35486
64829 60.59 55.29 4.83e-20 0.36429
64379 -31.37 46.31 4.18e-20 0.43698
64367 48.58 49.61 4.66e-20 0.38077
64364 44.55 51.21 4.82e-20 0.36480
64361 40.23 52.61 4.96e-20 0.35254
64358 35.61 53.80 5.09e-20 0.34351
63371 72.27 65.14 5.15e-20 0.33913
63101 -146.50 74.10 4.41e-20 0.40808
63107 41.70 76.00 5.86e-20 0.32374
63968 -159.50 80.00 4.82e-20 0.36515
64343 9.65 55.86 5.30e-20 0.33075
63365 76.09 66.19 5.14e-20 0.34010
64247 33.10 47.99 4.73e-20 0.37313
64340 4.38 55.44 5.26e-20 0.33303
64244 28.75 48.86 4.83e-20 0.36431
64238 19.66 49.87 4.94e-20 0.35486
64346 15.00 56.00 5.32e-20 0.33001
64241 24.26 49.49 4.89e-20 0.35833
64268 -8.62 49.77 4.80e-20 0.36683
64271 -4.25 50.90 4.92e-20 0.35630
64274 0.34 51.81 5.01e-20 0.34877
64277 5.12 52.47 5.08e-20 0.34374
65264 -76.74 62.99 4.41e-20 0.40839
65261 -77.40 59.97 4.18e-20 0.43698
65258 101.35 59.93 4.30e-20 0.42100
65324 -83.42 59.64 4.03e-20 0.45771
65321 107.40 59.97 4.18e-20 0.43698
65318 106.74 62.99 4.41e-20 0.40839
64145 -154.30 74.50 4.42e-20 0.40699
65189 93.62 62.41 4.62e-20 0.38423
65195 -71.35 59.93 4.30e-20 0.42100
64139 -154.30 76.50 4.57e-20 0.38959
65441 -105.01 72.61 4.61e-20 0.38523
65438 -101.49 69.80 4.47e-20 0.40111
65444 -110.04 75.29 4.73e-20 0.37312
65447 -117.41 77.77 4.83e-20 0.36431
63341 89.39 68.69 5.03e-20 0.34730
63347 84.65 67.98 5.08e-20 0.34415
65018 -45.03 65.56 5.13e-20 0.34084
65027 -40.62 68.01 5.30e-20 0.33074
65159 -8.31 82.40 5.75e-20 0.32125
63239 -16.23 58.68 5.24e-20 0.33393
63245 -13.89 57.20 5.19e-20 0.33674
65165 38.31 82.40 5.75e-20 0.32125
63419 50.72 54.13 4.92e-20 0.35638
64943 59.72 63.95 5.30e-20 0.33074
64946 64.39 61.83 5.13e-20 0.34084
64847 -30.17 59.65 5.08e-20 0.34373
65141 -58.92 68.10 5.01e-20 0.34876
65138 -61.49 65.27 4.83e-20 0.36429
64838 67.39 50.87 4.40e-20 0.40925
64841 -37.82 55.26 4.69e-20 0.37725
64844 -34.24 57.52 4.89e-20 0.35832
64478 8.63 61.84 5.62e-20 0.32114
64481 15.00 62.00 5.63e-20 0.32096
64484 21.37 61.84 5.62e-20 0.32114
64487 27.59 61.35 5.56e-20 0.32189
64421 26.51 58.40 5.42e-20 0.32585
64424 32.00 57.66 5.34e-20 0.32898
64853 -20.33 63.41 5.42e-20 0.32584
64850 -25.56 61.63 5.26e-20 0.33304
64856 -14.43 64.97 5.56e-20 0.32190
63143 -74.98 69.92 4.85e-20 0.36206
64307 50.22 45.15 4.30e-20 0.42141
64298 38.62 49.77 4.80e-20 0.36683
64301 42.75 48.42 4.66e-20 0.38077
64304 46.62 46.88 4.49e-20 0.39877
64874 30.65 67.20 5.80e-20 0.32202
64868 15.00 68.00 5.90e-20 0.32570
64871 22.96 67.80 5.88e-20 0.32440
64877 37.85 66.25 5.69e-20 0.32081
64022 20.50 86.00 5.63e-20 0.32097
64025 20.50 84.00 5.73e-20 0.32098
64397 -16.66 53.94 4.96e-20 0.35256
64019 20.50 88.00 5.53e-20 0.32245
64394 -20.85 52.27 4.80e-20 0.36682
64388 -28.18 48.44 4.41e-20 0.40840
64391 -24.68 50.43 4.61e-20 0.38523
64214 32.11 45.05 4.53e-20 0.39448
64097 -154.30 89.50 5.40e-20 0.32642
64211 27.99 45.89 4.62e-20 0.38422
65219 -52.04 80.22 5.48e-20 0.32387
64217 -11.20 45.58 4.47e-20 0.40109
65222 -41.87 82.83 5.56e-20 0.32189
64427 37.23 56.66 5.24e-20 0.33414
64199 10.61 46.88 4.73e-20 0.37324
64202 15.00 47.00 4.74e-20 0.37188
64205 19.39 46.88 4.73e-20 0.37324
64976 -5.87 72.94 5.90e-20 0.32570
64973 -14.88 71.70 5.78e-20 0.32159
64970 -22.64 70.09 5.63e-20 0.32095
65450 -128.42 79.90 4.89e-20 0.35832
65453 -144.45 81.43 4.94e-20 0.35489
65162 15.00 83.00 5.78e-20 0.32159
63203 -31.27 65.14 5.33e-20 0.32941
65279 -71.91 77.98 5.24e-20 0.33413
65285 -66.36 83.93 5.42e-20 0.32585
65282 -69.91 80.96 5.34e-20 0.32898
65471 135.01 72.61 4.61e-20 0.38523
65468 140.04 75.29 4.73e-20 0.37312
65474 131.49 69.80 4.47e-20 0.40111
65477 -118.54 73.33 4.53e-20 0.39446
62993 15.00 -90.00 -2.98e-21 -0.00298
64940 54.30 65.88 5.47e-20 0.32423
65099 -1.81 79.57 5.88e-20 0.32440
65105 31.81 79.57 5.88e-20 0.32440
65102 15.00 80.00 5.90e-20 0.32570
64688 60.98 50.85 4.53e-20 0.39445
65405 -115.34 82.12 5.08e-20 0.34373
65402 -105.13 79.58 5.01e-20 0.34877
65399 -99.24 76.82 4.92e-20 0.35632
63269 -6.11 50.90 4.90e-20 0.35782
63275 -4.48 49.24 4.81e-20 0.36615
64037 20.50 76.00 6.04e-20 0.33531
64034 20.50 78.00 5.98e-20 0.32987
64028 20.50 82.00 5.82e-20 0.32248
64031 20.50 80.00 5.90e-20 0.32546
64916 -10.90 69.01 5.75e-20 0.32124
64793 -11.53 62.26 5.48e-20 0.32388
64790 -17.07 60.82 5.34e-20 0.32897
64910 -24.30 65.88 5.47e-20 0.32423
64913 -18.05 67.59 5.62e-20 0.32112
64796 -5.47 63.42 5.60e-20 0.32135
65144 -55.70 70.89 5.19e-20 0.33715
64430 42.12 55.41 5.11e-20 0.34183
64433 46.66 53.94 4.96e-20 0.35256
64349 20.35 55.86 5.30e-20 0.33075
64352 25.62 55.44 5.26e-20 0.33303
64355 30.72 54.74 5.18e-20 0.33713
63383 65.50 62.76 5.15e-20 0.33907
63113 -138.30 76.00 4.59e-20 0.38801
64436 50.85 52.27 4.80e-20 0.36682
64334 -5.61 53.80 5.09e-20 0.34351
65504 -141.78 74.62 4.47e-20 0.40109
64331 -10.23 52.61 4.96e-20 0.35254
64328 -14.55 51.21 4.82e-20 0.36480
64169 15.00 41.00 4.29e-20 0.42323
64172 18.97 40.88 4.27e-20 0.42502
64175 6.71 43.52 4.47e-20 0.40114
64337 -0.72 54.74 5.18e-20 0.33713
64814 35.47 63.42 5.60e-20 0.32135
65147 -51.53 73.61 5.34e-20 0.32898
65249 96.90 68.78 4.92e-20 0.35633
64085 20.50 46.00 4.67e-20 0.37977
65336 -84.03 71.77 4.82e-20 0.36480
65252 98.64 65.84 4.73e-20 0.37311
65255 100.10 62.89 4.53e-20 0.39445
65330 -83.40 65.72 4.47e-20 0.40110
65333 -83.60 68.75 4.66e-20 0.38078
64418 20.81 58.85 5.47e-20 0.32424
64133 -154.30 79.50 4.79e-20 0.36781
65186 91.49 65.27 4.83e-20 0.36429
64136 -154.30 78.50 4.72e-20 0.37452
65183 88.92 68.10 5.01e-20 0.34876
65180 85.70 70.89 5.19e-20 0.33715
65192 95.42 59.53 4.40e-20 0.40920
65414 164.13 84.15 5.13e-20 0.34087
65432 121.61 68.04 4.49e-20 0.39875
65435 120.51 65.03 4.30e-20 0.42140
63263 -7.85 52.53 4.99e-20 0.35085
65429 123.21 71.02 4.66e-20 0.38080
65408 -134.13 84.15 5.13e-20 0.34087
63317 110.50 70.00 4.77e-20 0.36911
63311 115.98 69.92 4.69e-20 0.37736
65009 76.59 58.92 4.74e-20 0.37186
65015 -48.69 63.02 4.94e-20 0.35489
65012 -51.77 60.39 4.73e-20 0.37320
65528 -165.00 70.00 4.03e-20 0.45768
65531 -165.00 67.00 3.75e-20 0.49875
63413 52.73 55.69 4.98e-20 0.35131
64955 -46.59 58.92 4.74e-20 0.37186
64949 68.43 59.57 4.94e-20 0.35486
65111 57.58 76.63 5.69e-20 0.32080
65168 55.98 80.83 5.69e-20 0.32079
65108 46.27 78.38 5.80e-20 0.32203
65114 66.13 74.51 5.56e-20 0.32189
65117 72.61 72.15 5.42e-20 0.32585
64862 -0.65 67.20 5.80e-20 0.32202
64835 64.18 53.14 4.62e-20 0.38427
65456 -165.00 82.00 4.95e-20 0.35374
64469 -9.17 59.48 5.37e-20 0.32776
64475 2.41 61.35 5.56e-20 0.32189
64472 -3.56 60.56 5.48e-20 0.32388
65513 -177.19 75.64 4.51e-20 0.39637
65510 -165.00 76.00 4.52e-20 0.39484
65516 171.78 74.62 4.47e-20 0.40109
64451 -34.20 48.66 4.30e-20 0.42100
64454 -30.98 50.85 4.53e-20 0.39445
63905 -159.50 78.00 4.68e-20 0.37874
64289 24.88 52.47 5.08e-20 0.34374
64295 34.25 50.90 4.92e-20 0.35630
64292 29.66 51.81 5.01e-20 0.34877
64883 50.33 63.41 5.42e-20 0.32584
64880 44.43 64.97 5.56e-20 0.32190
65498 156.21 75.54 4.62e-20 0.38424
63584 -159.50 72.00 4.21e-20 0.43356
64886 55.56 61.63 5.26e-20 0.33304
64406 -2.00 57.66 5.34e-20 0.32898
65378 113.40 65.72 4.47e-20 0.40110
64403 -7.23 56.66 5.24e-20 0.33414
64400 -12.12 55.41 5.11e-20 0.34183
64223 -3.10 47.99 4.73e-20 0.37313
64220 -7.26 46.89 4.61e-20 0.38521
64118 -154.30 82.50 4.99e-20 0.35070
64121 -154.30 81.50 4.92e-20 0.35591
64226 1.25 48.86 4.83e-20 0.36431
64124 -154.30 80.50 4.86e-20 0.36161
63161 -58.62 69.66 5.09e-20 0.34329
