65006 73.24 61.42 1.60e-19 1.14147
65000 64.69 66.09 1.84e-19 1.14181
65003 69.32 63.82 1.73e-19 1.14274
63197 -35.09 66.19 1.84e-19 1.14182
64142 -154.30 75.50 1.28e-19 1.13183
63191 -39.22 67.15 1.82e-19 1.14220
65213 -57.99 77.44 1.87e-19 1.14117
65210 -61.92 74.59 1.79e-19 1.14252
65294 86.94 86.84 1.92e-19 1.13926
65291 15.00 89.00 1.93e-19 1.13883
65288 -56.94 86.84 1.92e-19 1.13926
65075 -57.47 61.57 1.41e-19 1.13695
62987 15.00 -74.00 4.56e-21 0.00456
65072 81.77 60.39 1.44e-19 1.13773
65486 -149.69 78.56 1.44e-19 1.13767
65069 78.69 63.02 1.59e-19 1.14145
65420 135.13 79.58 1.64e-19 1.14217
62981 15.00 -90.00 1.17e-20 0.01174
65483 -136.50 77.35 1.41e-19 1.13706
65156 -25.98 80.83 2.01e-19 1.13108
65426 125.59 73.95 1.49e-19 1.13922
65480 -126.21 75.54 1.37e-19 1.13527
63281 -2.95 47.55 1.42e-19 1.13710
63287 -1.51 45.84 1.34e-19 1.13460
65150 -45.89 76.23 1.93e-19 1.13893
65390 -91.61 68.04 1.27e-19 1.13160
63227 -18.77 60.10 1.82e-19 1.14225
65393 -93.21 71.02 1.39e-19 1.13627
65396 -95.59 73.95 1.49e-19 1.13922
63221 -21.51 61.46 1.84e-19 1.14192
63443 45.48 49.24 1.40e-19 1.13651
64046 20.50 70.00 2.01e-19 1.11069
64082 20.50 48.00 1.50e-19 1.13935
64043 20.50 72.00 1.99e-19 1.10336
64040 20.50 74.00 1.97e-19 1.09869
64781 -30.59 55.29 1.51e-19 1.13961
64778 -34.18 53.14 1.37e-19 1.13541
64784 -26.57 57.31 1.64e-19 1.14214
64079 20.50 50.00 1.59e-19 1.14141
64787 -22.08 59.16 1.76e-19 1.14261
64919 -2.88 70.09 2.03e-19 1.11930
64925 15.00 71.00 2.00e-19 1.10523
64922 5.86 70.77 2.01e-19 1.11030
64439 54.68 50.43 1.36e-19 1.13508
64445 61.37 46.31 1.07e-19 1.12127
64442 58.18 48.44 1.22e-19 1.12925
63119 -95.35 67.98 1.23e-19 1.12980
63125 -90.61 68.69 1.31e-19 1.13344
63377 68.74 63.99 1.74e-19 1.14275
64544 53.49 54.84 1.57e-19 1.14103
64187 23.29 43.52 1.26e-19 1.13114
64325 -18.58 49.61 1.39e-19 1.13608
63776 -159.50 74.00 1.19e-19 1.12792
64181 15.00 44.00 1.30e-19 1.13264
64178 10.84 43.88 1.29e-19 1.13230
64184 19.16 43.88 1.29e-19 1.13230
64013 -159.50 88.00 1.84e-19 1.14186
64250 37.26 46.89 1.36e-19 1.13494
64253 41.20 45.58 1.26e-19 1.13084
64073 20.50 54.00 1.76e-19 1.14272
64070 20.50 56.00 1.84e-19 1.14195
65246 94.74 71.70 1.69e-19 1.14265
65492 179.69 78.56 1.44e-19 1.13767
65243 91.92 74.59 1.79e-19 1.14252
65495 166.50 77.35 1.41e-19 1.13706
64076 20.50 52.00 1.68e-19 1.14254
65240 87.99 77.44 1.87e-19 1.14117
64208 23.74 46.51 1.41e-19 1.13710
64457 -27.42 52.92 1.44e-19 1.13787
65177 81.53 73.61 1.85e-19 1.14159
64166 11.03 40.88 1.13e-19 1.12452
64163 15.00 38.00 9.82e-20 1.11540
65171 67.87 78.68 1.98e-19 1.13521
64094 20.50 40.00 1.08e-19 1.12176
65174 75.89 76.23 1.93e-19 1.13893
64160 15.00 35.00 8.29e-20 1.10370
65387 -90.51 65.03 1.15e-19 1.12542
63257 -9.72 54.13 1.68e-19 1.14256
65297 96.36 83.93 1.90e-19 1.14030
63251 -11.73 55.69 1.72e-19 1.14282
65381 113.36 62.69 1.12e-19 1.12430
65384 113.42 59.64 9.82e-20 1.11554
65357 139.00 86.38 1.83e-19 1.14202
65348 -94.24 83.64 1.80e-19 1.14237
65351 -109.00 86.38 1.83e-19 1.14202
64091 20.50 42.00 1.19e-19 1.12755
65354 -165.00 88.00 1.84e-19 1.14187
63179 -48.39 68.69 1.77e-19 1.14272
63185 -43.65 67.98 1.80e-19 1.14246
63323 105.02 69.92 1.53e-19 1.14023
65342 -86.22 77.76 1.69e-19 1.14256
65345 -88.82 80.73 1.76e-19 1.14273
65339 -84.82 74.77 1.61e-19 1.14163
65045 15.00 77.00 2.00e-19 1.10523
65042 1.88 76.67 2.01e-19 1.11031
65039 -10.07 75.72 2.03e-19 1.11929
63407 54.89 57.20 1.66e-19 1.14222
65423 129.24 76.82 1.58e-19 1.14112
64823 52.08 59.16 1.76e-19 1.14261
65489 -165.00 79.00 1.45e-19 1.13813
64820 47.07 60.82 1.85e-19 1.14150
64967 -29.19 68.20 1.93e-19 1.13880
64964 -34.69 66.09 1.84e-19 1.14181
63401 57.23 58.68 1.69e-19 1.14268
63095 40.40 47.00 1.34e-19 1.13429
64961 -39.32 63.82 1.73e-19 1.14274
64958 -43.24 61.42 1.60e-19 1.14147
64826 56.57 57.31 1.64e-19 1.14214
65063 70.62 68.01 1.83e-19 1.14201
65126 84.80 64.32 1.56e-19 1.14085
65060 65.21 70.32 1.92e-19 1.13929
65123 81.58 67.01 1.69e-19 1.14256
65066 75.03 65.56 1.72e-19 1.14267
65120 77.61 69.63 1.80e-19 1.14238
64592 57.42 52.92 1.44e-19 1.13787
64499 49.14 56.59 1.69e-19 1.14253
65519 -154.87 72.69 1.13e-19 1.12431
65522 -165.00 73.00 1.14e-19 1.12506
65525 -175.13 72.69 1.13e-19 1.12431
63293 -0.15 44.10 1.26e-19 1.13121
64055 20.50 64.00 2.01e-19 1.12947
64052 20.50 66.00 2.03e-19 1.12404
64466 -14.37 58.15 1.79e-19 1.14255
64049 20.50 68.00 2.03e-19 1.11774
64463 -19.14 56.59 1.69e-19 1.14253
64460 -23.49 54.84 1.57e-19 1.14103
64889 60.17 59.65 1.69e-19 1.14262
64895 67.82 55.26 1.41e-19 1.13684
64892 64.24 57.52 1.56e-19 1.14076
65225 -22.03 85.01 1.98e-19 1.13446
64376 58.87 43.83 9.82e-20 1.11555
64004 -159.50 82.00 1.60e-19 1.14152
64370 52.30 47.83 1.26e-19 1.13075
64007 -159.50 84.00 1.69e-19 1.14258
64373 55.72 45.90 1.12e-19 1.12407
64229 5.74 49.49 1.56e-19 1.14083
64235 15.00 50.00 1.60e-19 1.14151
64232 10.34 49.87 1.59e-19 1.14128
64109 -154.30 85.50 1.75e-19 1.14275
64115 -154.30 83.50 1.67e-19 1.14243
64112 -154.30 84.50 1.71e-19 1.14271
63809 -159.50 76.00 1.30e-19 1.13272
64283 15.00 53.00 1.73e-19 1.14275
64280 10.03 52.87 1.72e-19 1.14285
64286 19.97 52.87 1.72e-19 1.14285
65312 105.25 69.00 1.49e-19 1.13918
65315 106.03 66.00 1.36e-19 1.13518
65309 104.36 72.00 1.61e-19 1.14169
65306 103.29 74.99 1.71e-19 1.14265
65198 -70.10 62.89 1.30e-19 1.13258
65201 -68.64 65.84 1.44e-19 1.13779
65204 -66.90 68.78 1.58e-19 1.14115
65207 -64.74 71.70 1.69e-19 1.14265
65300 99.91 80.96 1.85e-19 1.14155
65303 101.91 77.98 1.79e-19 1.14253
65078 -54.80 64.32 1.56e-19 1.14085
65081 -51.58 67.01 1.69e-19 1.14256
65411 -165.00 85.00 1.73e-19 1.14275
65084 -47.61 69.63 1.80e-19 1.14238
65087 -42.61 72.15 1.90e-19 1.14029
64859 -7.85 66.25 2.01e-19 1.13111
64865 7.04 67.80 2.03e-19 1.11929
65417 145.34 82.12 1.69e-19 1.14265
63329 99.62 69.66 1.58e-19 1.14107
63335 94.39 69.25 1.62e-19 1.14184
63449 43.95 47.55 1.33e-19 1.13399
63455 42.51 45.84 1.26e-19 1.13119
64994 52.64 70.09 1.99e-19 1.13362
64988 35.87 72.94 2.02e-19 1.11685
64991 44.88 71.70 2.02e-19 1.12633
63215 -24.50 62.76 1.85e-19 1.14168
65153 -37.87 78.68 1.98e-19 1.13521
64997 59.19 68.20 1.93e-19 1.13880
63209 -27.74 63.99 1.85e-19 1.14164
64934 40.90 69.01 2.02e-19 1.12767
64016 14.04 90.00 1.90e-19 1.14008
64931 32.88 70.09 2.03e-19 1.11930
63431 48.85 52.53 1.52e-19 1.13997
64928 24.14 70.77 2.01e-19 1.11030
64010 -159.50 86.00 1.77e-19 1.14269
63473 -159.50 70.00 9.84e-20 1.11555
64937 48.05 67.59 1.98e-19 1.13443
63437 47.11 50.90 1.47e-19 1.13845
65132 -65.42 59.53 1.21e-19 1.12881
65135 -63.62 62.41 1.37e-19 1.13515
65129 87.47 61.57 1.41e-19 1.13695
64772 64.20 48.66 1.15e-19 1.12559
64775 -37.39 50.87 1.21e-19 1.12911
64415 15.00 59.00 1.93e-19 1.13883
64412 9.19 58.85 1.92e-19 1.13927
64409 3.49 58.40 1.90e-19 1.14033
63137 -80.38 69.66 1.46e-19 1.13822
63131 -85.61 69.25 1.39e-19 1.13604
64316 -22.30 47.83 1.26e-19 1.13075
64313 -25.72 45.90 1.12e-19 1.12407
64310 -28.87 43.83 9.82e-20 1.11555
63155 -64.02 69.92 1.64e-19 1.14228
63149 -69.50 70.00 1.59e-19 1.14137
64259 -20.22 45.15 1.15e-19 1.12545
64265 -12.75 48.42 1.39e-19 1.13606
64262 -16.62 46.88 1.27e-19 1.13177
65327 -83.36 62.69 1.12e-19 1.12430
57281 15.00 -74.00 4.56e-21 0.00456
64100 -154.30 88.50 1.86e-19 1.14149
64103 -154.30 87.50 1.82e-19 1.14214
65237 82.04 80.22 1.93e-19 1.13894
65234 71.87 82.83 1.96e-19 1.13644
64106 -154.30 86.50 1.79e-19 1.14256
65231 52.03 85.01 1.98e-19 1.13446
65228 15.00 86.00 1.99e-19 1.13365
65267 -76.03 66.00 1.36e-19 1.13518
64088 20.50 44.00 1.29e-19 1.13241
64193 2.01 45.89 1.37e-19 1.13512
64190 -2.11 45.05 1.30e-19 1.13281
64157 -154.30 77.50 1.38e-19 1.13587
64154 -154.30 71.50 1.07e-19 1.12098
64151 -154.30 72.50 1.12e-19 1.12404
64148 -154.30 73.50 1.17e-19 1.12686
64196 6.26 46.51 1.41e-19 1.13710
64982 15.00 74.00 1.94e-19 1.09147
64985 25.77 73.73 2.00e-19 1.10524
65369 114.82 74.77 1.61e-19 1.14163
64979 4.23 73.73 2.00e-19 1.10524
65375 113.60 68.75 1.39e-19 1.13616
65372 114.03 71.77 1.51e-19 1.13973
65366 116.22 77.76 1.69e-19 1.14256
65360 124.24 83.64 1.80e-19 1.14237
65363 118.82 80.73 1.76e-19 1.14273
65459 174.45 81.43 1.59e-19 1.14144
65462 158.42 79.90 1.56e-19 1.14080
65465 147.41 77.77 1.51e-19 1.13976
63173 -53.39 69.25 1.74e-19 1.14276
65036 -20.23 74.26 2.02e-19 1.12767
65270 -75.25 69.00 1.49e-19 1.13918
65273 -74.36 72.00 1.61e-19 1.14169
64952 71.94 57.20 1.44e-19 1.13779
65276 -73.29 74.99 1.71e-19 1.14265
65030 -35.21 70.32 1.92e-19 1.13929
65033 -28.52 72.43 1.98e-19 1.13445
64808 22.07 64.82 2.02e-19 1.12768
64811 28.94 64.29 2.01e-19 1.13111
65501 148.54 73.33 1.30e-19 1.13266
63353 80.22 67.15 1.71e-19 1.14277
64817 41.53 62.26 1.93e-19 1.13899
63005 15.00 -90.00 1.17e-20 0.01174
63389 62.51 61.46 1.73e-19 1.14272
62999 15.00 -74.00 4.56e-21 0.00456
63395 59.77 60.10 1.71e-19 1.14272
65507 -152.81 75.64 1.29e-19 1.13206
65054 50.23 74.26 2.02e-19 1.12767
65096 -16.27 78.38 2.03e-19 1.12490
65051 40.07 75.72 2.03e-19 1.11929
65048 28.12 76.67 2.01e-19 1.11031
65090 -36.13 74.51 1.96e-19 1.13643
65093 -27.58 76.63 2.01e-19 1.13108
65057 58.52 72.43 1.98e-19 1.13445
64496 44.37 58.15 1.79e-19 1.14255
64490 33.56 60.56 1.93e-19 1.13898
64493 39.17 59.48 1.87e-19 1.14115
63017 15.00 -90.00 1.17e-20 0.01174
63305 121.38 69.66 1.35e-19 1.13446
63011 15.00 -74.00 4.56e-21 0.00456
63299 126.61 69.25 1.28e-19 1.13179
64058 20.50 62.00 1.99e-19 1.13399
64061 20.50 60.00 1.95e-19 1.13758
64067 20.50 58.00 1.90e-19 1.14024
64802 7.93 64.82 2.02e-19 1.12768
64805 15.00 65.00 2.02e-19 1.12632
64799 1.06 64.29 2.01e-19 1.13111
64907 -29.72 63.95 1.83e-19 1.14204
64904 -34.39 61.83 1.72e-19 1.14268
64898 -41.94 57.20 1.44e-19 1.13779
64901 -38.43 59.57 1.59e-19 1.14124
64829 60.59 55.29 1.51e-19 1.13961
64379 -31.37 46.31 1.07e-19 1.12127
64367 48.58 49.61 1.39e-19 1.13608
64364 44.55 51.21 1.51e-19 1.13967
64361 40.23 52.61 1.61e-19 1.14163
64358 35.61 53.80 1.69e-19 1.14271
63371 72.27 65.14 1.74e-19 1.14276
63101 -146.50 74.10 1.22e-19 1.12917
63107 41.70 76.00 2.03e-19 1.12065
63968 -159.50 80.00 1.50e-19 1.13953
64343 9.65 55.86 1.83e-19 1.14207
63365 76.09 66.19 1.73e-19 1.14266
64247 33.10 47.99 1.44e-19 1.13794
64340 4.38 55.44 1.80e-19 1.14249
64244 28.75 48.86 1.51e-19 1.13981
64238 19.66 49.87 1.59e-19 1.14128
64346 15.00 56.00 1.84e-19 1.14187
64241 24.26 49.49 1.56e-19 1.14083
64268 -8.62 49.77 1.49e-19 1.13921
64271 -4.25 50.90 1.57e-19 1.14096
64274 0.34 51.81 1.64e-19 1.14218
64277 5.12 52.47 1.69e-19 1.14271
65264 -76.74 62.99 1.22e-19 1.12923
65261 -77.40 59.97 1.07e-19 1.12125
65258 101.35 59.93 1.15e-19 1.12558
65324 -83.42 59.64 9.82e-20 1.11554
65321 107.40 59.97 1.07e-19 1.12125
65318 106.74 62.99 1.22e-19 1.12923
64145 -154.30 74.50 1.23e-19 1.12946
65189 93.62 62.41 1.37e-19 1.13515
65195 -71.35 59.93 1.15e-19 1.12558
64139 -154.30 76.50 1.33e-19 1.13397
65441 -105.01 72.61 1.36e-19 1.13508
65438 -101.49 69.80 1.26e-19 1.13097
65444 -110.04 75.29 1.44e-19 1.13785
65447 -117.41 77.77 1.51e-19 1.13976
63341 89.39 68.69 1.66e-19 1.14236
63347 84.65 67.98 1.69e-19 1.14258
65018 -45.03 65.56 1.72e-19 1.14267
65027 -40.62 68.01 1.83e-19 1.14201
65159 -8.31 82.40 2.02e-19 1.12767
63239 -16.23 58.68 1.79e-19 1.14260
63245 -13.89 57.20 1.76e-19 1.14264
65165 38.31 82.40 2.02e-19 1.12767
63419 50.72 54.13 1.57e-19 1.14117
64943 59.72 63.95 1.83e-19 1.14204
64946 64.39 61.83 1.72e-19 1.14268
64847 -30.17 59.65 1.69e-19 1.14262
65141 -58.92 68.10 1.64e-19 1.14210
65138 -61.49 65.27 1.51e-19 1.13964
64838 67.39 50.87 1.21e-19 1.12911
64841 -37.82 55.26 1.41e-19 1.13684
64844 -34.24 57.52 1.56e-19 1.14076
64478 8.63 61.84 1.98e-19 1.13446
64481 15.00 62.00 1.99e-19 1.13365
64484 21.37 61.84 1.98e-19 1.13446
64487 27.59 61.35 1.96e-19 1.13644
64421 26.51 58.40 1.90e-19 1.14033
64424 32.00 57.66 1.85e-19 1.14156
64853 -20.33 63.41 1.90e-19 1.14029
64850 -25.56 61.63 1.80e-19 1.14250
64856 -14.43 64.97 1.96e-19 1.13647
63143 -74.98 69.92 1.53e-19 1.14025
64307 50.22 45.15 1.15e-19 1.12545
64298 38.62 49.77 1.49e-19 1.13921
64301 42.75 48.42 1.39e-19 1.13606
64304 46.62 46.88 1.27e-19 1.13177
64874 30.65 67.20 2.03e-19 1.12489
64868 15.00 68.00 2.02e-19 1.11685
64871 22.96 67.80 2.03e-19 1.11929
64877 37.85 66.25 2.01e-19 1.13111
64022 20.50 86.00 1.99e-19 1.13370
64025 20.50 84.00 2.01e-19 1.12912
64397 -16.66 53.94 1.61e-19 1.14180
64019 20.50 88.00 1.95e-19 1.13736
64394 -20.85 52.27 1.49e-19 1.13918
64388 -28.18 48.44 1.22e-19 1.12925
64391 -24.68 50.43 1.36e-19 1.13508
64214 32.11 45.05 1.30e-19 1.13281
64097 -154.30 89.50 1.89e-19 1.14061
64211 27.99 45.89 1.37e-19 1.13512
65219 -52.04 80.22 1.93e-19 1.13894
64217 -11.20 45.58 1.26e-19 1.13084
65222 -41.87 82.83 1.96e-19 1.13644
64427 37.23 56.66 1.79e-19 1.14258
64199 10.61 46.88 1.44e-19 1.13800
64202 15.00 47.00 1.45e-19 1.13813
64205 19.39 46.88 1.44e-19 1.13800
64976 -5.87 72.94 2.02e-19 1.11685
64973 -14.88 71.70 2.02e-19 1.12633
64970 -22.64 70.09 1.99e-19 1.13362
65450 -128.42 79.90 1.56e-19 1.14080
65453 -144.45 81.43 1.59e-19 1.14144
65162 15.00 83.00 2.02e-19 1.12632
63203 -31.27 65.14 1.85e-19 1.14171
65279 -71.91 77.98 1.79e-19 1.14253
65285 -66.36 83.93 1.90e-19 1.14030
65282 -69.91 80.96 1.85e-19 1.14155
65471 135.01 72.61 1.36e-19 1.13508
65468 140.04 75.29 1.44e-19 1.13785
65474 131.49 69.80 1.26e-19 1.13097
65477 -118.54 73.33 1.30e-19 1.13266
62993 15.00 -90.00 1.17e-20 0.01174
64940 54.30 65.88 1.92e-19 1.13922
65099 -1.81 79.57 2.03e-19 1.11929
65105 31.81 79.57 2.03e-19 1.11929
65102 15.00 80.00 2.02e-19 1.11685
64688 60.98 50.85 1.30e-19 1.13261
65405 -115.34 82.12 1.69e-19 1.14265
65402 -105.13 79.58 1.64e-19 1.14217
65399 -99.24 76.82 1.58e-19 1.14112
63269 -6.11 50.90 1.56e-19 1.14078
63275 -4.48 49.24 1.50e-19 1.13925
64037 20.50 76.00 1.99e-19 1.10288
64034 20.50 78.00 2.01e-19 1.11018
64028 20.50 82.00 2.03e-19 1.12362
64031 20.50 80.00 2.03e-19 1.11727
64916 -10.90 69.01 2.02e-19 1.12767
64793 -11.53 62.26 1.93e-19 1.13899
64790 -17.07 60.82 1.85e-19 1.14150
64910 -24.30 65.88 1.92e-19 1.13922
64913 -18.05 67.59 1.98e-19 1.13443
64796 -5.47 63.42 1.98e-19 1.13518
65144 -55.70 70.89 1.76e-19 1.14278
64430 42.12 55.41 1.71e-19 1.14276
64433 46.66 53.94 1.61e-19 1.14180
64349 20.35 55.86 1.83e-19 1.14207
64352 25.62 55.44 1.80e-19 1.14249
64355 30.72 54.74 1.76e-19 1.14264
63383 65.50 62.76 1.74e-19 1.14268
63113 -138.30 76.00 1.34e-19 1.13436
64436 50.85 52.27 1.49e-19 1.13918
64334 -5.61 53.80 1.69e-19 1.14271
65504 -141.78 74.62 1.26e-19 1.13081
64331 -10.23 52.61 1.61e-19 1.14163
64328 -14.55 51.21 1.51e-19 1.13967
64169 15.00 41.00 1.14e-19 1.12506
64172 18.97 40.88 1.13e-19 1.12452
64175 6.71 43.52 1.26e-19 1.13114
64337 -0.72 54.74 1.76e-19 1.14264
64814 35.47 63.42 1.98e-19 1.13518
65147 -51.53 73.61 1.85e-19 1.14159
65249 96.90 68.78 1.58e-19 1.14115
64085 20.50 46.00 1.40e-19 1.13635
65336 -84.03 71.77 1.51e-19 1.13973
65252 98.64 65.84 1.44e-19 1.13779
65255 100.10 62.89 1.30e-19 1.13258
65330 -83.40 65.72 1.26e-19 1.13093
65333 -83.60 68.75 1.39e-19 1.13616
64418 20.81 58.85 1.92e-19 1.13927
64133 -154.30 79.50 1.48e-19 1.13899
65186 91.49 65.27 1.51e-19 1.13964
64136 -154.30 78.50 1.43e-19 1.13755
65183 88.92 68.10 1.64e-19 1.14210
65180 85.70 70.89 1.76e-19 1.14278
65192 95.42 59.53 1.21e-19 1.12881
65414 164.13 84.15 1.72e-19 1.14286
65432 121.61 68.04 1.27e-19 1.13160
65435 120.51 65.03 1.15e-19 1.12542
63263 -7.85 52.53 1.62e-19 1.14185
65429 123.21 71.02 1.39e-19 1.13627
65408 -134.13 84.15 1.72e-19 1.14286
63317 110.50 70.00 1.47e-19 1.13872
63311 115.98 69.92 1.41e-19 1.13707
65009 76.59 58.92 1.45e-19 1.13795
65015 -48.69 63.02 1.59e-19 1.14145
65012 -51.77 60.39 1.44e-19 1.13773
65528 -165.00 70.00 9.82e-20 1.11540
65531 -165.00 67.00 8.29e-20 1.10370
63413 52.73 55.69 1.62e-19 1.14193
64955 -46.59 58.92 1.45e-19 1.13795
64949 68.43 59.57 1.59e-19 1.14124
65111 57.58 76.63 2.01e-19 1.13108
65168 55.98 80.83 2.01e-19 1.13108
65108 46.27 78.38 2.03e-19 1.12490
65114 66.13 74.51 1.96e-19 1.13643
65117 72.61 72.15 1.90e-19 1.14029
64862 -0.65 67.20 2.03e-19 1.12489
64835 64.18 53.14 1.37e-19 1.13541
65456 -165.00 82.00 1.60e-19 1.14151
64469 -9.17 59.48 1.87e-19 1.14115
64475 2.41 61.35 1.96e-19 1.13644
64472 -3.56 60.56 1.93e-19 1.13898
65513 -177.19 75.64 1.29e-19 1.13206
65510 -165.00 76.00 1.30e-19 1.13264
65516 171.78 74.62 1.26e-19 1.13081
64451 -34.20 48.66 1.15e-19 1.12559
64454 -30.98 50.85 1.30e-19 1.13261
63905 -159.50 78.00 1.40e-19 1.13659
64289 24.88 52.47 1.69e-19 1.14271
64295 34.25 50.90 1.57e-19 1.14096
64292 29.66 51.81 1.64e-19 1.14218
64883 50.33 63.41 1.90e-19 1.14029
64880 44.43 64.97 1.96e-19 1.13647
65498 156.21 75.54 1.37e-19 1.13527
63584 -159.50 72.00 1.09e-19 1.12219
64886 55.56 61.63 1.80e-19 1.14250
64406 -2.00 57.66 1.85e-19 1.14156
65378 113.40 65.72 1.26e-19 1.13093
64403 -7.23 56.66 1.79e-19 1.14258
64400 -12.12 55.41 1.71e-19 1.14276
64223 -3.10 47.99 1.44e-19 1.13794
64220 -7.26 46.89 1.36e-19 1.13494
64118 -154.30 82.50 1.62e-19 1.14192
64121 -154.30 81.50 1.58e-19 1.14118
64226 1.25 48.86 1.51e-19 1.13981
64124 -154.30 80.50 1.53e-19 1.14020
63161 -58.62 69.66 1.69e-19 1.14258
