65006 73.24 61.42 5.92e-20 0.85825
65000 64.69 66.09 6.72e-20 0.83311
65003 69.32 63.82 6.37e-20 0.84865
63197 -35.09 66.19 6.72e-20 0.83333
64142 -154.30 75.50 4.75e-20 0.85888
63191 -39.22 67.15 6.67e-20 0.83609
65213 -57.99 77.44 6.80e-20 0.82737
65210 -61.92 74.59 6.57e-20 0.84104
65294 86.94 86.84 6.94e-20 0.81442
65291 15.00 89.00 6.96e-20 0.81197
65288 -56.94 86.84 6.94e-20 0.81442
65075 -57.47 61.57 5.25e-20 0.86189
65072 81.77 60.39 5.36e-20 0.86184
65486 -149.69 78.56 5.36e-20 0.86180
65069 78.69 63.02 5.89e-20 0.85880
65420 135.13 79.58 6.08e-20 0.85579
62981 15.00 -90.00 -2.87e-20 -0.02873
65483 -136.50 77.35 5.26e-20 0.86197
65156 -25.98 80.83 7.07e-20 0.77386
65426 125.59 73.95 5.54e-20 0.86156
65480 -126.21 75.54 5.08e-20 0.86129
63281 -2.95 47.55 5.29e-20 0.86182
63287 -1.51 45.84 5.00e-20 0.86096
65150 -45.89 76.23 6.95e-20 0.81261
65390 -91.61 68.04 4.73e-20 0.85868
63227 -18.77 60.10 6.65e-20 0.83697
65393 -93.21 71.02 5.16e-20 0.86177
65396 -95.59 73.95 5.54e-20 0.86156
63221 -21.51 61.46 6.71e-20 0.83397
63443 45.48 49.24 5.22e-20 0.86173
64046 20.50 70.00 6.75e-20 0.69645
64082 20.50 48.00 5.56e-20 0.86145
64043 20.50 72.00 6.56e-20 0.67215
64040 20.50 74.00 6.43e-20 0.65729
64781 -30.59 55.29 5.61e-20 0.86114
64778 -34.18 53.14 5.08e-20 0.86140
64784 -26.57 57.31 6.08e-20 0.85577
64079 20.50 50.00 5.90e-20 0.85852
64787 -22.08 59.16 6.47e-20 0.84531
64919 -2.88 70.09 6.94e-20 0.72693
64925 15.00 71.00 6.61e-20 0.67821
64922 5.86 70.77 6.74e-20 0.69514
64439 54.68 50.43 5.05e-20 0.86121
64445 61.37 46.31 3.96e-20 0.84629
64442 58.18 48.44 4.52e-20 0.85631
63119 -95.35 67.98 4.58e-20 0.85693
63125 -90.61 68.69 4.88e-20 0.86018
63377 68.74 63.99 6.41e-20 0.84739
64544 53.49 54.84 5.84e-20 0.85918
64187 23.29 43.52 4.68e-20 0.85823
64325 -18.58 49.61 5.16e-20 0.86163
63776 -159.50 74.00 4.43e-20 0.85487
64181 15.00 44.00 4.82e-20 0.85956
64178 10.84 43.88 4.79e-20 0.85928
64184 19.16 43.88 4.79e-20 0.85928
64013 -159.50 88.00 6.72e-20 0.83310
64250 37.26 46.89 5.05e-20 0.86110
64253 41.20 45.58 4.68e-20 0.85800
64073 20.50 54.00 6.48e-20 0.84473
64070 20.50 56.00 6.71e-20 0.83395
65246 94.74 71.70 6.25e-20 0.85207
65492 179.69 78.56 5.36e-20 0.86180
65243 91.92 74.59 6.57e-20 0.84104
65495 166.50 77.35 5.26e-20 0.86197
64076 20.50 52.00 6.21e-20 0.85294
65240 87.99 77.44 6.80e-20 0.82737
64208 23.74 46.51 5.26e-20 0.86200
64457 -27.42 52.92 5.36e-20 0.86193
65177 81.53 73.61 6.76e-20 0.83067
64166 11.03 40.88 4.18e-20 0.85072
64163 15.00 38.00 3.61e-20 0.83765
65171 67.87 78.68 7.05e-20 0.79283
64094 20.50 40.00 3.99e-20 0.84699
65174 75.89 76.23 6.95e-20 0.81261
64160 15.00 35.00 3.02e-20 0.81870
65387 -90.51 65.03 4.25e-20 0.85193
63257 -9.72 54.13 6.20e-20 0.85337
65297 96.36 83.93 6.88e-20 0.82116
63251 -11.73 55.69 6.35e-20 0.84926
65381 113.36 62.69 4.15e-20 0.85034
65384 113.42 59.64 3.61e-20 0.83776
65357 139.00 86.38 6.69e-20 0.83475
65348 -94.24 83.64 6.61e-20 0.83915
65351 -109.00 86.38 6.69e-20 0.83475
64091 20.50 42.00 4.40e-20 0.85444
65354 -165.00 88.00 6.72e-20 0.83315
63179 -48.39 68.69 6.51e-20 0.84358
63185 -43.65 67.98 6.60e-20 0.83956
63323 105.02 69.92 5.67e-20 0.86089
65342 -86.22 77.76 6.25e-20 0.85200
65345 -88.82 80.73 6.47e-20 0.84539
65339 -84.82 74.77 5.96e-20 0.85771
65045 15.00 77.00 6.61e-20 0.67821
65042 1.88 76.67 6.74e-20 0.69516
65039 -10.07 75.72 6.94e-20 0.72692
63407 54.89 57.20 6.13e-20 0.85474
65423 129.24 76.82 5.84e-20 0.85926
64823 52.08 59.16 6.47e-20 0.84531
65489 -165.00 79.00 5.40e-20 0.86190
64820 47.07 60.82 6.76e-20 0.83062
64967 -29.19 68.20 6.96e-20 0.81195
64964 -34.69 66.09 6.72e-20 0.83311
63401 57.23 58.68 6.23e-20 0.85255
63095 40.40 47.00 4.98e-20 0.86075
64961 -39.32 63.82 6.37e-20 0.84865
64958 -43.24 61.42 5.92e-20 0.85825
64826 56.57 57.31 6.08e-20 0.85577
65063 70.62 68.01 6.69e-20 0.83474
65126 84.80 64.32 5.78e-20 0.85993
65060 65.21 70.32 6.94e-20 0.81444
65123 81.58 67.01 6.24e-20 0.85221
65066 75.03 65.56 6.34e-20 0.84957
65120 77.61 69.63 6.61e-20 0.83916
64592 57.42 52.92 5.36e-20 0.86193
64499 49.14 56.59 6.25e-20 0.85198
65519 -154.87 72.69 4.18e-20 0.85056
65522 -165.00 73.00 4.22e-20 0.85140
65525 -175.13 72.69 4.18e-20 0.85056
63293 -0.15 44.10 4.68e-20 0.85830
64055 20.50 64.00 7.07e-20 0.76690
64052 20.50 66.00 7.01e-20 0.74488
64466 -14.37 58.15 6.57e-20 0.84105
64049 20.50 68.00 6.91e-20 0.72122
64463 -19.14 56.59 6.25e-20 0.85198
64460 -23.49 54.84 5.84e-20 0.85918
64889 60.17 59.65 6.24e-20 0.85225
64895 67.82 55.26 5.25e-20 0.86180
64892 64.24 57.52 5.78e-20 0.85986
65225 -22.03 85.01 7.06e-20 0.78908
64376 58.87 43.83 3.61e-20 0.83777
64004 -159.50 82.00 5.93e-20 0.85821
64370 52.30 47.83 4.68e-20 0.85792
64007 -159.50 84.00 6.23e-20 0.85245
64373 55.72 45.90 4.15e-20 0.85016
64229 5.74 49.49 5.78e-20 0.85991
64235 15.00 50.00 5.92e-20 0.85827
64232 10.34 49.87 5.89e-20 0.85868
64109 -154.30 85.50 6.44e-20 0.84619
64115 -154.30 83.50 6.17e-20 0.85394
64112 -154.30 84.50 6.31e-20 0.85039
63809 -159.50 76.00 4.83e-20 0.85963
64283 15.00 53.00 6.37e-20 0.84865
64280 10.03 52.87 6.34e-20 0.84969
64286 19.97 52.87 6.34e-20 0.84969
65312 105.25 69.00 5.54e-20 0.86153
65315 106.03 66.00 5.05e-20 0.86129
65309 104.36 72.00 5.96e-20 0.85776
65306 103.29 74.99 6.31e-20 0.85052
65198 -70.10 62.89 4.83e-20 0.85952
65201 -68.64 65.84 5.36e-20 0.86187
65204 -66.90 68.78 5.84e-20 0.85927
65207 -64.74 71.70 6.25e-20 0.85207
65300 99.91 80.96 6.76e-20 0.83065
65303 101.91 77.98 6.57e-20 0.84104
65078 -54.80 64.32 5.78e-20 0.85993
65081 -51.58 67.01 6.24e-20 0.85221
65411 -165.00 85.00 6.37e-20 0.84865
65084 -47.61 69.63 6.61e-20 0.83916
65087 -42.61 72.15 6.88e-20 0.82115
64859 -7.85 66.25 7.07e-20 0.77385
64865 7.04 67.80 6.94e-20 0.72691
65417 145.34 82.12 6.24e-20 0.85227
63329 99.62 69.66 5.85e-20 0.85915
63335 94.39 69.25 6.00e-20 0.85714
63449 43.95 47.55 4.96e-20 0.86055
63455 42.51 45.84 4.68e-20 0.85827
64994 52.64 70.09 7.06e-20 0.78542
64988 35.87 72.94 6.89e-20 0.71800
64991 44.88 71.70 7.04e-20 0.75393
63215 -24.50 62.76 6.74e-20 0.83200
65153 -37.87 78.68 7.05e-20 0.79283
64997 59.19 68.20 6.96e-20 0.81195
63209 -27.74 63.99 6.75e-20 0.83125
64934 40.90 69.01 7.05e-20 0.75946
64016 14.04 90.00 6.89e-20 0.81964
64931 32.88 70.09 6.94e-20 0.72693
63431 48.85 52.53 5.66e-20 0.86086
64928 24.14 70.77 6.74e-20 0.69514
64010 -159.50 86.00 6.50e-20 0.84406
63473 -159.50 70.00 3.62e-20 0.83789
64937 48.05 67.59 7.06e-20 0.78907
63437 47.11 50.90 5.45e-20 0.86174
65132 -65.42 59.53 4.50e-20 0.85589
65135 -63.62 62.41 5.08e-20 0.86120
65129 87.47 61.57 5.25e-20 0.86189
64772 64.20 48.66 4.26e-20 0.85211
64775 -37.39 50.87 4.50e-20 0.85613
64415 15.00 59.00 6.96e-20 0.81197
64412 9.19 58.85 6.94e-20 0.81443
64409 3.49 58.40 6.88e-20 0.82117
63137 -80.38 69.66 5.43e-20 0.86173
63131 -85.61 69.25 5.16e-20 0.86160
64316 -22.30 47.83 4.68e-20 0.85792
64313 -25.72 45.90 4.15e-20 0.85016
64310 -28.87 43.83 3.61e-20 0.83777
63155 -64.02 69.92 6.09e-20 0.85565
63149 -69.50 70.00 5.89e-20 0.85864
64259 -20.22 45.15 4.25e-20 0.85194
64265 -12.75 48.42 5.16e-20 0.86161
64262 -16.62 46.88 4.73e-20 0.85881
65327 -83.36 62.69 4.15e-20 0.85034
57281 15.00 -74.00 -7.42e-21 -0.00742
64100 -154.30 88.50 6.77e-20 0.82985
64103 -154.30 87.50 6.67e-20 0.83591
65237 82.04 80.22 6.95e-20 0.81261
65234 71.87 82.83 7.03e-20 0.79896
64106 -154.30 86.50 6.56e-20 0.84137
65231 52.03 85.01 7.06e-20 0.78908
65228 15.00 86.00 7.06e-20 0.78542
65267 -76.03 66.00 5.05e-20 0.86129
64088 20.50 44.00 4.80e-20 0.85938
64193 2.01 45.89 5.08e-20 0.86118
64190 -2.11 45.05 4.83e-20 0.85970
64157 -154.30 77.50 5.14e-20 0.86156
64154 -154.30 71.50 3.94e-20 0.84590
64151 -154.30 72.50 4.14e-20 0.85008
64148 -154.30 73.50 4.35e-20 0.85364
64196 6.26 46.51 5.26e-20 0.86200
64982 15.00 74.00 6.22e-20 0.63520
64985 25.77 73.73 6.61e-20 0.67822
65369 114.82 74.77 5.96e-20 0.85771
64979 4.23 73.73 6.61e-20 0.67822
65375 113.60 68.75 5.16e-20 0.86169
65372 114.03 71.77 5.60e-20 0.86137
65366 116.22 77.76 6.25e-20 0.85200
65360 124.24 83.64 6.61e-20 0.83915
65363 118.82 80.73 6.47e-20 0.84539
65459 174.45 81.43 5.89e-20 0.85879
65462 158.42 79.90 5.78e-20 0.85989
65465 147.41 77.77 5.61e-20 0.86125
63173 -53.39 69.25 6.40e-20 0.84776
65036 -20.23 74.26 7.05e-20 0.75945
65270 -75.25 69.00 5.54e-20 0.86153
65273 -74.36 72.00 5.96e-20 0.85776
64952 71.94 57.20 5.36e-20 0.86189
65276 -73.29 74.99 6.31e-20 0.85052
65030 -35.21 70.32 6.94e-20 0.81444
65033 -28.52 72.43 7.06e-20 0.78908
64808 22.07 64.82 7.05e-20 0.75945
64811 28.94 64.29 7.07e-20 0.77385
65501 148.54 73.33 4.83e-20 0.85958
63353 80.22 67.15 6.31e-20 0.85056
64817 41.53 62.26 6.95e-20 0.81264
63389 62.51 61.46 6.37e-20 0.84874
63395 59.77 60.10 6.31e-20 0.85041
65507 -152.81 75.64 4.78e-20 0.85909
65054 50.23 74.26 7.05e-20 0.75945
65096 -16.27 78.38 7.03e-20 0.74825
65051 40.07 75.72 6.94e-20 0.72692
65048 28.12 76.67 6.74e-20 0.69516
65090 -36.13 74.51 7.03e-20 0.79895
65093 -27.58 76.63 7.07e-20 0.77386
65057 58.52 72.43 7.06e-20 0.78908
64496 44.37 58.15 6.57e-20 0.84105
64490 33.56 60.56 6.95e-20 0.81263
64493 39.17 59.48 6.80e-20 0.82736
63305 121.38 69.66 5.01e-20 0.86082
63299 126.61 69.25 4.75e-20 0.85885
64058 20.50 62.00 7.06e-20 0.78700
64061 20.50 60.00 7.00e-20 0.80497
64067 20.50 58.00 6.88e-20 0.82066
64802 7.93 64.82 7.05e-20 0.75945
64805 15.00 65.00 7.04e-20 0.75394
64799 1.06 64.29 7.07e-20 0.77385
64907 -29.72 63.95 6.69e-20 0.83476
64904 -34.39 61.83 6.34e-20 0.84958
64898 -41.94 57.20 5.36e-20 0.86189
64901 -38.43 59.57 5.89e-20 0.85865
64829 60.59 55.29 5.61e-20 0.86114
64379 -31.37 46.31 3.96e-20 0.84629
64367 48.58 49.61 5.16e-20 0.86163
64364 44.55 51.21 5.60e-20 0.86133
64361 40.23 52.61 5.96e-20 0.85771
64358 35.61 53.80 6.25e-20 0.85211
63371 72.27 65.14 6.40e-20 0.84779
63101 -146.50 74.10 4.53e-20 0.85627
63107 41.70 76.00 6.96e-20 0.73195
63968 -159.50 80.00 5.58e-20 0.86133
64343 9.65 55.86 6.69e-20 0.83477
64247 33.10 47.99 5.36e-20 0.86199
64340 4.38 55.44 6.61e-20 0.83922
64244 28.75 48.86 5.61e-20 0.86129
64238 19.66 49.87 5.89e-20 0.85868
64346 15.00 56.00 6.72e-20 0.83315
64241 24.26 49.49 5.78e-20 0.85991
64268 -8.62 49.77 5.54e-20 0.86156
64271 -4.25 50.90 5.84e-20 0.85913
64274 0.34 51.81 6.08e-20 0.85580
64277 5.12 52.47 6.24e-20 0.85231
65264 -76.74 62.99 4.52e-20 0.85629
65261 -77.40 59.97 3.96e-20 0.84628
65258 101.35 59.93 4.26e-20 0.85210
65324 -83.42 59.64 3.61e-20 0.83776
65321 107.40 59.97 3.96e-20 0.84628
65318 106.74 62.99 4.52e-20 0.85629
64145 -154.30 74.50 4.55e-20 0.85657
65189 93.62 62.41 5.08e-20 0.86120
65195 -71.35 59.93 4.26e-20 0.85210
64139 -154.30 76.50 4.95e-20 0.86054
65441 -105.01 72.61 5.05e-20 0.86121
65438 -101.49 69.80 4.68e-20 0.85809
65444 -110.04 75.29 5.36e-20 0.86192
65447 -117.41 77.77 5.61e-20 0.86125
63341 89.39 68.69 6.13e-20 0.85490
63347 84.65 67.98 6.23e-20 0.85259
65018 -45.03 65.56 6.34e-20 0.84957
65027 -40.62 68.01 6.69e-20 0.83474
65159 -8.31 82.40 7.05e-20 0.75945
63239 -16.23 58.68 6.58e-20 0.84074
63245 -13.89 57.20 6.48e-20 0.84483
65165 38.31 82.40 7.05e-20 0.75945
63419 50.72 54.13 5.84e-20 0.85931
64943 59.72 63.95 6.69e-20 0.83476
64946 64.39 61.83 6.34e-20 0.84958
64847 -30.17 59.65 6.24e-20 0.85225
65141 -58.92 68.10 6.08e-20 0.85574
65138 -61.49 65.27 5.61e-20 0.86117
64838 67.39 50.87 4.50e-20 0.85613
64841 -37.82 55.26 5.25e-20 0.86180
64844 -34.24 57.52 5.78e-20 0.85986
64478 8.63 61.84 7.06e-20 0.78908
64481 15.00 62.00 7.06e-20 0.78542
64484 21.37 61.84 7.06e-20 0.78908
64487 27.59 61.35 7.03e-20 0.79896
64421 26.51 58.40 6.88e-20 0.82117
64424 32.00 57.66 6.76e-20 0.83065
64853 -20.33 63.41 6.88e-20 0.82115
64850 -25.56 61.63 6.61e-20 0.83923
64856 -14.43 64.97 7.03e-20 0.79897
63143 -74.98 69.92 5.67e-20 0.86089
64307 50.22 45.15 4.25e-20 0.85194
64298 38.62 49.77 5.54e-20 0.86156
64301 42.75 48.42 5.16e-20 0.86161
64304 46.62 46.88 4.73e-20 0.85881
64874 30.65 67.20 7.03e-20 0.74826
64868 15.00 68.00 6.89e-20 0.71800
64871 22.96 67.80 6.94e-20 0.72691
64877 37.85 66.25 7.07e-20 0.77385
64022 20.50 86.00 7.06e-20 0.78566
64025 20.50 84.00 7.06e-20 0.76542
64397 -16.66 53.94 5.96e-20 0.85783
64019 20.50 88.00 7.01e-20 0.80379
64394 -20.85 52.27 5.54e-20 0.86153
64388 -28.18 48.44 4.52e-20 0.85631
64391 -24.68 50.43 5.05e-20 0.86121
64214 32.11 45.05 4.83e-20 0.85970
64097 -154.30 89.50 6.85e-20 0.82319
64211 27.99 45.89 5.08e-20 0.86118
65219 -52.04 80.22 6.95e-20 0.81261
64217 -11.20 45.58 4.68e-20 0.85800
65222 -41.87 82.83 7.03e-20 0.79896
64427 37.23 56.66 6.57e-20 0.84107
64199 10.61 46.88 5.36e-20 0.86205
64202 15.00 47.00 5.40e-20 0.86190
64205 19.39 46.88 5.36e-20 0.86205
64976 -5.87 72.94 6.89e-20 0.71800
64973 -14.88 71.70 7.04e-20 0.75393
64970 -22.64 70.09 7.06e-20 0.78542
65450 -128.42 79.90 5.78e-20 0.85989
65453 -144.45 81.43 5.89e-20 0.85879
65162 15.00 83.00 7.04e-20 0.75394
63203 -31.27 65.14 6.74e-20 0.83172
65279 -71.91 77.98 6.57e-20 0.84104
65285 -66.36 83.93 6.88e-20 0.82116
65282 -69.91 80.96 6.76e-20 0.83065
65471 135.01 72.61 5.05e-20 0.86121
65468 140.04 75.29 5.36e-20 0.86192
65474 131.49 69.80 4.68e-20 0.85809
65477 -118.54 73.33 4.83e-20 0.85958
63365 76.09 66.19 6.36e-20 0.84880
64940 54.30 65.88 6.94e-20 0.81441
65099 -1.81 79.57 6.94e-20 0.72691
65105 31.81 79.57 6.94e-20 0.72691
65102 15.00 80.00 6.89e-20 0.71800
64688 60.98 50.85 4.83e-20 0.85954
65405 -115.34 82.12 6.24e-20 0.85227
65402 -105.13 79.58 6.08e-20 0.85579
65399 -99.24 76.82 5.84e-20 0.85926
63269 -6.11 50.90 5.80e-20 0.85967
63275 -4.48 49.24 5.56e-20 0.86141
64037 20.50 76.00 6.55e-20 0.67058
64034 20.50 78.00 6.74e-20 0.69470
64028 20.50 82.00 7.01e-20 0.74327
64031 20.50 80.00 6.90e-20 0.71951
64916 -10.90 69.01 7.05e-20 0.75946
64793 -11.53 62.26 6.95e-20 0.81264
64790 -17.07 60.82 6.76e-20 0.83062
64910 -24.30 65.88 6.94e-20 0.81441
64913 -18.05 67.59 7.06e-20 0.78907
64796 -5.47 63.42 7.05e-20 0.79283
65144 -55.70 70.89 6.47e-20 0.84542
64430 42.12 55.41 6.31e-20 0.85060
64433 46.66 53.94 5.96e-20 0.85783
64349 20.35 55.86 6.69e-20 0.83477
64352 25.62 55.44 6.61e-20 0.83922
64355 30.72 54.74 6.47e-20 0.84533
63383 65.50 62.76 6.40e-20 0.84768
63113 -138.30 76.00 4.98e-20 0.86079
64436 50.85 52.27 5.54e-20 0.86153
64334 -5.61 53.80 6.25e-20 0.85211
65504 -141.78 74.62 4.68e-20 0.85797
64331 -10.23 52.61 5.96e-20 0.85771
64328 -14.55 51.21 5.60e-20 0.86133
64169 15.00 41.00 4.22e-20 0.85140
64172 18.97 40.88 4.18e-20 0.85072
64175 6.71 43.52 4.68e-20 0.85823
64337 -0.72 54.74 6.47e-20 0.84533
64814 35.47 63.42 7.05e-20 0.79283
65147 -51.53 73.61 6.76e-20 0.83067
65249 96.90 68.78 5.84e-20 0.85927
64085 20.50 46.00 5.19e-20 0.86173
65336 -84.03 71.77 5.60e-20 0.86137
65252 98.64 65.84 5.36e-20 0.86187
65255 100.10 62.89 4.83e-20 0.85952
65330 -83.40 65.72 4.68e-20 0.85807
65333 -83.60 68.75 5.16e-20 0.86169
64418 20.81 58.85 6.94e-20 0.81443
64133 -154.30 79.50 5.51e-20 0.86164
65186 91.49 65.27 5.61e-20 0.86117
64136 -154.30 78.50 5.33e-20 0.86193
65183 88.92 68.10 6.08e-20 0.85574
65180 85.70 70.89 6.47e-20 0.84542
65192 95.42 59.53 4.50e-20 0.85589
65414 164.13 84.15 6.34e-20 0.84970
65432 121.61 68.04 4.73e-20 0.85868
65435 120.51 65.03 4.25e-20 0.85193
63263 -7.85 52.53 6.01e-20 0.85690
65429 123.21 71.02 5.16e-20 0.86177
65408 -134.13 84.15 6.34e-20 0.84970
63317 110.50 70.00 5.47e-20 0.86175
63311 115.98 69.92 5.25e-20 0.86198
65009 76.59 58.92 5.40e-20 0.86176
65015 -48.69 63.02 5.89e-20 0.85880
65012 -51.77 60.39 5.36e-20 0.86184
65528 -165.00 70.00 3.61e-20 0.83765
65531 -165.00 67.00 3.02e-20 0.81870
63413 52.73 55.69 6.00e-20 0.85721
64955 -46.59 58.92 5.40e-20 0.86176
64949 68.43 59.57 5.89e-20 0.85865
65111 57.58 76.63 7.07e-20 0.77386
65168 55.98 80.83 7.07e-20 0.77386
65108 46.27 78.38 7.03e-20 0.74825
65114 66.13 74.51 7.03e-20 0.79895
65117 72.61 72.15 6.88e-20 0.82115
64862 -0.65 67.20 7.03e-20 0.74826
64835 64.18 53.14 5.08e-20 0.86140
65456 -165.00 82.00 5.92e-20 0.85827
64469 -9.17 59.48 6.80e-20 0.82736
64475 2.41 61.35 7.03e-20 0.79896
64472 -3.56 60.56 6.95e-20 0.81263
65513 -177.19 75.64 4.78e-20 0.85909
65510 -165.00 76.00 4.82e-20 0.85956
65516 171.78 74.62 4.68e-20 0.85797
64451 -34.20 48.66 4.26e-20 0.85211
64454 -30.98 50.85 4.83e-20 0.85954
63905 -159.50 78.00 5.22e-20 0.86179
64289 24.88 52.47 6.24e-20 0.85231
64295 34.25 50.90 5.84e-20 0.85913
64292 29.66 51.81 6.08e-20 0.85580
64883 50.33 63.41 6.88e-20 0.82115
64880 44.43 64.97 7.03e-20 0.79897
65498 156.21 75.54 5.08e-20 0.86129
63584 -159.50 72.00 4.02e-20 0.84759
64886 55.56 61.63 6.61e-20 0.83923
64406 -2.00 57.66 6.76e-20 0.83065
65378 113.40 65.72 4.68e-20 0.85807
64403 -7.23 56.66 6.57e-20 0.84107
64400 -12.12 55.41 6.31e-20 0.85060
64223 -3.10 47.99 5.36e-20 0.86199
64220 -7.26 46.89 5.05e-20 0.86110
64118 -154.30 82.50 6.02e-20 0.85685
64121 -154.30 81.50 5.86e-20 0.85910
64226 1.25 48.86 5.61e-20 0.86129
64124 -154.30 80.50 5.69e-20 0.86070
63161 -58.62 69.66 6.26e-20 0.85184
