57272 1.83 33.35 1.95e-21 0.24754 0.00039
57296 11.17 35.66 1.95e-21 0.27929 0.00034
57320 21.00 36.85 1.95e-21 0.29712 0.00085
57344 31.00 36.85 1.95e-21 0.28321 0.00023
57368 40.83 35.66 1.95e-21 0.28321 0.00099
57392 50.17 33.35 1.95e-21 0.26533 0.00079
58406 -0.17 39.15 1.95e-21 0.26695 0.00155
58430 9.86 41.58 1.95e-21 0.28381 0.00097
58454 20.54 42.84 1.95e-21 0.30465 0.00085
58478 31.46 42.84 1.95e-21 0.30076 0.00002
58502 42.14 41.58 1.95e-21 0.29098 0.00031
58526 52.17 39.15 1.95e-21 0.27470 0.00043
59495 -2.83 44.83 1.95e-21 0.28454 0.00039
59519 8.09 47.45 1.95e-21 0.29303 0.00022
59543 19.92 48.83 1.95e-21 0.30444 0.00137
59567 32.08 48.83 1.95e-21 0.31039 0.00047
59591 43.91 47.45 1.95e-21 0.30459 0.00078
59615 54.83 44.83 1.95e-21 0.27639 0.00088
60557 -6.40 50.33 1.95e-21 0.28058 0.00119
60581 5.67 53.25 1.95e-21 0.29173 0.00058
60605 19.05 54.80 1.95e-21 0.30687 0.00025
60629 32.95 54.80 1.95e-21 0.31000 0.00000
60653 46.33 53.25 1.95e-21 0.29924 0.00026
60677 58.40 50.33 1.95e-21 0.28855 0.00020
61619 -11.24 55.58 1.95e-21 0.27116 0.00069
61643 2.24 58.94 1.95e-21 0.30049 0.00103
61667 17.79 60.76 1.95e-21 0.30380 0.00171
61691 34.21 60.76 1.95e-21 0.30507 0.00013
61715 49.76 58.94 1.95e-21 0.30219 0.00004
61739 63.24 55.58 1.95e-21 0.27431 0.00032
62708 -17.91 60.45 1.95e-21 0.25343 0.00014
62732 -2.82 64.45 1.95e-21 0.28970 0.00072
62756 15.84 66.70 1.95e-21 0.30065 0.00023
62780 36.16 66.70 1.95e-21 0.30402 0.00034
62804 54.82 64.45 1.95e-21 0.29563 0.00037
62828 69.91 60.45 1.95e-21 0.26911 0.00026
63842 -27.20 64.71 1.95e-21 0.22826 0.00036
63866 -10.68 69.63 1.95e-21 0.27209 0.00053
63890 12.52 72.59 1.95e-21 0.27547 0.00031
63914 39.48 72.59 1.95e-21 0.27912 0.00019
63938 62.68 69.63 1.95e-21 0.27522 0.00006
63962 79.20 64.71 1.95e-21 0.24023 0.00071
