57272 1.83 33.35 4.83e-22
57296 11.17 35.66 5.45e-22
57320 21.00 36.85 5.79e-22
57344 31.00 36.85 5.52e-22
57368 40.83 35.66 5.52e-22
57392 50.17 33.35 5.17e-22
58406 -0.17 39.15 5.21e-22
58430 9.86 41.58 5.53e-22
58454 20.54 42.84 5.94e-22
58478 31.46 42.84 5.86e-22
58502 42.14 41.58 5.67e-22
58526 52.17 39.15 5.36e-22
59495 -2.83 44.83 5.55e-22
59519 8.09 47.45 5.71e-22
59543 19.92 48.83 5.94e-22
59567 32.08 48.83 6.05e-22
59591 43.91 47.45 5.94e-22
59615 54.83 44.83 5.39e-22
60557 -6.40 50.33 5.47e-22
60581 5.67 53.25 5.69e-22
60605 19.05 54.80 5.98e-22
60629 32.95 54.80 6.04e-22
60653 46.33 53.25 5.84e-22
60677 58.40 50.33 5.63e-22
61619 -11.24 55.58 5.29e-22
61643 2.24 58.94 5.86e-22
61667 17.79 60.76 5.92e-22
61691 34.21 60.76 5.95e-22
61715 49.76 58.94 5.89e-22
61739 63.24 55.58 5.35e-22
62708 -17.91 60.45 4.94e-22
62732 -2.82 64.45 5.65e-22
62756 15.84 66.70 5.86e-22
62780 36.16 66.70 5.93e-22
62804 54.82 64.45 5.76e-22
62828 69.91 60.45 5.25e-22
63842 -27.20 64.71 4.45e-22
63866 -10.68 69.63 5.31e-22
63890 12.52 72.59 5.37e-22
63914 39.48 72.59 5.44e-22
63938 62.68 69.63 5.37e-22
63962 79.20 64.71 4.68e-22
