65006 73.24 61.42 1.25e-19 0.92970
65000 64.69 66.09 1.51e-19 1.00334
65003 69.32 63.82 1.39e-19 0.97179
63197 -35.09 66.19 1.51e-19 1.00301
64142 -154.30 75.50 9.32e-20 0.81190
63191 -39.22 67.15 1.49e-19 0.99909
65213 -57.99 77.44 1.54e-19 1.01070
65210 -61.92 74.59 1.46e-19 0.99012
65294 86.94 86.84 1.60e-19 1.02209
65291 15.00 89.00 1.61e-19 1.02362
65288 -56.94 86.84 1.60e-19 1.02209
65075 -57.47 61.57 1.06e-19 0.86410
62987 15.00 -74.00 -2.18e-20 -0.02176
65072 81.77 60.39 1.09e-19 0.87477
65486 -149.69 78.56 1.09e-19 0.87471
65069 78.69 63.02 1.24e-19 0.92654
65420 135.13 79.58 1.30e-19 0.94460
62981 15.00 -90.00 -7.38e-20 -0.07383
65483 -136.50 77.35 1.06e-19 0.86421
65156 -25.98 80.83 1.70e-19 1.03167
65426 125.59 73.95 1.14e-19 0.89236
65480 -126.21 75.54 1.02e-19 0.84593
63281 -2.95 47.55 1.07e-19 0.86733
63287 -1.51 45.84 9.96e-20 0.83783
65150 -45.89 76.23 1.61e-19 1.02321
65390 -91.61 68.04 9.27e-20 0.81003
63227 -18.77 60.10 1.49e-19 0.99759
65393 -93.21 71.02 1.04e-19 0.85505
65396 -95.59 73.95 1.14e-19 0.89236
63221 -21.51 61.46 1.51e-19 1.00217
63443 45.48 49.24 1.05e-19 0.86015
64046 20.50 70.00 1.71e-19 0.99741
64082 20.50 48.00 1.15e-19 0.89454
64043 20.50 72.00 1.69e-19 0.97854
64040 20.50 74.00 1.67e-19 0.96563
64781 -30.59 55.29 1.16e-19 0.89929
64778 -34.18 53.14 1.02e-19 0.84608
64784 -26.57 57.31 1.30e-19 0.94457
64079 20.50 50.00 1.25e-19 0.92794
64787 -22.08 59.16 1.42e-19 0.98041
64919 -2.88 70.09 1.73e-19 1.01640
64925 15.00 71.00 1.70e-19 0.98352
64922 5.86 70.77 1.71e-19 0.99647
64439 54.68 50.43 1.01e-19 0.84349
64445 61.37 46.31 7.38e-20 0.72575
64442 58.18 48.44 8.74e-20 0.78767
63119 -95.35 67.98 8.89e-20 0.79373
63125 -90.61 68.69 9.65e-20 0.82567
63377 68.74 63.99 1.40e-19 0.97535
64544 53.49 54.84 1.23e-19 0.92209
64187 23.29 43.52 9.14e-20 0.80455
64325 -18.58 49.61 1.04e-19 0.85486
63776 -159.50 74.00 8.51e-20 0.77756
64181 15.00 44.00 9.50e-20 0.81950
64178 10.84 43.88 9.41e-20 0.81579
64184 19.16 43.88 9.41e-20 0.81579
64013 -159.50 88.00 1.51e-19 1.00349
64250 37.26 46.89 1.01e-19 0.84335
64253 41.20 45.58 9.14e-20 0.80427
64073 20.50 54.00 1.43e-19 0.98216
64070 20.50 56.00 1.51e-19 1.00227
65246 94.74 71.70 1.35e-19 0.96072
65492 179.69 78.56 1.09e-19 0.87471
65243 91.92 74.59 1.46e-19 0.99012
65495 166.50 77.35 1.06e-19 0.86421
64076 20.50 52.00 1.34e-19 0.95727
65240 87.99 77.44 1.54e-19 1.01070
64208 23.74 46.51 1.06e-19 0.86425
64457 -27.42 52.92 1.09e-19 0.87514
65177 81.53 73.61 1.53e-19 1.00677
64166 11.03 40.88 7.91e-20 0.75060
64163 15.00 38.00 6.57e-20 0.68526
65171 67.87 78.68 1.67e-19 1.03085
64094 20.50 40.00 7.46e-20 0.72952
65174 75.89 76.23 1.61e-19 1.02321
64160 15.00 35.00 5.26e-20 0.61362
65387 -90.51 65.03 8.08e-20 0.75829
63257 -9.72 54.13 1.33e-19 0.95578
65297 96.36 83.93 1.57e-19 1.01689
63251 -11.73 55.69 1.38e-19 0.97025
65381 113.36 62.69 7.85e-20 0.74762
65384 113.42 59.64 6.57e-20 0.68538
65357 139.00 86.38 1.50e-19 1.00105
65348 -94.24 83.64 1.47e-19 0.99366
65351 -109.00 86.38 1.50e-19 1.00105
64091 20.50 42.00 8.44e-20 0.77449
65354 -165.00 88.00 1.51e-19 1.00341
63179 -48.39 68.69 1.44e-19 0.98491
63185 -43.65 67.98 1.47e-19 0.99304
63323 105.02 69.92 1.18e-19 0.90572
65342 -86.22 77.76 1.35e-19 0.96061
65345 -88.82 80.73 1.42e-19 0.98055
65339 -84.82 74.77 1.26e-19 0.93324
65045 15.00 77.00 1.70e-19 0.98352
65042 1.88 76.67 1.71e-19 0.99648
65039 -10.07 75.72 1.73e-19 1.01640
63407 54.89 57.20 1.31e-19 0.94918
65423 129.24 76.82 1.23e-19 0.92220
64823 52.08 59.16 1.42e-19 0.98041
65489 -165.00 79.00 1.10e-19 0.87847
64820 47.07 60.82 1.53e-19 1.00665
64967 -29.19 68.20 1.61e-19 1.02358
64964 -34.69 66.09 1.51e-19 1.00334
63401 57.23 58.68 1.35e-19 0.95914
63095 40.40 47.00 9.90e-20 0.83568
64961 -39.32 63.82 1.39e-19 0.97179
64958 -43.24 61.42 1.25e-19 0.92970
64826 56.57 57.31 1.30e-19 0.94457
65063 70.62 68.01 1.50e-19 1.00104
65126 84.80 64.32 1.21e-19 0.91646
65060 65.21 70.32 1.60e-19 1.02213
65123 81.58 67.01 1.35e-19 0.95993
65066 75.03 65.56 1.38e-19 0.96882
65120 77.61 69.63 1.47e-19 0.99368
64592 57.42 52.92 1.09e-19 0.87514
64499 49.14 56.59 1.35e-19 0.96058
65519 -154.87 72.69 7.91e-20 0.75042
65522 -165.00 73.00 8.00e-20 0.75450
65525 -175.13 72.69 7.91e-20 0.75042
63293 -0.15 44.10 9.16e-20 0.80526
64055 20.50 64.00 1.71e-19 1.03079
64052 20.50 66.00 1.72e-19 1.02459
64466 -14.37 58.15 1.46e-19 0.99015
64049 20.50 68.00 1.73e-19 1.01330
64463 -19.14 56.59 1.35e-19 0.96058
64460 -23.49 54.84 1.23e-19 0.92209
64889 60.17 59.65 1.35e-19 0.95999
64895 67.82 55.26 1.06e-19 0.86398
64892 64.24 57.52 1.21e-19 0.91636
65225 -22.03 85.01 1.67e-19 1.03148
64376 58.87 43.83 6.57e-20 0.68539
64004 -159.50 82.00 1.25e-19 0.93013
64370 52.30 47.83 9.14e-20 0.80418
64007 -159.50 84.00 1.35e-19 0.95916
64373 55.72 45.90 7.85e-20 0.74742
64229 5.74 49.49 1.21e-19 0.91644
64235 15.00 50.00 1.25e-19 0.92974
64232 10.34 49.87 1.24e-19 0.92636
64109 -154.30 85.50 1.41e-19 0.97855
64115 -154.30 83.50 1.33e-19 0.95314
64112 -154.30 84.50 1.37e-19 0.96641
63809 -159.50 76.00 9.52e-20 0.82023
64283 15.00 53.00 1.39e-19 0.97180
64280 10.03 52.87 1.38e-19 0.96902
64286 19.97 52.87 1.38e-19 0.96902
65312 105.25 69.00 1.14e-19 0.89232
65315 106.03 66.00 1.01e-19 0.84359
65309 104.36 72.00 1.26e-19 0.93330
65306 103.29 74.99 1.37e-19 0.96581
65198 -70.10 62.89 9.52e-20 0.82027
65201 -68.64 65.84 1.09e-19 0.87506
65204 -66.90 68.78 1.23e-19 0.92222
65207 -64.74 71.70 1.35e-19 0.96072
65300 99.91 80.96 1.53e-19 1.00671
65303 101.91 77.98 1.46e-19 0.99012
65078 -54.80 64.32 1.21e-19 0.91646
65081 -51.58 67.01 1.35e-19 0.95993
65411 -165.00 85.00 1.39e-19 0.97180
65084 -47.61 69.63 1.47e-19 0.99368
65087 -42.61 72.15 1.57e-19 1.01688
64859 -7.85 66.25 1.70e-19 1.03172
64865 7.04 67.80 1.73e-19 1.01639
65417 145.34 82.12 1.35e-19 0.96003
63329 99.62 69.66 1.23e-19 0.92253
63335 94.39 69.25 1.27e-19 0.93705
63449 43.95 47.55 9.86e-20 0.83382
63455 42.51 45.84 9.15e-20 0.80503
64994 52.64 70.09 1.68e-19 1.03177
64988 35.87 72.94 1.73e-19 1.01145
64991 44.88 71.70 1.72e-19 1.02771
63215 -24.50 62.76 1.52e-19 1.00488
65153 -37.87 78.68 1.67e-19 1.03085
64997 59.19 68.20 1.61e-19 1.02358
63209 -27.74 63.99 1.52e-19 1.00598
64934 40.90 69.01 1.72e-19 1.02921
64016 14.04 90.00 1.58e-19 1.01820
64931 32.88 70.09 1.73e-19 1.01640
63431 48.85 52.53 1.18e-19 0.90423
64928 24.14 70.77 1.71e-19 0.99647
64010 -159.50 86.00 1.43e-19 0.98372
63473 -159.50 70.00 6.59e-20 0.68626
64937 48.05 67.59 1.67e-19 1.03144
63437 47.11 50.90 1.12e-19 0.88359
65132 -65.42 59.53 8.70e-20 0.78554
65135 -63.62 62.41 1.02e-19 0.84581
65129 87.47 61.57 1.06e-19 0.86410
64772 64.20 48.66 8.10e-20 0.75923
64775 -37.39 50.87 8.70e-20 0.78582
64415 15.00 59.00 1.61e-19 1.02362
64412 9.19 58.85 1.60e-19 1.02210
64409 3.49 58.40 1.57e-19 1.01692
63137 -80.38 69.66 1.11e-19 0.88149
63131 -85.61 69.25 1.04e-19 0.85480
64316 -22.30 47.83 9.14e-20 0.80418
64313 -25.72 45.90 7.85e-20 0.74742
64310 -28.87 43.83 6.57e-20 0.68539
63155 -64.02 69.92 1.30e-19 0.94566
63149 -69.50 70.00 1.24e-19 0.92705
64259 -20.22 45.15 8.08e-20 0.75831
64265 -12.75 48.42 1.04e-19 0.85484
64262 -16.62 46.88 9.27e-20 0.81019
65327 -83.36 62.69 7.85e-20 0.74762
57281 15.00 -74.00 -2.18e-20 -0.02176
64100 -154.30 88.50 1.53e-19 1.00779
64103 -154.30 87.50 1.49e-19 0.99927
65237 82.04 80.22 1.61e-19 1.02323
65234 71.87 82.83 1.65e-19 1.02936
64106 -154.30 86.50 1.45e-19 0.98951
65231 52.03 85.01 1.67e-19 1.03148
65228 15.00 86.00 1.68e-19 1.03180
65267 -76.03 66.00 1.01e-19 0.84359
64088 20.50 44.00 9.45e-20 0.81733
64193 2.01 45.89 1.02e-19 0.84579
64190 -2.11 45.05 9.53e-20 0.82049
64157 -154.30 77.50 1.03e-19 0.85230
64154 -154.30 71.50 7.35e-20 0.72386
64151 -154.30 72.50 7.83e-20 0.74661
64148 -154.30 73.50 8.32e-20 0.76891
64196 6.26 46.51 1.06e-19 0.86425
64982 15.00 74.00 1.64e-19 0.94475
64985 25.77 73.73 1.70e-19 0.98353
65369 114.82 74.77 1.26e-19 0.93324
64979 4.23 73.73 1.70e-19 0.98353
65375 113.60 68.75 1.04e-19 0.85495
65372 114.03 71.77 1.16e-19 0.89815
65366 116.22 77.76 1.35e-19 0.96061
65360 124.24 83.64 1.47e-19 0.99366
65363 118.82 80.73 1.42e-19 0.98055
65459 174.45 81.43 1.24e-19 0.92654
65462 158.42 79.90 1.21e-19 0.91640
65465 147.41 77.77 1.16e-19 0.89945
63173 -53.39 69.25 1.40e-19 0.97434
65036 -20.23 74.26 1.72e-19 1.02922
65270 -75.25 69.00 1.14e-19 0.89232
65273 -74.36 72.00 1.26e-19 0.93330
64952 71.94 57.20 1.09e-19 0.87483
65276 -73.29 74.99 1.37e-19 0.96581
65030 -35.21 70.32 1.60e-19 1.02213
65033 -28.52 72.43 1.67e-19 1.03147
64808 22.07 64.82 1.72e-19 1.02923
64811 28.94 64.29 1.70e-19 1.03171
65501 148.54 73.33 9.52e-20 0.82034
63353 80.22 67.15 1.37e-19 0.96608
64817 41.53 62.26 1.61e-19 1.02329
63389 62.51 61.46 1.39e-19 0.97143
63395 59.77 60.10 1.37e-19 0.96639
65507 -152.81 75.64 9.41e-20 0.81556
65054 50.23 74.26 1.72e-19 1.02922
65096 -16.27 78.38 1.72e-19 1.02584
65051 40.07 75.72 1.73e-19 1.01640
65048 28.12 76.67 1.71e-19 0.99648
65090 -36.13 74.51 1.65e-19 1.02935
65093 -27.58 76.63 1.70e-19 1.03168
65057 58.52 72.43 1.67e-19 1.03147
64496 44.37 58.15 1.46e-19 0.99015
64490 33.56 60.56 1.61e-19 1.02327
64493 39.17 59.48 1.54e-19 1.01068
63305 121.38 69.66 9.99e-20 0.83907
63299 126.61 69.25 9.32e-20 0.81213
64058 20.50 62.00 1.68e-19 1.03167
64061 20.50 60.00 1.63e-19 1.02718
64067 20.50 58.00 1.58e-19 1.01734
64802 7.93 64.82 1.72e-19 1.02923
64805 15.00 65.00 1.72e-19 1.02771
64799 1.06 64.29 1.70e-19 1.03171
64907 -29.72 63.95 1.50e-19 1.00108
64904 -34.39 61.83 1.38e-19 0.96883
64898 -41.94 57.20 1.09e-19 0.87483
64901 -38.43 59.57 1.24e-19 0.92632
64829 60.59 55.29 1.16e-19 0.89929
64379 -31.37 46.31 7.38e-20 0.72575
64367 48.58 49.61 1.04e-19 0.85486
64364 44.55 51.21 1.16e-19 0.89809
64361 40.23 52.61 1.26e-19 0.93324
64358 35.61 53.80 1.35e-19 0.96078
63371 72.27 65.14 1.40e-19 0.97428
63101 -146.50 74.10 8.76e-20 0.78820
63107 41.70 76.00 1.73e-19 1.01894
63968 -159.50 80.00 1.15e-19 0.89700
64343 9.65 55.86 1.50e-19 1.00111
63365 76.09 66.19 1.39e-19 0.97107
64247 33.10 47.99 1.09e-19 0.87521
64340 4.38 55.44 1.47e-19 0.99380
64244 28.75 48.86 1.16e-19 0.89950
64238 19.66 49.87 1.24e-19 0.92636
64346 15.00 56.00 1.51e-19 1.00341
64241 24.26 49.49 1.21e-19 0.91644
64268 -8.62 49.77 1.14e-19 0.89236
64271 -4.25 50.90 1.23e-19 0.92202
64274 0.34 51.81 1.30e-19 0.94462
64277 5.12 52.47 1.35e-19 0.96009
65264 -76.74 62.99 8.74e-20 0.78765
65261 -77.40 59.97 7.38e-20 0.72574
65258 101.35 59.93 8.10e-20 0.75922
65324 -83.42 59.64 6.57e-20 0.68538
65321 107.40 59.97 7.38e-20 0.72574
65318 106.74 62.99 8.74e-20 0.78765
64145 -154.30 74.50 8.81e-20 0.79069
65189 93.62 62.41 1.02e-19 0.84581
65195 -71.35 59.93 8.10e-20 0.75922
64139 -154.30 76.50 9.82e-20 0.83245
65441 -105.01 72.61 1.01e-19 0.84349
65438 -101.49 69.80 9.14e-20 0.80439
65444 -110.04 75.29 1.09e-19 0.87511
65447 -117.41 77.77 1.16e-19 0.89945
63341 89.39 68.69 1.31e-19 0.94912
63347 84.65 67.98 1.34e-19 0.95868
65018 -45.03 65.56 1.38e-19 0.96882
65027 -40.62 68.01 1.50e-19 1.00104
65159 -8.31 82.40 1.72e-19 1.02922
63239 -16.23 58.68 1.46e-19 0.99095
63245 -13.89 57.20 1.43e-19 0.98170
65165 38.31 82.40 1.72e-19 1.02922
63419 50.72 54.13 1.23e-19 0.92211
64943 59.72 63.95 1.50e-19 1.00108
64946 64.39 61.83 1.38e-19 0.96883
64847 -30.17 59.65 1.35e-19 0.95999
65141 -58.92 68.10 1.30e-19 0.94453
65138 -61.49 65.27 1.16e-19 0.89933
64838 67.39 50.87 8.70e-20 0.78582
64841 -37.82 55.26 1.06e-19 0.86398
64844 -34.24 57.52 1.21e-19 0.91636
64478 8.63 61.84 1.67e-19 1.03149
64481 15.00 62.00 1.68e-19 1.03180
64484 21.37 61.84 1.67e-19 1.03149
64487 27.59 61.35 1.65e-19 1.02936
64421 26.51 58.40 1.57e-19 1.01692
64424 32.00 57.66 1.53e-19 1.00672
64853 -20.33 63.41 1.57e-19 1.01687
64850 -25.56 61.63 1.47e-19 0.99381
64856 -14.43 64.97 1.65e-19 1.02940
63143 -74.98 69.92 1.18e-19 0.90588
64307 50.22 45.15 8.08e-20 0.75831
64298 38.62 49.77 1.14e-19 0.89236
64301 42.75 48.42 1.04e-19 0.85484
64304 46.62 46.88 9.27e-20 0.81019
64874 30.65 67.20 1.72e-19 1.02583
64868 15.00 68.00 1.73e-19 1.01145
64871 22.96 67.80 1.73e-19 1.01639
64877 37.85 66.25 1.70e-19 1.03172
64022 20.50 86.00 1.68e-19 1.03179
64025 20.50 84.00 1.71e-19 1.03053
64397 -16.66 53.94 1.26e-19 0.93342
64019 20.50 88.00 1.64e-19 1.02767
64394 -20.85 52.27 1.14e-19 0.89232
64388 -28.18 48.44 8.74e-20 0.78767
64391 -24.68 50.43 1.01e-19 0.84349
64214 32.11 45.05 9.53e-20 0.82049
64097 -154.30 89.50 1.56e-19 1.01505
64211 27.99 45.89 1.02e-19 0.84579
65219 -52.04 80.22 1.61e-19 1.02323
64217 -11.20 45.58 9.14e-20 0.80427
65222 -41.87 82.83 1.65e-19 1.02936
64427 37.23 56.66 1.46e-19 0.99018
64199 10.61 46.88 1.09e-19 0.87505
64202 15.00 47.00 1.10e-19 0.87847
64205 19.39 46.88 1.09e-19 0.87505
64976 -5.87 72.94 1.73e-19 1.01145
64973 -14.88 71.70 1.72e-19 1.02771
64970 -22.64 70.09 1.68e-19 1.03177
65450 -128.42 79.90 1.21e-19 0.91640
65453 -144.45 81.43 1.24e-19 0.92654
65162 15.00 83.00 1.72e-19 1.02771
63203 -31.27 65.14 1.52e-19 1.00538
65279 -71.91 77.98 1.46e-19 0.99012
65285 -66.36 83.93 1.57e-19 1.01689
65282 -69.91 80.96 1.53e-19 1.00671
65471 135.01 72.61 1.01e-19 0.84349
65468 140.04 75.29 1.09e-19 0.87511
65474 131.49 69.80 9.14e-20 0.80439
65477 -118.54 73.33 9.52e-20 0.82034
62993 15.00 -90.00 -7.38e-20 -0.07383
64940 54.30 65.88 1.60e-19 1.02205
65099 -1.81 79.57 1.73e-19 1.01639
65105 31.81 79.57 1.73e-19 1.01639
65102 15.00 80.00 1.73e-19 1.01145
64688 60.98 50.85 9.52e-20 0.82030
65405 -115.34 82.12 1.35e-19 0.96003
65402 -105.13 79.58 1.30e-19 0.94460
65399 -99.24 76.82 1.23e-19 0.92220
63269 -6.11 50.90 1.22e-19 0.91771
63275 -4.48 49.24 1.15e-19 0.89410
64037 20.50 76.00 1.69e-19 0.97723
64034 20.50 78.00 1.71e-19 0.99615
64028 20.50 82.00 1.73e-19 1.02396
64031 20.50 80.00 1.73e-19 1.01232
64916 -10.90 69.01 1.72e-19 1.02921
64793 -11.53 62.26 1.61e-19 1.02329
64790 -17.07 60.82 1.53e-19 1.00665
64910 -24.30 65.88 1.60e-19 1.02205
64913 -18.05 67.59 1.67e-19 1.03144
64796 -5.47 63.42 1.67e-19 1.03082
65144 -55.70 70.89 1.42e-19 0.98061
64430 42.12 55.41 1.37e-19 0.96594
64433 46.66 53.94 1.26e-19 0.93342
64349 20.35 55.86 1.50e-19 1.00111
64352 25.62 55.44 1.47e-19 0.99380
64355 30.72 54.74 1.42e-19 0.98045
63383 65.50 62.76 1.40e-19 0.97435
63113 -138.30 76.00 9.92e-20 0.83640
64436 50.85 52.27 1.14e-19 0.89232
64334 -5.61 53.80 1.35e-19 0.96078
65504 -141.78 74.62 9.14e-20 0.80423
64331 -10.23 52.61 1.26e-19 0.93324
64328 -14.55 51.21 1.16e-19 0.89809
64169 15.00 41.00 8.00e-20 0.75450
64172 18.97 40.88 7.91e-20 0.75060
64175 6.71 43.52 9.14e-20 0.80455
64337 -0.72 54.74 1.42e-19 0.98045
64814 35.47 63.42 1.67e-19 1.03082
65147 -51.53 73.61 1.53e-19 1.00677
65249 96.90 68.78 1.23e-19 0.92222
64085 20.50 46.00 1.05e-19 0.85752
65336 -84.03 71.77 1.16e-19 0.89815
65252 98.64 65.84 1.09e-19 0.87506
65255 100.10 62.89 9.52e-20 0.82027
65330 -83.40 65.72 9.14e-20 0.80435
65333 -83.60 68.75 1.04e-19 0.85495
64418 20.81 58.85 1.60e-19 1.02210
64133 -154.30 79.50 1.13e-19 0.88961
65186 91.49 65.27 1.16e-19 0.89933
64136 -154.30 78.50 1.08e-19 0.87137
65183 88.92 68.10 1.30e-19 0.94453
65180 85.70 70.89 1.42e-19 0.98061
65192 95.42 59.53 8.70e-20 0.78554
65414 164.13 84.15 1.38e-19 0.96903
65432 121.61 68.04 9.27e-20 0.81003
65435 120.51 65.03 8.08e-20 0.75829
63263 -7.85 52.53 1.28e-19 0.93824
65429 123.21 71.02 1.04e-19 0.85505
65408 -134.13 84.15 1.38e-19 0.96903
63317 110.50 70.00 1.12e-19 0.88602
63311 115.98 69.92 1.06e-19 0.86405
65009 76.59 58.92 1.10e-19 0.87829
65015 -48.69 63.02 1.24e-19 0.92654
65012 -51.77 60.39 1.09e-19 0.87477
65528 -165.00 70.00 6.57e-20 0.68526
65531 -165.00 67.00 5.26e-20 0.61362
63413 52.73 55.69 1.27e-19 0.93710
64955 -46.59 58.92 1.10e-19 0.87829
64949 68.43 59.57 1.24e-19 0.92632
65111 57.58 76.63 1.70e-19 1.03168
65168 55.98 80.83 1.70e-19 1.03167
65108 46.27 78.38 1.72e-19 1.02584
65114 66.13 74.51 1.65e-19 1.02935
65117 72.61 72.15 1.57e-19 1.01688
64862 -0.65 67.20 1.72e-19 1.02583
64835 64.18 53.14 1.02e-19 0.84608
65456 -165.00 82.00 1.25e-19 0.92974
64469 -9.17 59.48 1.54e-19 1.01068
64475 2.41 61.35 1.65e-19 1.02936
64472 -3.56 60.56 1.61e-19 1.02327
65513 -177.19 75.64 9.41e-20 0.81556
65510 -165.00 76.00 9.50e-20 0.81950
65516 171.78 74.62 9.14e-20 0.80423
64451 -34.20 48.66 8.10e-20 0.75923
64454 -30.98 50.85 9.52e-20 0.82030
63905 -159.50 78.00 1.05e-19 0.86021
64289 24.88 52.47 1.35e-19 0.96009
64295 34.25 50.90 1.23e-19 0.92202
64292 29.66 51.81 1.30e-19 0.94462
64883 50.33 63.41 1.57e-19 1.01687
64880 44.43 64.97 1.65e-19 1.02940
65498 156.21 75.54 1.02e-19 0.84593
63584 -159.50 72.00 7.53e-20 0.73272
64886 55.56 61.63 1.47e-19 0.99381
64406 -2.00 57.66 1.53e-19 1.00672
65378 113.40 65.72 9.14e-20 0.80435
64403 -7.23 56.66 1.46e-19 0.99018
64400 -12.12 55.41 1.37e-19 0.96594
64223 -3.10 47.99 1.09e-19 0.87521
64220 -7.26 46.89 1.01e-19 0.84335
64118 -154.30 82.50 1.28e-19 0.93878
64121 -154.30 81.50 1.23e-19 0.92337
64226 1.25 48.86 1.16e-19 0.89950
64124 -154.30 80.50 1.18e-19 0.90697
63161 -58.62 69.66 1.35e-19 0.96124
