65006 73.24 61.42 1.23e-19 0.87597
65000 64.69 66.09 1.40e-19 0.87047
65003 69.32 63.82 1.32e-19 0.87400
63197 -35.09 66.19 1.40e-19 0.87052
64142 -154.30 75.50 9.89e-20 0.87527
63191 -39.22 67.15 1.39e-19 0.87122
65213 -57.99 77.44 1.42e-19 0.86916
65210 -61.92 74.59 1.37e-19 0.87231
65294 86.94 86.84 1.46e-19 0.86611
65291 15.00 89.00 1.47e-19 0.86551
65288 -56.94 86.84 1.46e-19 0.86611
65075 -57.47 61.57 1.09e-19 0.87639
62987 15.00 -74.00 9.85e-22 0.00098
65072 81.77 60.39 1.11e-19 0.87638
65486 -149.69 78.56 1.11e-19 0.87634
65069 78.69 63.02 1.22e-19 0.87616
65420 135.13 79.58 1.26e-19 0.87552
62981 15.00 -90.00 2.58e-21 0.00258
65483 -136.50 77.35 1.09e-19 0.87647
65156 -25.98 80.83 1.52e-19 0.85606
65426 125.59 73.95 1.15e-19 0.87652
65480 -126.21 75.54 1.05e-19 0.87609
63281 -2.95 47.55 1.10e-19 0.87632
63287 -1.51 45.84 1.04e-19 0.87602
65150 -45.89 76.23 1.46e-19 0.86565
65390 -91.61 68.04 9.85e-20 0.87519
63227 -18.77 60.10 1.39e-19 0.87140
65393 -93.21 71.02 1.07e-19 0.87636
65396 -95.59 73.95 1.15e-19 0.87652
63221 -21.51 61.46 1.40e-19 0.87069
63443 45.48 49.24 1.08e-19 0.87626
64046 20.50 70.00 1.51e-19 0.83541
64082 20.50 48.00 1.15e-19 0.87649
64043 20.50 72.00 1.49e-19 0.82852
64040 20.50 74.00 1.48e-19 0.82421
64781 -30.59 55.29 1.16e-19 0.87641
64778 -34.18 53.14 1.05e-19 0.87620
64784 -26.57 57.31 1.26e-19 0.87550
64079 20.50 50.00 1.22e-19 0.87604
64787 -22.08 59.16 1.34e-19 0.87320
64919 -2.88 70.09 1.53e-19 0.84377
64925 15.00 71.00 1.50e-19 0.83026
64922 5.86 70.77 1.51e-19 0.83504
64439 54.68 50.43 1.05e-19 0.87608
64445 61.37 46.31 8.34e-20 0.87160
64442 58.18 48.44 9.44e-20 0.87456
63119 -95.35 67.98 9.55e-20 0.87466
63125 -90.61 68.69 1.01e-19 0.87578
63377 68.74 63.99 1.33e-19 0.87372
64544 53.49 54.84 1.21e-19 0.87611
64187 23.29 43.52 9.75e-20 0.87513
64325 -18.58 49.61 1.07e-19 0.87623
63776 -159.50 74.00 9.25e-20 0.87405
64181 15.00 44.00 1.00e-19 0.87549
64178 10.84 43.88 9.96e-20 0.87542
64184 19.16 43.88 9.96e-20 0.87542
64013 -159.50 88.00 1.40e-19 0.87050
64250 37.26 46.89 1.05e-19 0.87598
64253 41.20 45.58 9.75e-20 0.87491
64073 20.50 54.00 1.35e-19 0.87314
64070 20.50 56.00 1.40e-19 0.87070
65246 94.74 71.70 1.30e-19 0.87477
65492 179.69 78.56 1.11e-19 0.87634
65243 91.92 74.59 1.37e-19 0.87231
65495 166.50 77.35 1.09e-19 0.87647
64076 20.50 52.00 1.29e-19 0.87492
65240 87.99 77.44 1.42e-19 0.86916
64208 23.74 46.51 1.09e-19 0.87650
64457 -27.42 52.92 1.11e-19 0.87647
65177 81.53 73.61 1.41e-19 0.86995
64166 11.03 40.88 8.77e-20 0.87282
64163 15.00 38.00 7.65e-20 0.86915
65171 67.87 78.68 1.50e-19 0.86083
64094 20.50 40.00 8.40e-20 0.87178
65174 75.89 76.23 1.46e-19 0.86565
64160 15.00 35.00 6.49e-20 0.86387
65387 -90.51 65.03 8.91e-20 0.87312
63257 -9.72 54.13 1.28e-19 0.87505
65297 96.36 83.93 1.44e-19 0.86770
63251 -11.73 55.69 1.32e-19 0.87419
65381 113.36 62.69 8.72e-20 0.87281
65384 113.42 59.64 7.65e-20 0.86926
65357 139.00 86.38 1.40e-19 0.87088
65348 -94.24 83.64 1.38e-19 0.87187
65351 -109.00 86.38 1.40e-19 0.87088
64091 20.50 42.00 9.20e-20 0.87392
65354 -165.00 88.00 1.40e-19 0.87052
63179 -48.39 68.69 1.35e-19 0.87292
63185 -43.65 67.98 1.37e-19 0.87199
63323 105.02 69.92 1.17e-19 0.87651
65342 -86.22 77.76 1.30e-19 0.87470
65345 -88.82 80.73 1.34e-19 0.87329
65339 -84.82 74.77 1.23e-19 0.87586
65045 15.00 77.00 1.50e-19 0.83026
65042 1.88 76.67 1.51e-19 0.83505
65039 -10.07 75.72 1.53e-19 0.84377
63407 54.89 57.20 1.27e-19 0.87524
65423 129.24 76.82 1.21e-19 0.87618
64823 52.08 59.16 1.34e-19 0.87320
65489 -165.00 79.00 1.12e-19 0.87648
64820 47.07 60.82 1.41e-19 0.86988
64967 -29.19 68.20 1.47e-19 0.86549
64964 -34.69 66.09 1.40e-19 0.87047
63401 57.23 58.68 1.29e-19 0.87490
63095 40.40 47.00 1.03e-19 0.87589
64961 -39.32 63.82 1.32e-19 0.87400
64958 -43.24 61.42 1.23e-19 0.87597
64826 56.57 57.31 1.26e-19 0.87550
65063 70.62 68.01 1.40e-19 0.87087
65126 84.80 64.32 1.20e-19 0.87633
65060 65.21 70.32 1.46e-19 0.86613
65123 81.58 67.01 1.29e-19 0.87475
65066 75.03 65.56 1.31e-19 0.87417
65120 77.61 69.63 1.38e-19 0.87187
64592 57.42 52.92 1.11e-19 0.87647
64499 49.14 56.59 1.30e-19 0.87467
65519 -154.87 72.69 8.77e-20 0.87266
65522 -165.00 73.00 8.84e-20 0.87304
65525 -175.13 72.69 8.77e-20 0.87266
63293 -0.15 44.10 9.76e-20 0.87514
64055 20.50 64.00 1.52e-19 0.85429
64052 20.50 66.00 1.53e-19 0.84856
64466 -14.37 58.15 1.37e-19 0.87232
64049 20.50 68.00 1.53e-19 0.84223
64463 -19.14 56.59 1.30e-19 0.87467
64460 -23.49 54.84 1.21e-19 0.87611
64889 60.17 59.65 1.29e-19 0.87479
64895 67.82 55.26 1.09e-19 0.87630
64892 64.24 57.52 1.20e-19 0.87626
65225 -22.03 85.01 1.50e-19 0.85991
64376 58.87 43.83 7.65e-20 0.86927
64004 -159.50 82.00 1.23e-19 0.87598
64370 52.30 47.83 9.75e-20 0.87483
64007 -159.50 84.00 1.29e-19 0.87482
64373 55.72 45.90 8.72e-20 0.87264
64229 5.74 49.49 1.20e-19 0.87631
64235 15.00 50.00 1.23e-19 0.87599
64232 10.34 49.87 1.22e-19 0.87603
64109 -154.30 85.50 1.34e-19 0.87347
64115 -154.30 83.50 1.28e-19 0.87513
64112 -154.30 84.50 1.31e-19 0.87438
63809 -159.50 76.00 1.00e-19 0.87551
64283 15.00 53.00 1.32e-19 0.87401
64280 10.03 52.87 1.31e-19 0.87430
64286 19.97 52.87 1.31e-19 0.87430
65312 105.25 69.00 1.15e-19 0.87649
65315 106.03 66.00 1.05e-19 0.87615
65309 104.36 72.00 1.23e-19 0.87591
65306 103.29 74.99 1.31e-19 0.87438
65198 -70.10 62.89 1.00e-19 0.87540
65201 -68.64 65.84 1.11e-19 0.87641
65204 -66.90 68.78 1.21e-19 0.87620
65207 -64.74 71.70 1.30e-19 0.87477
65300 99.91 80.96 1.41e-19 0.86991
65303 101.91 77.98 1.37e-19 0.87231
65078 -54.80 64.32 1.20e-19 0.87633
65081 -51.58 67.01 1.29e-19 0.87475
65411 -165.00 85.00 1.32e-19 0.87401
65084 -47.61 69.63 1.38e-19 0.87187
65087 -42.61 72.15 1.44e-19 0.86770
64859 -7.85 66.25 1.52e-19 0.85608
64865 7.04 67.80 1.53e-19 0.84377
65417 145.34 82.12 1.29e-19 0.87482
63329 99.62 69.66 1.21e-19 0.87611
63335 94.39 69.25 1.24e-19 0.87577
63449 43.95 47.55 1.03e-19 0.87576
63455 42.51 45.84 9.76e-20 0.87514
64994 52.64 70.09 1.51e-19 0.85896
64988 35.87 72.94 1.53e-19 0.84135
64991 44.88 71.70 1.53e-19 0.85093
63215 -24.50 62.76 1.41e-19 0.87021
65153 -37.87 78.68 1.50e-19 0.86083
64997 59.19 68.20 1.47e-19 0.86549
63209 -27.74 63.99 1.41e-19 0.87007
64934 40.90 69.01 1.53e-19 0.85236
64016 14.04 90.00 1.45e-19 0.86735
64931 32.88 70.09 1.53e-19 0.84377
63431 48.85 52.53 1.17e-19 0.87639
64928 24.14 70.77 1.51e-19 0.83504
64010 -159.50 86.00 1.35e-19 0.87300
63473 -159.50 70.00 7.67e-20 0.86922
64937 48.05 67.59 1.50e-19 0.85989
63437 47.11 50.90 1.13e-19 0.87643
65132 -65.42 59.53 9.40e-20 0.87432
65135 -63.62 62.41 1.05e-19 0.87600
65129 87.47 61.57 1.09e-19 0.87639
64772 64.20 48.66 8.93e-20 0.87320
64775 -37.39 50.87 9.40e-20 0.87455
64415 15.00 59.00 1.47e-19 0.86551
64412 9.19 58.85 1.46e-19 0.86611
64409 3.49 58.40 1.44e-19 0.86772
63137 -80.38 69.66 1.12e-19 0.87637
63131 -85.61 69.25 1.07e-19 0.87620
64316 -22.30 47.83 9.75e-20 0.87483
64313 -25.72 45.90 8.72e-20 0.87264
64310 -28.87 43.83 7.65e-20 0.86927
63155 -64.02 69.92 1.26e-19 0.87554
63149 -69.50 70.00 1.22e-19 0.87606
64259 -20.22 45.15 8.91e-20 0.87314
64265 -12.75 48.42 1.07e-19 0.87621
64262 -16.62 46.88 9.85e-20 0.87531
65327 -83.36 62.69 8.72e-20 0.87281
57281 15.00 -74.00 9.85e-22 0.00098
64100 -154.30 88.50 1.42e-19 0.86975
64103 -154.30 87.50 1.39e-19 0.87115
65237 82.04 80.22 1.46e-19 0.86566
65234 71.87 82.83 1.49e-19 0.86234
64106 -154.30 86.50 1.37e-19 0.87239
65231 52.03 85.01 1.50e-19 0.85991
65228 15.00 86.00 1.51e-19 0.85898
65267 -76.03 66.00 1.05e-19 0.87615
64088 20.50 44.00 9.99e-20 0.87543
64193 2.01 45.89 1.05e-19 0.87598
64190 -2.11 45.05 1.00e-19 0.87557
64157 -154.30 77.50 1.07e-19 0.87621
64154 -154.30 71.50 8.30e-20 0.87147
64151 -154.30 72.50 8.70e-20 0.87266
64148 -154.30 73.50 9.10e-20 0.87369
64196 6.26 46.51 1.09e-19 0.87650
64982 15.00 74.00 1.45e-19 0.81765
64985 25.77 73.73 1.50e-19 0.83027
65369 114.82 74.77 1.23e-19 0.87586
64979 4.23 73.73 1.50e-19 0.83027
65375 113.60 68.75 1.07e-19 0.87629
65372 114.03 71.77 1.16e-19 0.87657
65366 116.22 77.76 1.30e-19 0.87470
65360 124.24 83.64 1.38e-19 0.87187
65363 118.82 80.73 1.34e-19 0.87329
65459 174.45 81.43 1.22e-19 0.87615
65462 158.42 79.90 1.20e-19 0.87629
65465 147.41 77.77 1.16e-19 0.87652
63173 -53.39 69.25 1.33e-19 0.87381
65036 -20.23 74.26 1.53e-19 0.85236
65270 -75.25 69.00 1.15e-19 0.87649
65273 -74.36 72.00 1.23e-19 0.87591
64952 71.94 57.20 1.11e-19 0.87643
65276 -73.29 74.99 1.31e-19 0.87438
65030 -35.21 70.32 1.46e-19 0.86613
65033 -28.52 72.43 1.50e-19 0.85991
64808 22.07 64.82 1.53e-19 0.85236
64811 28.94 64.29 1.52e-19 0.85608
65501 148.54 73.33 1.00e-19 0.87546
63353 80.22 67.15 1.31e-19 0.87446
64817 41.53 62.26 1.46e-19 0.86570
63005 15.00 -90.00 2.58e-21 0.00258
63389 62.51 61.46 1.32e-19 0.87401
62999 15.00 -74.00 9.85e-22 0.00098
63395 59.77 60.10 1.31e-19 0.87439
65507 -152.81 75.64 9.96e-20 0.87525
65054 50.23 74.26 1.53e-19 0.85236
65096 -16.27 78.38 1.53e-19 0.84944
65051 40.07 75.72 1.53e-19 0.84377
65048 28.12 76.67 1.51e-19 0.83505
65090 -36.13 74.51 1.49e-19 0.86234
65093 -27.58 76.63 1.52e-19 0.85606
65057 58.52 72.43 1.50e-19 0.85991
64496 44.37 58.15 1.37e-19 0.87232
64490 33.56 60.56 1.46e-19 0.86569
64493 39.17 59.48 1.42e-19 0.86915
63017 15.00 -90.00 2.58e-21 0.00258
63305 121.38 69.66 1.04e-19 0.87583
63011 15.00 -74.00 9.85e-22 0.00098
63299 126.61 69.25 9.89e-20 0.87522
64058 20.50 62.00 1.51e-19 0.85938
64061 20.50 60.00 1.48e-19 0.86381
64067 20.50 58.00 1.44e-19 0.86759
64802 7.93 64.82 1.53e-19 0.85236
64805 15.00 65.00 1.53e-19 0.85093
64799 1.06 64.29 1.52e-19 0.85608
64907 -29.72 63.95 1.40e-19 0.87090
64904 -34.39 61.83 1.31e-19 0.87418
64898 -41.94 57.20 1.11e-19 0.87643
64901 -38.43 59.57 1.22e-19 0.87600
64829 60.59 55.29 1.16e-19 0.87641
64379 -31.37 46.31 8.34e-20 0.87160
64367 48.58 49.61 1.07e-19 0.87623
64364 44.55 51.21 1.16e-19 0.87653
64361 40.23 52.61 1.23e-19 0.87586
64358 35.61 53.80 1.30e-19 0.87481
63371 72.27 65.14 1.33e-19 0.87382
63101 -146.50 74.10 9.45e-20 0.87447
63107 41.70 76.00 1.53e-19 0.84512
63968 -159.50 80.00 1.16e-19 0.87648
64343 9.65 55.86 1.40e-19 0.87091
63365 76.09 66.19 1.32e-19 0.87399
64247 33.10 47.99 1.11e-19 0.87653
64340 4.38 55.44 1.38e-19 0.87195
64244 28.75 48.86 1.16e-19 0.87655
64238 19.66 49.87 1.22e-19 0.87603
64346 15.00 56.00 1.40e-19 0.87052
64241 24.26 49.49 1.20e-19 0.87631
64268 -8.62 49.77 1.15e-19 0.87651
64271 -4.25 50.90 1.21e-19 0.87606
64274 0.34 51.81 1.26e-19 0.87553
64277 5.12 52.47 1.29e-19 0.87486
65264 -76.74 62.99 9.44e-20 0.87455
65261 -77.40 59.97 8.34e-20 0.87159
65258 101.35 59.93 8.93e-20 0.87319
65324 -83.42 59.64 7.65e-20 0.86926
65321 107.40 59.97 8.34e-20 0.87159
65318 106.74 62.99 9.44e-20 0.87455
64145 -154.30 74.50 9.49e-20 0.87456
65189 93.62 62.41 1.05e-19 0.87600
65195 -71.35 59.93 8.93e-20 0.87319
64139 -154.30 76.50 1.03e-19 0.87582
65441 -105.01 72.61 1.05e-19 0.87608
65438 -101.49 69.80 9.75e-20 0.87500
65444 -110.04 75.29 1.11e-19 0.87645
65447 -117.41 77.77 1.16e-19 0.87652
63341 89.39 68.69 1.27e-19 0.87537
63347 84.65 67.98 1.29e-19 0.87486
65018 -45.03 65.56 1.31e-19 0.87417
65027 -40.62 68.01 1.40e-19 0.87087
65159 -8.31 82.40 1.53e-19 0.85236
63239 -16.23 58.68 1.37e-19 0.87230
63245 -13.89 57.20 1.35e-19 0.87312
65165 38.31 82.40 1.53e-19 0.85236
63419 50.72 54.13 1.21e-19 0.87622
64943 59.72 63.95 1.40e-19 0.87090
64946 64.39 61.83 1.31e-19 0.87418
64847 -30.17 59.65 1.29e-19 0.87479
65141 -58.92 68.10 1.26e-19 0.87547
65138 -61.49 65.27 1.16e-19 0.87643
64838 67.39 50.87 9.40e-20 0.87455
64841 -37.82 55.26 1.09e-19 0.87630
64844 -34.24 57.52 1.20e-19 0.87626
64478 8.63 61.84 1.50e-19 0.85992
64481 15.00 62.00 1.51e-19 0.85898
64484 21.37 61.84 1.50e-19 0.85992
64487 27.59 61.35 1.49e-19 0.86235
64421 26.51 58.40 1.44e-19 0.86772
64424 32.00 57.66 1.41e-19 0.86992
64853 -20.33 63.41 1.44e-19 0.86769
64850 -25.56 61.63 1.38e-19 0.87196
64856 -14.43 64.97 1.49e-19 0.86236
63143 -74.98 69.92 1.17e-19 0.87651
64307 50.22 45.15 8.91e-20 0.87314
64298 38.62 49.77 1.15e-19 0.87651
64301 42.75 48.42 1.07e-19 0.87621
64304 46.62 46.88 9.85e-20 0.87531
64874 30.65 67.20 1.53e-19 0.84944
64868 15.00 68.00 1.53e-19 0.84136
64871 22.96 67.80 1.53e-19 0.84377
64877 37.85 66.25 1.52e-19 0.85608
64022 20.50 86.00 1.51e-19 0.85904
64025 20.50 84.00 1.52e-19 0.85390
64397 -16.66 53.94 1.23e-19 0.87598
64019 20.50 88.00 1.48e-19 0.86352
64394 -20.85 52.27 1.15e-19 0.87649
64388 -28.18 48.44 9.44e-20 0.87456
64391 -24.68 50.43 1.05e-19 0.87608
64214 32.11 45.05 1.00e-19 0.87557
64097 -154.30 89.50 1.44e-19 0.86819
64211 27.99 45.89 1.05e-19 0.87598
65219 -52.04 80.22 1.46e-19 0.86566
64217 -11.20 45.58 9.75e-20 0.87491
65222 -41.87 82.83 1.49e-19 0.86234
64427 37.23 56.66 1.37e-19 0.87235
64199 10.61 46.88 1.11e-19 0.87658
64202 15.00 47.00 1.12e-19 0.87648
64205 19.39 46.88 1.11e-19 0.87658
64976 -5.87 72.94 1.53e-19 0.84135
64973 -14.88 71.70 1.53e-19 0.85093
64970 -22.64 70.09 1.51e-19 0.85896
65450 -128.42 79.90 1.20e-19 0.87629
65453 -144.45 81.43 1.22e-19 0.87615
65162 15.00 83.00 1.53e-19 0.85093
63203 -31.27 65.14 1.41e-19 0.87019
65279 -71.91 77.98 1.37e-19 0.87231
65285 -66.36 83.93 1.44e-19 0.86770
65282 -69.91 80.96 1.41e-19 0.86991
65471 135.01 72.61 1.05e-19 0.87608
65468 140.04 75.29 1.11e-19 0.87645
65474 131.49 69.80 9.75e-20 0.87500
65477 -118.54 73.33 1.00e-19 0.87546
62993 15.00 -90.00 2.58e-21 0.00258
64940 54.30 65.88 1.46e-19 0.86608
65099 -1.81 79.57 1.53e-19 0.84377
65105 31.81 79.57 1.53e-19 0.84377
65102 15.00 80.00 1.53e-19 0.84136
64688 60.98 50.85 1.00e-19 0.87542
65405 -115.34 82.12 1.29e-19 0.87482
65402 -105.13 79.58 1.26e-19 0.87552
65399 -99.24 76.82 1.21e-19 0.87618
63269 -6.11 50.90 1.20e-19 0.87619
63275 -4.48 49.24 1.15e-19 0.87644
64037 20.50 76.00 1.49e-19 0.82807
64034 20.50 78.00 1.51e-19 0.83492
64028 20.50 82.00 1.53e-19 0.84813
64031 20.50 80.00 1.53e-19 0.84177
64916 -10.90 69.01 1.53e-19 0.85236
64793 -11.53 62.26 1.46e-19 0.86570
64790 -17.07 60.82 1.41e-19 0.86988
64910 -24.30 65.88 1.46e-19 0.86608
64913 -18.05 67.59 1.50e-19 0.85989
64796 -5.47 63.42 1.50e-19 0.86081
65144 -55.70 70.89 1.34e-19 0.87333
64430 42.12 55.41 1.31e-19 0.87447
64433 46.66 53.94 1.23e-19 0.87598
64349 20.35 55.86 1.40e-19 0.87091
64352 25.62 55.44 1.38e-19 0.87195
64355 30.72 54.74 1.34e-19 0.87322
63383 65.50 62.76 1.33e-19 0.87375
63113 -138.30 76.00 1.04e-19 0.87591
64436 50.85 52.27 1.15e-19 0.87649
64334 -5.61 53.80 1.30e-19 0.87481
65504 -141.78 74.62 9.75e-20 0.87488
64331 -10.23 52.61 1.23e-19 0.87586
64328 -14.55 51.21 1.16e-19 0.87653
64169 15.00 41.00 8.84e-20 0.87304
64172 18.97 40.88 8.77e-20 0.87282
64175 6.71 43.52 9.75e-20 0.87513
64337 -0.72 54.74 1.34e-19 0.87322
64814 35.47 63.42 1.50e-19 0.86081
65147 -51.53 73.61 1.41e-19 0.86995
65249 96.90 68.78 1.21e-19 0.87620
64085 20.50 46.00 1.08e-19 0.87629
65336 -84.03 71.77 1.16e-19 0.87657
65252 98.64 65.84 1.11e-19 0.87641
65255 100.10 62.89 1.00e-19 0.87540
65330 -83.40 65.72 9.75e-20 0.87497
65333 -83.60 68.75 1.07e-19 0.87629
64418 20.81 58.85 1.46e-19 0.86611
64133 -154.30 79.50 1.14e-19 0.87650
65186 91.49 65.27 1.16e-19 0.87643
64136 -154.30 78.50 1.10e-19 0.87644
65183 88.92 68.10 1.26e-19 0.87547
65180 85.70 70.89 1.34e-19 0.87333
65192 95.42 59.53 9.40e-20 0.87432
65414 164.13 84.15 1.31e-19 0.87431
65432 121.61 68.04 9.85e-20 0.87519
65435 120.51 65.03 8.91e-20 0.87312
63263 -7.85 52.53 1.24e-19 0.87570
65429 123.21 71.02 1.07e-19 0.87636
65408 -134.13 84.15 1.31e-19 0.87431
63317 110.50 70.00 1.13e-19 0.87650
63311 115.98 69.92 1.09e-19 0.87648
65009 76.59 58.92 1.12e-19 0.87635
65015 -48.69 63.02 1.22e-19 0.87616
65012 -51.77 60.39 1.11e-19 0.87638
65528 -165.00 70.00 7.65e-20 0.86915
65531 -165.00 67.00 6.49e-20 0.86387
63413 52.73 55.69 1.24e-19 0.87584
64955 -46.59 58.92 1.12e-19 0.87635
64949 68.43 59.57 1.22e-19 0.87600
65111 57.58 76.63 1.52e-19 0.85606
65168 55.98 80.83 1.52e-19 0.85606
65108 46.27 78.38 1.53e-19 0.84944
65114 66.13 74.51 1.49e-19 0.86234
65117 72.61 72.15 1.44e-19 0.86770
64862 -0.65 67.20 1.53e-19 0.84944
64835 64.18 53.14 1.05e-19 0.87620
65456 -165.00 82.00 1.23e-19 0.87599
64469 -9.17 59.48 1.42e-19 0.86915
64475 2.41 61.35 1.49e-19 0.86235
64472 -3.56 60.56 1.46e-19 0.86569
65513 -177.19 75.64 9.96e-20 0.87525
65510 -165.00 76.00 1.00e-19 0.87549
65516 171.78 74.62 9.75e-20 0.87488
64451 -34.20 48.66 8.93e-20 0.87320
64454 -30.98 50.85 1.00e-19 0.87542
63905 -159.50 78.00 1.08e-19 0.87632
64289 24.88 52.47 1.29e-19 0.87486
64295 34.25 50.90 1.21e-19 0.87606
64292 29.66 51.81 1.26e-19 0.87553
64883 50.33 63.41 1.44e-19 0.86769
64880 44.43 64.97 1.49e-19 0.86236
65498 156.21 75.54 1.05e-19 0.87609
63584 -159.50 72.00 8.46e-20 0.87195
64886 55.56 61.63 1.38e-19 0.87196
64406 -2.00 57.66 1.41e-19 0.86992
65378 113.40 65.72 9.75e-20 0.87497
64403 -7.23 56.66 1.37e-19 0.87235
64400 -12.12 55.41 1.31e-19 0.87447
64223 -3.10 47.99 1.11e-19 0.87653
64220 -7.26 46.89 1.05e-19 0.87598
64118 -154.30 82.50 1.25e-19 0.87572
64121 -154.30 81.50 1.21e-19 0.87614
64226 1.25 48.86 1.16e-19 0.87655
64124 -154.30 80.50 1.18e-19 0.87640
63161 -58.62 69.66 1.30e-19 0.87467
