65006 73.24 61.42 1.21e-19 0.86197
65000 64.69 66.09 1.41e-19 0.87255
65003 69.32 63.82 1.31e-19 0.86758
63197 -35.09 66.19 1.40e-19 0.87248
64142 -154.30 75.50 9.58e-20 0.84813
63191 -39.22 67.15 1.39e-19 0.87187
65213 -57.99 77.44 1.43e-19 0.87399
65210 -61.92 74.59 1.36e-19 0.87033
65294 86.94 86.84 1.48e-19 0.87663
65291 15.00 89.00 1.49e-19 0.87706
65288 -56.94 86.84 1.48e-19 0.87663
65075 -57.47 61.57 1.06e-19 0.85415
62987 15.00 -74.00 -5.33e-20 -0.05330
65072 81.77 60.39 1.08e-19 0.85531
65486 -149.69 78.56 1.08e-19 0.85526
65069 78.69 63.02 1.20e-19 0.86167
65420 135.13 79.58 1.24e-19 0.86391
62981 15.00 -90.00 -1.15e-19 -0.11532
65483 -136.50 77.35 1.06e-19 0.85423
65156 -25.98 80.83 1.57e-19 0.88235
65426 125.59 73.95 1.12e-19 0.85747
65480 -126.21 75.54 1.02e-19 0.85202
63281 -2.95 47.55 1.07e-19 0.85444
63287 -1.51 45.84 1.01e-19 0.85117
65150 -45.89 76.23 1.48e-19 0.87693
65390 -91.61 68.04 9.55e-20 0.84789
63227 -18.77 60.10 1.39e-19 0.87158
65393 -93.21 71.02 1.04e-19 0.85319
65396 -95.59 73.95 1.12e-19 0.85747
63221 -21.51 61.46 1.40e-19 0.87236
63443 45.48 49.24 1.05e-19 0.85363
64046 20.50 70.00 1.61e-19 0.88868
64082 20.50 48.00 1.13e-19 0.85771
64043 20.50 72.00 1.61e-19 0.89001
64040 20.50 74.00 1.60e-19 0.89071
64781 -30.59 55.29 1.14e-19 0.85822
64778 -34.18 53.14 1.02e-19 0.85214
64784 -26.57 57.31 1.24e-19 0.86389
64079 20.50 50.00 1.20e-19 0.86177
64787 -22.08 59.16 1.34e-19 0.86876
64919 -2.88 70.09 1.61e-19 0.88664
64925 15.00 71.00 1.61e-19 0.88970
64922 5.86 70.77 1.61e-19 0.88876
64439 54.68 50.43 1.02e-19 0.85177
64445 61.37 46.31 8.02e-20 0.83819
64442 58.18 48.44 9.12e-20 0.84545
63119 -95.35 67.98 9.24e-20 0.84603
63125 -90.61 68.69 9.85e-20 0.84982
63377 68.74 63.99 1.32e-19 0.86809
64544 53.49 54.84 1.19e-19 0.86099
64187 23.29 43.52 9.44e-20 0.84737
64325 -18.58 49.61 1.04e-19 0.85305
63776 -159.50 74.00 8.94e-20 0.84419
64181 15.00 44.00 9.73e-20 0.84900
64178 10.84 43.88 9.66e-20 0.84861
64184 19.16 43.88 9.66e-20 0.84861
64013 -159.50 88.00 1.41e-19 0.87261
64250 37.26 46.89 1.02e-19 0.85167
64253 41.20 45.58 9.44e-20 0.84714
64073 20.50 54.00 1.34e-19 0.86911
64070 20.50 56.00 1.40e-19 0.87239
65246 94.74 71.70 1.28e-19 0.86607
65492 179.69 78.56 1.08e-19 0.85526
65243 91.92 74.59 1.36e-19 0.87033
65495 166.50 77.35 1.06e-19 0.85423
64076 20.50 52.00 1.27e-19 0.86557
65240 87.99 77.44 1.43e-19 0.87399
64208 23.74 46.51 1.06e-19 0.85427
64457 -27.42 52.92 1.08e-19 0.85543
65177 81.53 73.61 1.42e-19 0.87323
64166 11.03 40.88 8.45e-20 0.84104
64163 15.00 38.00 7.33e-20 0.83334
65171 67.87 78.68 1.53e-19 0.88001
64094 20.50 40.00 8.08e-20 0.83861
65174 75.89 76.23 1.48e-19 0.87693
64160 15.00 35.00 6.19e-20 0.82442
65387 -90.51 65.03 8.59e-20 0.84188
63257 -9.72 54.13 1.27e-19 0.86541
65297 96.36 83.93 1.46e-19 0.87532
63251 -11.73 55.69 1.31e-19 0.86742
65381 113.36 62.69 8.40e-20 0.84082
65384 113.42 59.64 7.33e-20 0.83345
65357 139.00 86.38 1.40e-19 0.87217
65348 -94.24 83.64 1.37e-19 0.87089
65351 -109.00 86.38 1.40e-19 0.87217
64091 20.50 42.00 8.88e-20 0.84383
65354 -165.00 88.00 1.41e-19 0.87260
63179 -48.39 68.69 1.35e-19 0.86956
63185 -43.65 67.98 1.37e-19 0.87082
63323 105.02 69.92 1.15e-19 0.85913
65342 -86.22 77.76 1.28e-19 0.86599
65345 -88.82 80.73 1.34e-19 0.86886
65339 -84.82 74.77 1.21e-19 0.86241
65045 15.00 77.00 1.61e-19 0.88970
65042 1.88 76.67 1.61e-19 0.88876
65039 -10.07 75.72 1.61e-19 0.88665
63407 54.89 57.20 1.25e-19 0.86443
65423 129.24 76.82 1.19e-19 0.86107
64823 52.08 59.16 1.34e-19 0.86876
65489 -165.00 79.00 1.09e-19 0.85581
64820 47.07 60.82 1.42e-19 0.87314
64967 -29.19 68.20 1.49e-19 0.87703
64964 -34.69 66.09 1.41e-19 0.87255
63401 57.23 58.68 1.28e-19 0.86589
63095 40.40 47.00 1.00e-19 0.85086
64961 -39.32 63.82 1.31e-19 0.86758
64958 -43.24 61.42 1.21e-19 0.86197
64826 56.57 57.31 1.24e-19 0.86389
65063 70.62 68.01 1.40e-19 0.87216
65126 84.80 64.32 1.18e-19 0.86040
65060 65.21 70.32 1.48e-19 0.87666
65123 81.58 67.01 1.28e-19 0.86590
65066 75.03 65.56 1.30e-19 0.86712
65120 77.61 69.63 1.37e-19 0.87090
64592 57.42 52.92 1.08e-19 0.85543
64499 49.14 56.59 1.28e-19 0.86596
65519 -154.87 72.69 8.45e-20 0.84088
65522 -165.00 73.00 8.52e-20 0.84152
65525 -175.13 72.69 8.45e-20 0.84088
63293 -0.15 44.10 9.45e-20 0.84744
64055 20.50 64.00 1.57e-19 0.88311
64052 20.50 66.00 1.60e-19 0.88520
64466 -14.37 58.15 1.36e-19 0.87035
64049 20.50 68.00 1.61e-19 0.88707
64463 -19.14 56.59 1.28e-19 0.86596
64460 -23.49 54.84 1.19e-19 0.86099
64889 60.17 59.65 1.28e-19 0.86595
64895 67.82 55.26 1.06e-19 0.85406
64892 64.24 57.52 1.18e-19 0.86033
65225 -22.03 85.01 1.54e-19 0.88055
64376 58.87 43.83 7.34e-20 0.83346
64004 -159.50 82.00 1.21e-19 0.86205
64370 52.30 47.83 9.44e-20 0.84707
64007 -159.50 84.00 1.28e-19 0.86583
64373 55.72 45.90 8.40e-20 0.84064
64229 5.74 49.49 1.18e-19 0.86038
64235 15.00 50.00 1.21e-19 0.86200
64232 10.34 49.87 1.20e-19 0.86154
64109 -154.30 85.50 1.33e-19 0.86857
64115 -154.30 83.50 1.26e-19 0.86502
64112 -154.30 84.50 1.30e-19 0.86683
63809 -159.50 76.00 9.74e-20 0.84908
64283 15.00 53.00 1.31e-19 0.86759
64280 10.03 52.87 1.30e-19 0.86727
64286 19.97 52.87 1.30e-19 0.86727
65312 105.25 69.00 1.12e-19 0.85744
65315 106.03 66.00 1.02e-19 0.85185
65309 104.36 72.00 1.21e-19 0.86246
65306 103.29 74.99 1.30e-19 0.86671
65198 -70.10 62.89 9.74e-20 0.84899
65201 -68.64 65.84 1.08e-19 0.85537
65204 -66.90 68.78 1.19e-19 0.86109
65207 -64.74 71.70 1.28e-19 0.86607
65300 99.91 80.96 1.42e-19 0.87319
65303 101.91 77.98 1.36e-19 0.87033
65078 -54.80 64.32 1.18e-19 0.86040
65081 -51.58 67.01 1.28e-19 0.86590
65411 -165.00 85.00 1.31e-19 0.86759
65084 -47.61 69.63 1.37e-19 0.87090
65087 -42.61 72.15 1.46e-19 0.87531
64859 -7.85 66.25 1.57e-19 0.88239
64865 7.04 67.80 1.61e-19 0.88665
65417 145.34 82.12 1.28e-19 0.86598
63329 99.62 69.66 1.19e-19 0.86106
63335 94.39 69.25 1.22e-19 0.86292
63449 43.95 47.55 1.00e-19 0.85056
63455 42.51 45.84 9.45e-20 0.84742
64994 52.64 70.09 1.55e-19 0.88095
64988 35.87 72.94 1.61e-19 0.88729
64991 44.88 71.70 1.59e-19 0.88440
63215 -24.50 62.76 1.41e-19 0.87283
65153 -37.87 78.68 1.53e-19 0.88001
64997 59.19 68.20 1.49e-19 0.87703
63209 -27.74 63.99 1.41e-19 0.87307
64934 40.90 69.01 1.58e-19 0.88385
64016 14.04 90.00 1.46e-19 0.87563
64931 32.88 70.09 1.61e-19 0.88664
63431 48.85 52.53 1.15e-19 0.85884
64928 24.14 70.77 1.61e-19 0.88876
64010 -159.50 86.00 1.35e-19 0.86935
63473 -159.50 70.00 7.35e-20 0.83346
64937 48.05 67.59 1.54e-19 0.88052
63437 47.11 50.90 1.10e-19 0.85635
65132 -65.42 59.53 9.09e-20 0.84506
65135 -63.62 62.41 1.02e-19 0.85193
65129 87.47 61.57 1.06e-19 0.85415
64772 64.20 48.66 8.61e-20 0.84202
64775 -37.39 50.87 9.09e-20 0.84530
64415 15.00 59.00 1.49e-19 0.87706
64412 9.19 58.85 1.48e-19 0.87664
64409 3.49 58.40 1.46e-19 0.87534
63137 -80.38 69.66 1.10e-19 0.85606
63131 -85.61 69.25 1.04e-19 0.85302
64316 -22.30 47.83 9.44e-20 0.84707
64313 -25.72 45.90 8.40e-20 0.84064
64310 -28.87 43.83 7.34e-20 0.83346
63155 -64.02 69.92 1.24e-19 0.86410
63149 -69.50 70.00 1.20e-19 0.86166
64259 -20.22 45.15 8.59e-20 0.84190
64265 -12.75 48.42 1.04e-19 0.85303
64262 -16.62 46.88 9.55e-20 0.84802
65327 -83.36 62.69 8.40e-20 0.84082
57281 15.00 -74.00 -5.33e-20 -0.05330
64100 -154.30 88.50 1.42e-19 0.87342
64103 -154.30 87.50 1.39e-19 0.87186
65237 82.04 80.22 1.48e-19 0.87694
65234 71.87 82.83 1.52e-19 0.87915
64106 -154.30 86.50 1.36e-19 0.87025
65231 52.03 85.01 1.54e-19 0.88055
65228 15.00 86.00 1.55e-19 0.88099
65267 -76.03 66.00 1.02e-19 0.85185
64088 20.50 44.00 9.69e-20 0.84875
64193 2.01 45.89 1.02e-19 0.85191
64190 -2.11 45.05 9.75e-20 0.84916
64157 -154.30 77.50 1.04e-19 0.85277
64154 -154.30 71.50 7.98e-20 0.83794
64151 -154.30 72.50 8.38e-20 0.84061
64148 -154.30 73.50 8.78e-20 0.84319
64196 6.26 46.51 1.06e-19 0.85427
64982 15.00 74.00 1.58e-19 0.89162
64985 25.77 73.73 1.61e-19 0.88970
65369 114.82 74.77 1.21e-19 0.86241
64979 4.23 73.73 1.61e-19 0.88970
65375 113.60 68.75 1.04e-19 0.85311
65372 114.03 71.77 1.13e-19 0.85823
65366 116.22 77.76 1.28e-19 0.86599
65360 124.24 83.64 1.37e-19 0.87089
65363 118.82 80.73 1.34e-19 0.86886
65459 174.45 81.43 1.20e-19 0.86167
65462 158.42 79.90 1.18e-19 0.86036
65465 147.41 77.77 1.14e-19 0.85834
63173 -53.39 69.25 1.32e-19 0.86795
65036 -20.23 74.26 1.58e-19 0.88385
65270 -75.25 69.00 1.12e-19 0.85744
65273 -74.36 72.00 1.21e-19 0.86246
64952 71.94 57.20 1.08e-19 0.85535
65276 -73.29 74.99 1.30e-19 0.86671
65030 -35.21 70.32 1.48e-19 0.87666
65033 -28.52 72.43 1.54e-19 0.88054
64808 22.07 64.82 1.58e-19 0.88386
64811 28.94 64.29 1.57e-19 0.88239
65501 148.54 73.33 9.74e-20 0.84905
63353 80.22 67.15 1.30e-19 0.86682
64817 41.53 62.26 1.48e-19 0.87699
63389 62.51 61.46 1.31e-19 0.86751
63395 59.77 60.10 1.30e-19 0.86683
65507 -152.81 75.64 9.65e-20 0.84843
65054 50.23 74.26 1.58e-19 0.88385
65096 -16.27 78.38 1.59e-19 0.88491
65051 40.07 75.72 1.61e-19 0.88665
65048 28.12 76.67 1.61e-19 0.88876
65090 -36.13 74.51 1.52e-19 0.87914
65093 -27.58 76.63 1.57e-19 0.88236
65057 58.52 72.43 1.54e-19 0.88054
64496 44.37 58.15 1.36e-19 0.87035
64490 33.56 60.56 1.48e-19 0.87698
64493 39.17 59.48 1.43e-19 0.87397
63305 121.38 69.66 1.01e-19 0.85112
63299 126.61 69.25 9.59e-20 0.84811
64058 20.50 62.00 1.54e-19 0.88079
64061 20.50 60.00 1.50e-19 0.87823
64067 20.50 58.00 1.46e-19 0.87543
64802 7.93 64.82 1.58e-19 0.88386
64805 15.00 65.00 1.59e-19 0.88439
64799 1.06 64.29 1.57e-19 0.88239
64907 -29.72 63.95 1.40e-19 0.87219
64904 -34.39 61.83 1.30e-19 0.86713
64898 -41.94 57.20 1.08e-19 0.85535
64901 -38.43 59.57 1.20e-19 0.86151
64829 60.59 55.29 1.14e-19 0.85822
64379 -31.37 46.31 8.02e-20 0.83819
64367 48.58 49.61 1.04e-19 0.85305
64364 44.55 51.21 1.13e-19 0.85819
64361 40.23 52.61 1.21e-19 0.86241
64358 35.61 53.80 1.28e-19 0.86611
63371 72.27 65.14 1.32e-19 0.86795
63101 -146.50 74.10 9.13e-20 0.84541
63107 41.70 76.00 1.60e-19 0.88626
63968 -159.50 80.00 1.13e-19 0.85800
64343 9.65 55.86 1.40e-19 0.87221
63365 76.09 66.19 1.31e-19 0.86742
64247 33.10 47.99 1.08e-19 0.85549
64340 4.38 55.44 1.38e-19 0.87099
64244 28.75 48.86 1.14e-19 0.85838
64238 19.66 49.87 1.20e-19 0.86154
64346 15.00 56.00 1.41e-19 0.87260
64241 24.26 49.49 1.18e-19 0.86038
64268 -8.62 49.77 1.12e-19 0.85747
64271 -4.25 50.90 1.19e-19 0.86094
64274 0.34 51.81 1.24e-19 0.86392
64277 5.12 52.47 1.28e-19 0.86603
65264 -76.74 62.99 9.12e-20 0.84544
65261 -77.40 59.97 8.02e-20 0.83818
65258 101.35 59.93 8.61e-20 0.84201
65324 -83.42 59.64 7.33e-20 0.83345
65321 107.40 59.97 8.02e-20 0.83818
65318 106.74 62.99 9.12e-20 0.84544
64145 -154.30 74.50 9.18e-20 0.84570
65189 93.62 62.41 1.02e-19 0.85193
65195 -71.35 59.93 8.61e-20 0.84201
64139 -154.30 76.50 9.98e-20 0.85048
65441 -105.01 72.61 1.02e-19 0.85178
65438 -101.49 69.80 9.44e-20 0.84723
65444 -110.04 75.29 1.08e-19 0.85541
65447 -117.41 77.77 1.14e-19 0.85834
63341 89.39 68.69 1.25e-19 0.86452
63347 84.65 67.98 1.28e-19 0.86577
65018 -45.03 65.56 1.30e-19 0.86712
65027 -40.62 68.01 1.40e-19 0.87216
65159 -8.31 82.40 1.58e-19 0.88386
63239 -16.23 58.68 1.37e-19 0.87053
63245 -13.89 57.20 1.34e-19 0.86898
65165 38.31 82.40 1.58e-19 0.88386
63419 50.72 54.13 1.19e-19 0.86110
64943 59.72 63.95 1.40e-19 0.87219
64946 64.39 61.83 1.30e-19 0.86713
64847 -30.17 59.65 1.28e-19 0.86595
65141 -58.92 68.10 1.24e-19 0.86385
65138 -61.49 65.27 1.14e-19 0.85825
64838 67.39 50.87 9.09e-20 0.84530
64841 -37.82 55.26 1.06e-19 0.85406
64844 -34.24 57.52 1.18e-19 0.86033
64478 8.63 61.84 1.54e-19 0.88056
64481 15.00 62.00 1.55e-19 0.88099
64484 21.37 61.84 1.54e-19 0.88056
64487 27.59 61.35 1.52e-19 0.87915
64421 26.51 58.40 1.46e-19 0.87534
64424 32.00 57.66 1.42e-19 0.87320
64853 -20.33 63.41 1.46e-19 0.87531
64850 -25.56 61.63 1.38e-19 0.87100
64856 -14.43 64.97 1.52e-19 0.87918
63143 -74.98 69.92 1.15e-19 0.85915
64307 50.22 45.15 8.59e-20 0.84190
64298 38.62 49.77 1.12e-19 0.85747
64301 42.75 48.42 1.04e-19 0.85303
64304 46.62 46.88 9.55e-20 0.84802
64874 30.65 67.20 1.59e-19 0.88489
64868 15.00 68.00 1.61e-19 0.88729
64871 22.96 67.80 1.61e-19 0.88665
64877 37.85 66.25 1.57e-19 0.88239
64022 20.50 86.00 1.55e-19 0.88096
64025 20.50 84.00 1.58e-19 0.88327
64397 -16.66 53.94 1.21e-19 0.86254
64019 20.50 88.00 1.51e-19 0.87841
64394 -20.85 52.27 1.12e-19 0.85744
64388 -28.18 48.44 9.12e-20 0.84545
64391 -24.68 50.43 1.02e-19 0.85177
64214 32.11 45.05 9.75e-20 0.84916
64097 -154.30 89.50 1.45e-19 0.87491
64211 27.99 45.89 1.02e-19 0.85191
65219 -52.04 80.22 1.48e-19 0.87694
64217 -11.20 45.58 9.44e-20 0.84714
65222 -41.87 82.83 1.52e-19 0.87915
64427 37.23 56.66 1.36e-19 0.87038
64199 10.61 46.88 1.08e-19 0.85552
64202 15.00 47.00 1.09e-19 0.85581
64205 19.39 46.88 1.08e-19 0.85552
64976 -5.87 72.94 1.61e-19 0.88729
64973 -14.88 71.70 1.59e-19 0.88440
64970 -22.64 70.09 1.55e-19 0.88095
65450 -128.42 79.90 1.18e-19 0.86036
65453 -144.45 81.43 1.20e-19 0.86167
65162 15.00 83.00 1.59e-19 0.88439
63203 -31.27 65.14 1.41e-19 0.87296
65279 -71.91 77.98 1.36e-19 0.87033
65285 -66.36 83.93 1.46e-19 0.87532
65282 -69.91 80.96 1.42e-19 0.87319
65471 135.01 72.61 1.02e-19 0.85178
65468 140.04 75.29 1.08e-19 0.85541
65474 131.49 69.80 9.44e-20 0.84723
65477 -118.54 73.33 9.74e-20 0.84905
62993 15.00 -90.00 -1.15e-19 -0.11532
64940 54.30 65.88 1.48e-19 0.87660
65099 -1.81 79.57 1.61e-19 0.88665
65105 31.81 79.57 1.61e-19 0.88665
65102 15.00 80.00 1.61e-19 0.88729
64688 60.98 50.85 9.74e-20 0.84901
65405 -115.34 82.12 1.28e-19 0.86598
65402 -105.13 79.58 1.24e-19 0.86391
65399 -99.24 76.82 1.19e-19 0.86107
63269 -6.11 50.90 1.18e-19 0.86045
63275 -4.48 49.24 1.13e-19 0.85761
64037 20.50 76.00 1.60e-19 0.89008
64034 20.50 78.00 1.61e-19 0.88879
64028 20.50 82.00 1.60e-19 0.88534
64031 20.50 80.00 1.61e-19 0.88719
64916 -10.90 69.01 1.58e-19 0.88385
64793 -11.53 62.26 1.48e-19 0.87699
64790 -17.07 60.82 1.42e-19 0.87314
64910 -24.30 65.88 1.48e-19 0.87660
64913 -18.05 67.59 1.54e-19 0.88052
64796 -5.47 63.42 1.53e-19 0.87999
65144 -55.70 70.89 1.34e-19 0.86891
64430 42.12 55.41 1.30e-19 0.86680
64433 46.66 53.94 1.21e-19 0.86254
64349 20.35 55.86 1.40e-19 0.87221
64352 25.62 55.44 1.38e-19 0.87099
64355 30.72 54.74 1.34e-19 0.86879
63383 65.50 62.76 1.32e-19 0.86790
63113 -138.30 76.00 1.01e-19 0.85094
64436 50.85 52.27 1.12e-19 0.85744
64334 -5.61 53.80 1.28e-19 0.86611
65504 -141.78 74.62 9.44e-20 0.84711
64331 -10.23 52.61 1.21e-19 0.86241
64328 -14.55 51.21 1.13e-19 0.85819
64169 15.00 41.00 8.52e-20 0.84152
64172 18.97 40.88 8.45e-20 0.84104
64175 6.71 43.52 9.44e-20 0.84737
64337 -0.72 54.74 1.34e-19 0.86879
64814 35.47 63.42 1.53e-19 0.87999
65147 -51.53 73.61 1.42e-19 0.87323
65249 96.90 68.78 1.19e-19 0.86109
64085 20.50 46.00 1.05e-19 0.85337
65336 -84.03 71.77 1.13e-19 0.85823
65252 98.64 65.84 1.08e-19 0.85537
65255 100.10 62.89 9.74e-20 0.84899
65330 -83.40 65.72 9.44e-20 0.84721
65333 -83.60 68.75 1.04e-19 0.85311
64418 20.81 58.85 1.48e-19 0.87664
64133 -154.30 79.50 1.12e-19 0.85713
65186 91.49 65.27 1.14e-19 0.85825
64136 -154.30 78.50 1.08e-19 0.85498
65183 88.92 68.10 1.24e-19 0.86385
65180 85.70 70.89 1.34e-19 0.86891
65192 95.42 59.53 9.09e-20 0.84506
65414 164.13 84.15 1.30e-19 0.86728
65432 121.61 68.04 9.55e-20 0.84789
65435 120.51 65.03 8.59e-20 0.84188
63263 -7.85 52.53 1.23e-19 0.86304
65429 123.21 71.02 1.04e-19 0.85319
65408 -134.13 84.15 1.30e-19 0.86728
63317 110.50 70.00 1.11e-19 0.85670
63311 115.98 69.92 1.06e-19 0.85423
65009 76.59 58.92 1.09e-19 0.85567
65015 -48.69 63.02 1.20e-19 0.86167
65012 -51.77 60.39 1.08e-19 0.85531
65528 -165.00 70.00 7.33e-20 0.83334
65531 -165.00 67.00 6.19e-20 0.82442
63413 52.73 55.69 1.22e-19 0.86299
64955 -46.59 58.92 1.09e-19 0.85567
64949 68.43 59.57 1.20e-19 0.86151
65111 57.58 76.63 1.57e-19 0.88236
65168 55.98 80.83 1.57e-19 0.88235
65108 46.27 78.38 1.59e-19 0.88491
65114 66.13 74.51 1.52e-19 0.87914
65117 72.61 72.15 1.46e-19 0.87531
64862 -0.65 67.20 1.59e-19 0.88489
64835 64.18 53.14 1.02e-19 0.85214
65456 -165.00 82.00 1.21e-19 0.86200
64469 -9.17 59.48 1.43e-19 0.87397
64475 2.41 61.35 1.52e-19 0.87915
64472 -3.56 60.56 1.48e-19 0.87698
65513 -177.19 75.64 9.65e-20 0.84843
65510 -165.00 76.00 9.73e-20 0.84900
65516 171.78 74.62 9.44e-20 0.84711
64451 -34.20 48.66 8.61e-20 0.84202
64454 -30.98 50.85 9.74e-20 0.84901
63905 -159.50 78.00 1.05e-19 0.85368
64289 24.88 52.47 1.28e-19 0.86603
64295 34.25 50.90 1.19e-19 0.86094
64292 29.66 51.81 1.24e-19 0.86392
64883 50.33 63.41 1.46e-19 0.87531
64880 44.43 64.97 1.52e-19 0.87918
65498 156.21 75.54 1.02e-19 0.85202
63584 -159.50 72.00 8.14e-20 0.83898
64886 55.56 61.63 1.38e-19 0.87100
64406 -2.00 57.66 1.42e-19 0.87320
65378 113.40 65.72 9.44e-20 0.84721
64403 -7.23 56.66 1.36e-19 0.87038
64400 -12.12 55.41 1.30e-19 0.86680
64223 -3.10 47.99 1.08e-19 0.85549
64220 -7.26 46.89 1.02e-19 0.85167
64118 -154.30 82.50 1.23e-19 0.86314
64121 -154.30 81.50 1.19e-19 0.86121
64226 1.25 48.86 1.14e-19 0.85838
64124 -154.30 80.50 1.15e-19 0.85920
63161 -58.62 69.66 1.28e-19 0.86608
