65006 73.24 61.42 1.17e-19 0.83809
65000 64.69 66.09 1.37e-19 0.85269
65003 69.32 63.82 1.28e-19 0.84745
63197 -35.09 66.19 1.37e-19 0.85264
64142 -154.30 75.50 9.10e-20 0.80535
63191 -39.22 67.15 1.36e-19 0.85220
65213 -57.99 77.44 1.40e-19 0.85352
65210 -61.92 74.59 1.33e-19 0.85079
65294 86.94 86.84 1.44e-19 0.85400
65291 15.00 89.00 1.45e-19 0.85392
65288 -56.94 86.84 1.44e-19 0.85400
65075 -57.47 61.57 1.02e-19 0.82082
62987 15.00 -74.00 -8.27e-21 -0.00827
65072 81.77 60.39 1.04e-19 0.82373
65486 -149.69 78.56 1.04e-19 0.82368
65069 78.69 63.02 1.16e-19 0.83740
65420 135.13 79.58 1.21e-19 0.84163
62981 15.00 -90.00 -2.66e-20 -0.02661
65483 -136.50 77.35 1.02e-19 0.82091
65156 -25.98 80.83 1.51e-19 0.84875
65426 125.59 73.95 1.08e-19 0.82860
65480 -126.21 75.54 9.81e-20 0.81557
63281 -2.95 47.55 1.03e-19 0.82165
63287 -1.51 45.84 9.64e-20 0.81325
65150 -45.89 76.23 1.44e-19 0.85393
65390 -91.61 68.04 9.06e-20 0.80476
63227 -18.77 60.10 1.36e-19 0.85197
65393 -93.21 71.02 1.00e-19 0.81831
65396 -95.59 73.95 1.08e-19 0.82860
63221 -21.51 61.46 1.37e-19 0.85256
63443 45.48 49.24 1.01e-19 0.81964
64046 20.50 70.00 1.50e-19 0.82506
64082 20.50 48.00 1.09e-19 0.82917
64043 20.50 72.00 1.47e-19 0.81537
64040 20.50 74.00 1.45e-19 0.80903
64781 -30.59 55.29 1.10e-19 0.83037
64778 -34.18 53.14 9.81e-20 0.81569
64784 -26.57 57.31 1.21e-19 0.84161
64079 20.50 50.00 1.17e-19 0.83768
64787 -22.08 59.16 1.31e-19 0.84902
64919 -2.88 70.09 1.51e-19 0.83587
64925 15.00 71.00 1.48e-19 0.81787
64922 5.86 70.77 1.49e-19 0.82455
64439 54.68 50.43 9.76e-20 0.81488
64445 61.37 46.31 7.43e-20 0.77709
64442 58.18 48.44 8.61e-20 0.79782
63119 -95.35 67.98 8.73e-20 0.79966
63125 -90.61 68.69 9.38e-20 0.80965
63377 68.74 63.99 1.29e-19 0.84814
64544 53.49 54.84 1.15e-19 0.83620
64187 23.29 43.52 8.95e-20 0.80314
64325 -18.58 49.61 1.00e-19 0.81815
63776 -159.50 74.00 8.41e-20 0.79448
64181 15.00 44.00 9.25e-20 0.80768
64178 10.84 43.88 9.18e-20 0.80658
64184 19.16 43.88 9.18e-20 0.80658
64013 -159.50 88.00 1.37e-19 0.85275
64250 37.26 46.89 9.76e-20 0.81477
64253 41.20 45.58 8.94e-20 0.80289
64073 20.50 54.00 1.31e-19 0.84942
64070 20.50 56.00 1.37e-19 0.85260
65246 94.74 71.70 1.25e-19 0.84521
65492 179.69 78.56 1.04e-19 0.82368
65243 91.92 74.59 1.33e-19 0.85079
65495 166.50 77.35 1.02e-19 0.82091
64076 20.50 52.00 1.24e-19 0.84444
65240 87.99 77.44 1.40e-19 0.85352
64208 23.74 46.51 1.02e-19 0.82094
64457 -27.42 52.92 1.04e-19 0.82390
65177 81.53 73.61 1.38e-19 0.85314
64166 11.03 40.88 7.89e-20 0.78555
64163 15.00 38.00 6.71e-20 0.76262
65171 67.87 78.68 1.48e-19 0.85214
64094 20.50 40.00 7.50e-20 0.77838
65174 75.89 76.23 1.44e-19 0.85393
64160 15.00 35.00 5.52e-20 0.73513
65387 -90.51 65.03 8.04e-20 0.78808
63257 -9.72 54.13 1.24e-19 0.84416
65297 96.36 83.93 1.42e-19 0.85394
63251 -11.73 55.69 1.28e-19 0.84720
65381 113.36 62.69 7.84e-20 0.78464
65384 113.42 59.64 6.71e-20 0.76273
65357 139.00 86.38 1.37e-19 0.85243
65348 -94.24 83.64 1.34e-19 0.85134
65351 -109.00 86.38 1.37e-19 0.85243
64091 20.50 42.00 8.35e-20 0.79348
65354 -165.00 88.00 1.37e-19 0.85274
63179 -48.39 68.69 1.32e-19 0.84994
63185 -43.65 67.98 1.34e-19 0.85128
63323 105.02 69.92 1.11e-19 0.83217
65342 -86.22 77.76 1.25e-19 0.84513
65345 -88.82 80.73 1.31e-19 0.84913
65339 -84.82 74.77 1.18e-19 0.83893
65045 15.00 77.00 1.48e-19 0.81787
65042 1.88 76.67 1.49e-19 0.82457
65039 -10.07 75.72 1.51e-19 0.83586
63407 54.89 57.20 1.22e-19 0.84260
65423 129.24 76.82 1.15e-19 0.83628
64823 52.08 59.16 1.31e-19 0.84902
65489 -165.00 79.00 1.05e-19 0.82482
64820 47.07 60.82 1.38e-19 0.85306
64967 -29.19 68.20 1.45e-19 0.85389
64964 -34.69 66.09 1.37e-19 0.85269
63401 57.23 58.68 1.25e-19 0.84491
63095 40.40 47.00 9.59e-20 0.81256
64961 -39.32 63.82 1.28e-19 0.84745
64958 -43.24 61.42 1.17e-19 0.83809
64826 56.57 57.31 1.21e-19 0.84161
65063 70.62 68.01 1.37e-19 0.85242
65126 84.80 64.32 1.14e-19 0.83488
65060 65.21 70.32 1.44e-19 0.85402
65123 81.58 67.01 1.25e-19 0.84499
65066 75.03 65.56 1.27e-19 0.84682
65120 77.61 69.63 1.34e-19 0.85135
64592 57.42 52.92 1.04e-19 0.82390
64499 49.14 56.59 1.25e-19 0.84510
65519 -154.87 72.69 7.89e-20 0.78538
65522 -165.00 73.00 7.97e-20 0.78688
65525 -175.13 72.69 7.89e-20 0.78538
63293 -0.15 44.10 8.96e-20 0.80335
64055 20.50 64.00 1.51e-19 0.84720
64052 20.50 66.00 1.52e-19 0.84141
64466 -14.37 58.15 1.33e-19 0.85081
64049 20.50 68.00 1.51e-19 0.83397
64463 -19.14 56.59 1.25e-19 0.84510
64460 -23.49 54.84 1.15e-19 0.83620
64889 60.17 59.65 1.25e-19 0.84504
64895 67.82 55.26 1.02e-19 0.82072
64892 64.24 57.52 1.14e-19 0.83480
65225 -22.03 85.01 1.49e-19 0.85160
64376 58.87 43.83 6.71e-20 0.76274
64004 -159.50 82.00 1.17e-19 0.83821
64370 52.30 47.83 8.94e-20 0.80281
64007 -159.50 84.00 1.25e-19 0.84485
64373 55.72 45.90 7.84e-20 0.78446
64229 5.74 49.49 1.14e-19 0.83486
64235 15.00 50.00 1.17e-19 0.83812
64232 10.34 49.87 1.16e-19 0.83726
64109 -154.30 85.50 1.30e-19 0.84876
64115 -154.30 83.50 1.23e-19 0.84354
64112 -154.30 84.50 1.27e-19 0.84637
63809 -159.50 76.00 9.27e-20 0.80791
64283 15.00 53.00 1.28e-19 0.84746
64280 10.03 52.87 1.27e-19 0.84697
64286 19.97 52.87 1.27e-19 0.84697
65312 105.25 69.00 1.08e-19 0.82857
65315 106.03 66.00 9.76e-20 0.81496
65309 104.36 72.00 1.18e-19 0.83898
65306 103.29 74.99 1.27e-19 0.84622
65198 -70.10 62.89 9.27e-20 0.80784
65201 -68.64 65.84 1.04e-19 0.82384
65204 -66.90 68.78 1.15e-19 0.83630
65207 -64.74 71.70 1.25e-19 0.84521
65300 99.91 80.96 1.38e-19 0.85310
65303 101.91 77.98 1.33e-19 0.85079
65078 -54.80 64.32 1.14e-19 0.83488
65081 -51.58 67.01 1.25e-19 0.84499
65411 -165.00 85.00 1.28e-19 0.84746
65084 -47.61 69.63 1.34e-19 0.85135
65087 -42.61 72.15 1.42e-19 0.85393
64859 -7.85 66.25 1.51e-19 0.84877
64865 7.04 67.80 1.51e-19 0.83586
65417 145.34 82.12 1.25e-19 0.84507
63329 99.62 69.66 1.16e-19 0.83632
63335 94.39 69.25 1.19e-19 0.83986
63449 43.95 47.55 9.55e-20 0.81194
63455 42.51 45.84 8.96e-20 0.80328
64994 52.64 70.09 1.49e-19 0.85096
64988 35.87 72.94 1.51e-19 0.83287
64991 44.88 71.70 1.52e-19 0.84394
63215 -24.50 62.76 1.38e-19 0.85288
65153 -37.87 78.68 1.48e-19 0.85214
64997 59.19 68.20 1.45e-19 0.85389
63209 -27.74 63.99 1.38e-19 0.85304
64934 40.90 69.01 1.51e-19 0.84538
64016 14.04 90.00 1.42e-19 0.85399
64931 32.88 70.09 1.51e-19 0.83587
63431 48.85 52.53 1.11e-19 0.83168
64928 24.14 70.77 1.49e-19 0.82455
64010 -159.50 86.00 1.31e-19 0.84970
63473 -159.50 70.00 6.73e-20 0.76299
64937 48.05 67.59 1.49e-19 0.85158
63437 47.11 50.90 1.06e-19 0.82617
65132 -65.42 59.53 8.57e-20 0.79702
65135 -63.62 62.41 9.81e-20 0.81547
65129 87.47 61.57 1.02e-19 0.82082
64772 64.20 48.66 8.06e-20 0.78842
64775 -37.39 50.87 8.57e-20 0.79727
64415 15.00 59.00 1.45e-19 0.85392
64412 9.19 58.85 1.44e-19 0.85401
64409 3.49 58.40 1.42e-19 0.85396
63137 -80.38 69.66 1.06e-19 0.82556
63131 -85.61 69.25 1.00e-19 0.81812
64316 -22.30 47.83 8.94e-20 0.80281
64313 -25.72 45.90 7.84e-20 0.78446
64310 -28.87 43.83 6.71e-20 0.76274
63155 -64.02 69.92 1.21e-19 0.84192
63149 -69.50 70.00 1.17e-19 0.83746
64259 -20.22 45.15 8.04e-20 0.78810
64265 -12.75 48.42 1.00e-19 0.81813
64262 -16.62 46.88 9.06e-20 0.80489
65327 -83.36 62.69 7.84e-20 0.78464
57281 15.00 -74.00 -8.27e-21 -0.00827
64100 -154.30 88.50 1.39e-19 0.85325
64103 -154.30 87.50 1.36e-19 0.85220
65237 82.04 80.22 1.44e-19 0.85394
65234 71.87 82.83 1.47e-19 0.85293
64106 -154.30 86.50 1.33e-19 0.85070
65231 52.03 85.01 1.49e-19 0.85160
65228 15.00 86.00 1.49e-19 0.85098
65267 -76.03 66.00 9.76e-20 0.81496
64088 20.50 44.00 9.21e-20 0.80702
64193 2.01 45.89 9.81e-20 0.81545
64190 -2.11 45.05 9.27e-20 0.80802
64157 -154.30 77.50 9.95e-20 0.81743
64154 -154.30 71.50 7.40e-20 0.77641
64151 -154.30 72.50 7.82e-20 0.78423
64148 -154.30 73.50 8.24e-20 0.79166
64196 6.26 46.51 1.02e-19 0.82094
64982 15.00 74.00 1.42e-19 0.79907
64985 25.77 73.73 1.48e-19 0.81788
65369 114.82 74.77 1.18e-19 0.83893
64979 4.23 73.73 1.48e-19 0.81788
65375 113.60 68.75 1.00e-19 0.81822
65372 114.03 71.77 1.10e-19 0.83019
65366 116.22 77.76 1.25e-19 0.84513
65360 124.24 83.64 1.34e-19 0.85134
65363 118.82 80.73 1.31e-19 0.84913
65459 174.45 81.43 1.16e-19 0.83740
65462 158.42 79.90 1.14e-19 0.83483
65465 147.41 77.77 1.10e-19 0.83050
63173 -53.39 69.25 1.29e-19 0.84795
65036 -20.23 74.26 1.51e-19 0.84538
65270 -75.25 69.00 1.08e-19 0.82857
65273 -74.36 72.00 1.18e-19 0.83898
64952 71.94 57.20 1.04e-19 0.82378
65276 -73.29 74.99 1.27e-19 0.84622
65030 -35.21 70.32 1.44e-19 0.85402
65033 -28.52 72.43 1.49e-19 0.85160
64808 22.07 64.82 1.51e-19 0.84538
64811 28.94 64.29 1.51e-19 0.84877
65501 148.54 73.33 9.27e-20 0.80790
63353 80.22 67.15 1.27e-19 0.84634
64817 41.53 62.26 1.44e-19 0.85398
63005 15.00 -90.00 -2.66e-20 -0.02661
63389 62.51 61.46 1.28e-19 0.84736
62999 15.00 -74.00 -8.27e-21 -0.00827
63395 59.77 60.10 1.27e-19 0.84637
65507 -152.81 75.64 9.17e-20 0.80638
65054 50.23 74.26 1.51e-19 0.84538
65096 -16.27 78.38 1.52e-19 0.84238
65051 40.07 75.72 1.51e-19 0.83586
65048 28.12 76.67 1.49e-19 0.82457
65090 -36.13 74.51 1.47e-19 0.85292
65093 -27.58 76.63 1.51e-19 0.84875
65057 58.52 72.43 1.49e-19 0.85160
64496 44.37 58.15 1.33e-19 0.85081
64490 33.56 60.56 1.44e-19 0.85397
64493 39.17 59.48 1.40e-19 0.85351
63017 15.00 -90.00 -2.66e-20 -0.02661
63305 121.38 69.66 9.67e-20 0.81346
63011 15.00 -74.00 -8.27e-21 -0.00827
63299 126.61 69.25 9.10e-20 0.80539
64058 20.50 62.00 1.49e-19 0.85125
64061 20.50 60.00 1.46e-19 0.85351
64067 20.50 58.00 1.42e-19 0.85396
64802 7.93 64.82 1.51e-19 0.84538
64805 15.00 65.00 1.52e-19 0.84394
64799 1.06 64.29 1.51e-19 0.84877
64907 -29.72 63.95 1.37e-19 0.85245
64904 -34.39 61.83 1.27e-19 0.84683
64898 -41.94 57.20 1.04e-19 0.82378
64901 -38.43 59.57 1.16e-19 0.83723
64829 60.59 55.29 1.10e-19 0.83037
64379 -31.37 46.31 7.43e-20 0.77709
64367 48.58 49.61 1.00e-19 0.81815
64364 44.55 51.21 1.10e-19 0.83015
64361 40.23 52.61 1.18e-19 0.83893
64358 35.61 53.80 1.25e-19 0.84525
63371 72.27 65.14 1.29e-19 0.84794
63101 -146.50 74.10 8.62e-20 0.79791
63107 41.70 76.00 1.52e-19 0.83749
63968 -159.50 80.00 1.09e-19 0.82982
64343 9.65 55.86 1.37e-19 0.85247
63365 76.09 66.19 1.28e-19 0.84725
64247 33.10 47.99 1.04e-19 0.82396
64340 4.38 55.44 1.34e-19 0.85143
64244 28.75 48.86 1.10e-19 0.83054
64238 19.66 49.87 1.16e-19 0.83726
64346 15.00 56.00 1.37e-19 0.85274
64241 24.26 49.49 1.14e-19 0.83486
64268 -8.62 49.77 1.08e-19 0.82859
64271 -4.25 50.90 1.15e-19 0.83614
64274 0.34 51.81 1.21e-19 0.84164
64277 5.12 52.47 1.25e-19 0.84511
65264 -76.74 62.99 8.61e-20 0.79780
65261 -77.40 59.97 7.43e-20 0.77708
65258 101.35 59.93 8.06e-20 0.78841
65324 -83.42 59.64 6.71e-20 0.76273
65321 107.40 59.97 7.43e-20 0.77708
65318 106.74 62.99 8.61e-20 0.79780
64145 -154.30 74.50 8.67e-20 0.79870
65189 93.62 62.41 9.81e-20 0.81547
65195 -71.35 59.93 8.06e-20 0.78841
64139 -154.30 76.50 9.52e-20 0.81159
65441 -105.01 72.61 9.76e-20 0.81488
65438 -101.49 69.80 8.95e-20 0.80299
65444 -110.04 75.29 1.04e-19 0.82388
65447 -117.41 77.77 1.10e-19 0.83050
63341 89.39 68.69 1.22e-19 0.84268
63347 84.65 67.98 1.25e-19 0.84475
65018 -45.03 65.56 1.27e-19 0.84682
65027 -40.62 68.01 1.37e-19 0.85242
65159 -8.31 82.40 1.51e-19 0.84538
63239 -16.23 58.68 1.34e-19 0.85099
63245 -13.89 57.20 1.31e-19 0.84929
65165 38.31 82.40 1.51e-19 0.84538
63419 50.72 54.13 1.15e-19 0.83629
64943 59.72 63.95 1.37e-19 0.85245
64946 64.39 61.83 1.27e-19 0.84683
64847 -30.17 59.65 1.25e-19 0.84504
65141 -58.92 68.10 1.21e-19 0.84157
65138 -61.49 65.27 1.10e-19 0.83040
64838 67.39 50.87 8.57e-20 0.79727
64841 -37.82 55.26 1.02e-19 0.82072
64844 -34.24 57.52 1.14e-19 0.83480
64478 8.63 61.84 1.49e-19 0.85161
64481 15.00 62.00 1.49e-19 0.85098
64484 21.37 61.84 1.49e-19 0.85161
64487 27.59 61.35 1.47e-19 0.85293
64421 26.51 58.40 1.42e-19 0.85396
64424 32.00 57.66 1.38e-19 0.85311
64853 -20.33 63.41 1.42e-19 0.85392
64850 -25.56 61.63 1.34e-19 0.85144
64856 -14.43 64.97 1.47e-19 0.85295
63143 -74.98 69.92 1.12e-19 0.83221
64307 50.22 45.15 8.04e-20 0.78810
64298 38.62 49.77 1.08e-19 0.82859
64301 42.75 48.42 1.00e-19 0.81813
64304 46.62 46.88 9.06e-20 0.80489
64874 30.65 67.20 1.52e-19 0.84238
64868 15.00 68.00 1.51e-19 0.83287
64871 22.96 67.80 1.51e-19 0.83586
64877 37.85 66.25 1.51e-19 0.84877
64022 20.50 86.00 1.49e-19 0.85102
64025 20.50 84.00 1.51e-19 0.84685
64397 -16.66 53.94 1.18e-19 0.83907
64019 20.50 88.00 1.46e-19 0.85341
64394 -20.85 52.27 1.08e-19 0.82857
64388 -28.18 48.44 8.61e-20 0.79782
64391 -24.68 50.43 9.76e-20 0.81488
64214 32.11 45.05 9.27e-20 0.80802
64097 -154.30 89.50 1.41e-19 0.85385
64211 27.99 45.89 9.81e-20 0.81545
65219 -52.04 80.22 1.44e-19 0.85394
64217 -11.20 45.58 8.94e-20 0.80289
65222 -41.87 82.83 1.47e-19 0.85293
64427 37.23 56.66 1.33e-19 0.85083
64199 10.61 46.88 1.04e-19 0.82396
64202 15.00 47.00 1.05e-19 0.82482
64205 19.39 46.88 1.04e-19 0.82396
64976 -5.87 72.94 1.51e-19 0.83287
64973 -14.88 71.70 1.52e-19 0.84394
64970 -22.64 70.09 1.49e-19 0.85096
65450 -128.42 79.90 1.14e-19 0.83483
65453 -144.45 81.43 1.16e-19 0.83740
65162 15.00 83.00 1.52e-19 0.84394
63203 -31.27 65.14 1.38e-19 0.85298
65279 -71.91 77.98 1.33e-19 0.85079
65285 -66.36 83.93 1.42e-19 0.85394
65282 -69.91 80.96 1.38e-19 0.85310
65471 135.01 72.61 9.76e-20 0.81488
65468 140.04 75.29 1.04e-19 0.82388
65474 131.49 69.80 8.95e-20 0.80299
65477 -118.54 73.33 9.27e-20 0.80790
62993 15.00 -90.00 -2.66e-20 -0.02661
64940 54.30 65.88 1.44e-19 0.85397
65099 -1.81 79.57 1.51e-19 0.83586
65105 31.81 79.57 1.51e-19 0.83586
65102 15.00 80.00 1.51e-19 0.83287
64688 60.98 50.85 9.27e-20 0.80786
65405 -115.34 82.12 1.25e-19 0.84507
65402 -105.13 79.58 1.21e-19 0.84163
65399 -99.24 76.82 1.15e-19 0.83628
63269 -6.11 50.90 1.14e-19 0.83511
63275 -4.48 49.24 1.09e-19 0.82901
64037 20.50 76.00 1.47e-19 0.81472
64034 20.50 78.00 1.49e-19 0.82439
64028 20.50 82.00 1.52e-19 0.84095
64031 20.50 80.00 1.51e-19 0.83339
64916 -10.90 69.01 1.51e-19 0.84538
64793 -11.53 62.26 1.44e-19 0.85398
64790 -17.07 60.82 1.38e-19 0.85306
64910 -24.30 65.88 1.44e-19 0.85397
64913 -18.05 67.59 1.49e-19 0.85158
64796 -5.47 63.42 1.48e-19 0.85212
65144 -55.70 70.89 1.31e-19 0.84917
64430 42.12 55.41 1.27e-19 0.84631
64433 46.66 53.94 1.18e-19 0.83907
64349 20.35 55.86 1.37e-19 0.85247
64352 25.62 55.44 1.34e-19 0.85143
64355 30.72 54.74 1.31e-19 0.84905
63383 65.50 62.76 1.29e-19 0.84791
63113 -138.30 76.00 9.61e-20 0.81277
64436 50.85 52.27 1.08e-19 0.82857
64334 -5.61 53.80 1.25e-19 0.84525
65504 -141.78 74.62 8.94e-20 0.80286
64331 -10.23 52.61 1.18e-19 0.83893
64328 -14.55 51.21 1.10e-19 0.83015
64169 15.00 41.00 7.97e-20 0.78688
64172 18.97 40.88 7.89e-20 0.78555
64175 6.71 43.52 8.95e-20 0.80314
64337 -0.72 54.74 1.31e-19 0.84905
64814 35.47 63.42 1.48e-19 0.85212
65147 -51.53 73.61 1.38e-19 0.85314
65249 96.90 68.78 1.15e-19 0.83630
64085 20.50 46.00 1.01e-19 0.81893
65336 -84.03 71.77 1.10e-19 0.83019
65252 98.64 65.84 1.04e-19 0.82384
65255 100.10 62.89 9.27e-20 0.80784
65330 -83.40 65.72 8.95e-20 0.80296
65333 -83.60 68.75 1.00e-19 0.81822
64418 20.81 58.85 1.44e-19 0.85401
64133 -154.30 79.50 1.08e-19 0.82785
65186 91.49 65.27 1.10e-19 0.83040
64136 -154.30 78.50 1.04e-19 0.82285
65183 88.92 68.10 1.21e-19 0.84157
65180 85.70 70.89 1.31e-19 0.84917
65192 95.42 59.53 8.57e-20 0.79702
65414 164.13 84.15 1.27e-19 0.84698
65432 121.61 68.04 9.06e-20 0.80476
65435 120.51 65.03 8.04e-20 0.78808
63263 -7.85 52.53 1.19e-19 0.84012
65429 123.21 71.02 1.00e-19 0.81831
65408 -134.13 84.15 1.27e-19 0.84698
63317 110.50 70.00 1.07e-19 0.82688
63311 115.98 69.92 1.02e-19 0.82087
65009 76.59 58.92 1.05e-19 0.82467
65015 -48.69 63.02 1.16e-19 0.83740
65012 -51.77 60.39 1.04e-19 0.82373
65528 -165.00 70.00 6.71e-20 0.76262
65531 -165.00 67.00 5.52e-20 0.73513
63413 52.73 55.69 1.19e-19 0.83993
64955 -46.59 58.92 1.05e-19 0.82467
64949 68.43 59.57 1.16e-19 0.83723
65111 57.58 76.63 1.51e-19 0.84875
65168 55.98 80.83 1.51e-19 0.84875
65108 46.27 78.38 1.52e-19 0.84238
65114 66.13 74.51 1.47e-19 0.85292
65117 72.61 72.15 1.42e-19 0.85393
64862 -0.65 67.20 1.52e-19 0.84238
64835 64.18 53.14 9.81e-20 0.81569
65456 -165.00 82.00 1.17e-19 0.83812
64469 -9.17 59.48 1.40e-19 0.85351
64475 2.41 61.35 1.47e-19 0.85293
64472 -3.56 60.56 1.44e-19 0.85397
65513 -177.19 75.64 9.17e-20 0.80638
65510 -165.00 76.00 9.25e-20 0.80768
65516 171.78 74.62 8.94e-20 0.80286
64451 -34.20 48.66 8.06e-20 0.78842
64454 -30.98 50.85 9.27e-20 0.80786
63905 -159.50 78.00 1.01e-19 0.81970
64289 24.88 52.47 1.25e-19 0.84511
64295 34.25 50.90 1.15e-19 0.83614
64292 29.66 51.81 1.21e-19 0.84164
64883 50.33 63.41 1.42e-19 0.85392
64880 44.43 64.97 1.47e-19 0.85295
65498 156.21 75.54 9.81e-20 0.81557
63584 -159.50 72.00 7.56e-20 0.77949
64886 55.56 61.63 1.34e-19 0.85144
64406 -2.00 57.66 1.38e-19 0.85311
65378 113.40 65.72 8.95e-20 0.80296
64403 -7.23 56.66 1.33e-19 0.85083
64400 -12.12 55.41 1.27e-19 0.84631
64223 -3.10 47.99 1.04e-19 0.82396
64220 -7.26 46.89 9.76e-20 0.81477
64118 -154.30 82.50 1.20e-19 0.84027
64121 -154.30 81.50 1.16e-19 0.83656
64226 1.25 48.86 1.10e-19 0.83054
64124 -154.30 80.50 1.12e-19 0.83242
63161 -58.62 69.66 1.25e-19 0.84526
