65006 73.24 61.42 1.40e-19 1.03956
65000 64.69 66.09 1.61e-19 1.06983
65003 69.32 63.82 1.51e-19 1.05748
63197 -35.09 66.19 1.61e-19 1.06971
64142 -154.30 75.50 1.13e-19 0.98442
63191 -39.22 67.15 1.60e-19 1.06831
65213 -57.99 77.44 1.64e-19 1.07251
65210 -61.92 74.59 1.57e-19 1.06482
65294 86.94 86.84 1.69e-19 1.07623
65291 15.00 89.00 1.69e-19 1.07666
65288 -56.94 86.84 1.69e-19 1.07623
65075 -57.47 61.57 1.24e-19 1.00967
62987 15.00 -74.00 -4.87e-20 -0.04872
65072 81.77 60.39 1.27e-19 1.01463
65486 -149.69 78.56 1.27e-19 1.01458
65069 78.69 63.02 1.39e-19 1.03823
65420 135.13 79.58 1.44e-19 1.04605
62981 15.00 -90.00 -1.04e-19 -0.10412
65483 -136.50 77.35 1.24e-19 1.00976
65156 -25.98 80.83 1.77e-19 1.07656
65426 125.59 73.95 1.31e-19 1.02282
65480 -126.21 75.54 1.20e-19 1.00101
63281 -2.95 47.55 1.25e-19 1.01114
63287 -1.51 45.84 1.18e-19 0.99715
65150 -45.89 76.23 1.69e-19 1.07653
65390 -91.61 68.04 1.13e-19 0.98349
63227 -18.77 60.10 1.59e-19 1.06772
65393 -93.21 71.02 1.22e-19 1.00543
65396 -95.59 73.95 1.31e-19 1.02282
63221 -21.51 61.46 1.61e-19 1.06942
63443 45.48 49.24 1.23e-19 1.00776
64046 20.50 70.00 1.81e-19 1.05445
64082 20.50 48.00 1.31e-19 1.02381
64043 20.50 72.00 1.80e-19 1.04385
64040 20.50 74.00 1.79e-19 1.03670
64781 -30.59 55.29 1.32e-19 1.02594
64778 -34.18 53.14 1.20e-19 1.00114
64784 -26.57 57.31 1.44e-19 1.04603
64079 20.50 50.00 1.39e-19 1.03879
64787 -22.08 59.16 1.54e-19 1.06092
64919 -2.88 70.09 1.81e-19 1.06558
64925 15.00 71.00 1.81e-19 1.04662
64922 5.86 70.77 1.81e-19 1.05392
64439 54.68 50.43 1.20e-19 0.99985
64445 61.37 46.31 9.57e-20 0.94008
64442 58.18 48.44 1.08e-19 0.97235
63119 -95.35 67.98 1.09e-19 0.97535
63125 -90.61 68.69 1.16e-19 0.99127
63377 68.74 63.99 1.52e-19 1.05893
64544 53.49 54.84 1.38e-19 1.03618
64187 23.29 43.52 1.11e-19 0.98082
64325 -18.58 49.61 1.22e-19 1.00528
63776 -159.50 74.00 1.06e-19 0.96716
64181 15.00 44.00 1.15e-19 0.98818
64178 10.84 43.88 1.14e-19 0.98637
64184 19.16 43.88 1.14e-19 0.98637
64013 -159.50 88.00 1.61e-19 1.06992
64250 37.26 46.89 1.20e-19 0.99974
64253 41.20 45.58 1.11e-19 0.98057
64073 20.50 54.00 1.54e-19 1.06168
64070 20.50 56.00 1.61e-19 1.06947
65246 94.74 71.70 1.48e-19 1.05291
65492 179.69 78.56 1.27e-19 1.01458
65243 91.92 74.59 1.57e-19 1.06482
65495 166.50 77.35 1.24e-19 1.00976
64076 20.50 52.00 1.47e-19 1.05144
65240 87.99 77.44 1.64e-19 1.07251
64208 23.74 46.51 1.24e-19 1.00980
64457 -27.42 52.92 1.27e-19 1.01484
65177 81.53 73.61 1.62e-19 1.07112
64166 11.03 40.88 1.00e-19 0.95321
64163 15.00 38.00 8.80e-20 0.91801
65171 67.87 78.68 1.74e-19 1.07798
64094 20.50 40.00 9.64e-20 0.94209
65174 75.89 76.23 1.69e-19 1.07653
64160 15.00 35.00 7.51e-20 0.87686
65387 -90.51 65.03 1.02e-19 0.95719
63257 -9.72 54.13 1.47e-19 1.05084
65297 96.36 83.93 1.66e-19 1.07461
63251 -11.73 55.69 1.51e-19 1.05689
65381 113.36 62.69 9.99e-20 0.95171
65384 113.42 59.64 8.80e-20 0.91812
65357 139.00 86.38 1.60e-19 1.06901
65348 -94.24 83.64 1.58e-19 1.06619
65351 -109.00 86.38 1.60e-19 1.06901
64091 20.50 42.00 1.05e-19 0.96559
65354 -165.00 88.00 1.61e-19 1.06989
63179 -48.39 68.69 1.55e-19 1.06280
63185 -43.65 67.98 1.58e-19 1.06597
63323 105.02 69.92 1.34e-19 1.02894
65342 -86.22 77.76 1.48e-19 1.05282
65345 -88.82 80.73 1.54e-19 1.06104
65339 -84.82 74.77 1.41e-19 1.04110
65045 15.00 77.00 1.81e-19 1.04662
65042 1.88 76.67 1.81e-19 1.05392
65039 -10.07 75.72 1.81e-19 1.06559
63407 54.89 57.20 1.45e-19 1.04797
65423 129.24 76.82 1.38e-19 1.03627
64823 52.08 59.16 1.54e-19 1.06092
65489 -165.00 79.00 1.28e-19 1.01639
64820 47.07 60.82 1.62e-19 1.07103
64967 -29.19 68.20 1.69e-19 1.07662
64964 -34.69 66.09 1.61e-19 1.06983
63401 57.23 58.68 1.48e-19 1.05228
63095 40.40 47.00 1.18e-19 0.99608
64961 -39.32 63.82 1.51e-19 1.05748
64958 -43.24 61.42 1.40e-19 1.03956
64826 56.57 57.31 1.44e-19 1.04603
65063 70.62 68.01 1.60e-19 1.06900
65126 84.80 64.32 1.37e-19 1.03374
65060 65.21 70.32 1.69e-19 1.07626
65123 81.58 67.01 1.48e-19 1.05254
65066 75.03 65.56 1.50e-19 1.05623
65120 77.61 69.63 1.58e-19 1.06620
64592 57.42 52.92 1.27e-19 1.01484
64499 49.14 56.59 1.48e-19 1.05279
65519 -154.87 72.69 1.00e-19 0.95304
65522 -165.00 73.00 1.01e-19 0.95526
65525 -175.13 72.69 1.00e-19 0.95304
63293 -0.15 44.10 1.12e-19 0.98117
64055 20.50 64.00 1.78e-19 1.07554
64052 20.50 66.00 1.80e-19 1.07081
64466 -14.37 58.15 1.57e-19 1.06484
64049 20.50 68.00 1.81e-19 1.06371
64463 -19.14 56.59 1.48e-19 1.05279
64460 -23.49 54.84 1.38e-19 1.03618
64889 60.17 59.65 1.48e-19 1.05259
64895 67.82 55.26 1.24e-19 1.00957
64892 64.24 57.52 1.37e-19 1.03365
65225 -22.03 85.01 1.75e-19 1.07792
64376 58.87 43.83 8.80e-20 0.91813
64004 -159.50 82.00 1.40e-19 1.03976
64370 52.30 47.83 1.11e-19 0.98049
64007 -159.50 84.00 1.48e-19 1.05224
64373 55.72 45.90 9.99e-20 0.95153
64229 5.74 49.49 1.37e-19 1.03372
64235 15.00 50.00 1.40e-19 1.03959
64232 10.34 49.87 1.39e-19 1.03808
64109 -154.30 85.50 1.53e-19 1.06023
64115 -154.30 83.50 1.46e-19 1.04970
64112 -154.30 84.50 1.50e-19 1.05526
63809 -159.50 76.00 1.15e-19 0.98854
64283 15.00 53.00 1.51e-19 1.05749
64280 10.03 52.87 1.50e-19 1.05640
64286 19.97 52.87 1.50e-19 1.05640
65312 105.25 69.00 1.31e-19 1.02278
65315 106.03 66.00 1.20e-19 0.99994
65309 104.36 72.00 1.41e-19 1.04115
65306 103.29 74.99 1.50e-19 1.05499
65198 -70.10 62.89 1.15e-19 0.98850
65201 -68.64 65.84 1.27e-19 1.01478
65204 -66.90 68.78 1.38e-19 1.03629
65207 -64.74 71.70 1.48e-19 1.05291
65300 99.91 80.96 1.62e-19 1.07108
65303 101.91 77.98 1.57e-19 1.06483
65078 -54.80 64.32 1.37e-19 1.03374
65081 -51.58 67.01 1.48e-19 1.05254
65411 -165.00 85.00 1.51e-19 1.05749
65084 -47.61 69.63 1.58e-19 1.06620
65087 -42.61 72.15 1.66e-19 1.07460
64859 -7.85 66.25 1.77e-19 1.07660
64865 7.04 67.80 1.81e-19 1.06559
65417 145.34 82.12 1.48e-19 1.05263
63329 99.62 69.66 1.38e-19 1.03638
63335 94.39 69.25 1.42e-19 1.04278
63449 43.95 47.55 1.18e-19 0.99513
63455 42.51 45.84 1.12e-19 0.98105
64994 52.64 70.09 1.76e-19 1.07766
64988 35.87 72.94 1.81e-19 1.06261
64991 44.88 71.70 1.80e-19 1.07300
63215 -24.50 62.76 1.62e-19 1.07040
65153 -37.87 78.68 1.74e-19 1.07798
64997 59.19 68.20 1.69e-19 1.07662
63209 -27.74 63.99 1.62e-19 1.07083
64934 40.90 69.01 1.79e-19 1.07415
64016 14.04 90.00 1.67e-19 1.07504
64931 32.88 70.09 1.81e-19 1.06558
63431 48.85 52.53 1.34e-19 1.02819
64928 24.14 70.77 1.81e-19 1.05392
64010 -159.50 86.00 1.55e-19 1.06231
63473 -159.50 70.00 8.82e-20 0.91856
64937 48.05 67.59 1.75e-19 1.07788
63437 47.11 50.90 1.29e-19 1.01873
65132 -65.42 59.53 1.08e-19 0.97120
65135 -63.62 62.41 1.20e-19 1.00091
65129 87.47 61.57 1.24e-19 1.00967
64772 64.20 48.66 1.02e-19 0.95769
64775 -37.39 50.87 1.08e-19 0.97145
64415 15.00 59.00 1.69e-19 1.07666
64412 9.19 58.85 1.69e-19 1.07624
64409 3.49 58.40 1.66e-19 1.07463
63137 -80.38 69.66 1.28e-19 1.01773
63131 -85.61 69.25 1.22e-19 1.00523
64316 -22.30 47.83 1.11e-19 0.98049
64313 -25.72 45.90 9.99e-20 0.95153
64310 -28.87 43.83 8.80e-20 0.91813
63155 -64.02 69.92 1.44e-19 1.04654
63149 -69.50 70.00 1.39e-19 1.03840
64259 -20.22 45.15 1.02e-19 0.95720
64265 -12.75 48.42 1.22e-19 1.00526
64262 -16.62 46.88 1.13e-19 0.98363
65327 -83.36 62.69 9.99e-20 0.95171
57281 15.00 -74.00 -4.87e-20 -0.04872
64100 -154.30 88.50 1.63e-19 1.07148
64103 -154.30 87.50 1.60e-19 1.06835
65237 82.04 80.22 1.69e-19 1.07655
65234 71.87 82.83 1.73e-19 1.07791
64106 -154.30 86.50 1.57e-19 1.06459
65231 52.03 85.01 1.75e-19 1.07792
65228 15.00 86.00 1.76e-19 1.07770
65267 -76.03 66.00 1.20e-19 0.99994
64088 20.50 44.00 1.14e-19 0.98711
64193 2.01 45.89 1.20e-19 1.00089
64190 -2.11 45.05 1.15e-19 0.98869
64157 -154.30 77.50 1.22e-19 1.00407
64154 -154.30 71.50 9.53e-20 0.93906
64151 -154.30 72.50 9.97e-20 0.95113
64148 -154.30 73.50 1.04e-19 0.96272
64196 6.26 46.51 1.24e-19 1.00980
64982 15.00 74.00 1.78e-19 1.02522
64985 25.77 73.73 1.81e-19 1.04663
65369 114.82 74.77 1.41e-19 1.04110
64979 4.23 73.73 1.81e-19 1.04663
65375 113.60 68.75 1.22e-19 1.00535
65372 114.03 71.77 1.32e-19 1.02550
65366 116.22 77.76 1.48e-19 1.05282
65360 124.24 83.64 1.58e-19 1.06619
65363 118.82 80.73 1.54e-19 1.06104
65459 174.45 81.43 1.39e-19 1.03822
65462 158.42 79.90 1.37e-19 1.03369
65465 147.41 77.77 1.32e-19 1.02607
63173 -53.39 69.25 1.52e-19 1.05852
65036 -20.23 74.26 1.79e-19 1.07416
65270 -75.25 69.00 1.31e-19 1.02278
65273 -74.36 72.00 1.41e-19 1.04115
64952 71.94 57.20 1.27e-19 1.01468
65276 -73.29 74.99 1.50e-19 1.05499
65030 -35.21 70.32 1.69e-19 1.07626
65033 -28.52 72.43 1.75e-19 1.07791
64808 22.07 64.82 1.79e-19 1.07417
64811 28.94 64.29 1.77e-19 1.07660
65501 148.54 73.33 1.15e-19 0.98856
63353 80.22 67.15 1.50e-19 1.05516
64817 41.53 62.26 1.69e-19 1.07660
63389 62.51 61.46 1.51e-19 1.05732
63395 59.77 60.10 1.50e-19 1.05526
65507 -152.81 75.64 1.14e-19 0.98617
65054 50.23 74.26 1.79e-19 1.07416
65096 -16.27 78.38 1.80e-19 1.07167
65051 40.07 75.72 1.81e-19 1.06559
65048 28.12 76.67 1.81e-19 1.05392
65090 -36.13 74.51 1.73e-19 1.07790
65093 -27.58 76.63 1.77e-19 1.07657
65057 58.52 72.43 1.75e-19 1.07791
64496 44.37 58.15 1.57e-19 1.06484
64490 33.56 60.56 1.69e-19 1.07658
64493 39.17 59.48 1.64e-19 1.07250
63305 121.38 69.66 1.19e-19 0.99765
63299 126.61 69.25 1.13e-19 0.98452
64058 20.50 62.00 1.75e-19 1.07779
64061 20.50 60.00 1.71e-19 1.07754
64067 20.50 58.00 1.66e-19 1.07476
64802 7.93 64.82 1.79e-19 1.07417
64805 15.00 65.00 1.80e-19 1.07300
64799 1.06 64.29 1.77e-19 1.07660
64907 -29.72 63.95 1.60e-19 1.06903
64904 -34.39 61.83 1.50e-19 1.05624
64898 -41.94 57.20 1.27e-19 1.01468
64901 -38.43 59.57 1.39e-19 1.03804
64829 60.59 55.29 1.32e-19 1.02594
64379 -31.37 46.31 9.57e-20 0.94008
64367 48.58 49.61 1.22e-19 1.00528
64364 44.55 51.21 1.32e-19 1.02546
64361 40.23 52.61 1.41e-19 1.04110
64358 35.61 53.80 1.48e-19 1.05296
63371 72.27 65.14 1.52e-19 1.05850
63101 -146.50 74.10 1.08e-19 0.97256
63107 41.70 76.00 1.81e-19 1.06716
63968 -159.50 80.00 1.32e-19 1.02493
64343 9.65 55.86 1.60e-19 1.06906
63365 76.09 66.19 1.51e-19 1.05714
64247 33.10 47.99 1.27e-19 1.01491
64340 4.38 55.44 1.58e-19 1.06630
64244 28.75 48.86 1.32e-19 1.02611
64238 19.66 49.87 1.39e-19 1.03808
64346 15.00 56.00 1.61e-19 1.06989
64241 24.26 49.49 1.37e-19 1.03372
64268 -8.62 49.77 1.31e-19 1.02281
64271 -4.25 50.90 1.38e-19 1.03612
64274 0.34 51.81 1.44e-19 1.04607
64277 5.12 52.47 1.48e-19 1.05268
65264 -76.74 62.99 1.08e-19 0.97233
65261 -77.40 59.97 9.57e-20 0.94007
65258 101.35 59.93 1.02e-19 0.95768
65324 -83.42 59.64 8.80e-20 0.91812
65321 107.40 59.97 9.57e-20 0.94007
65318 106.74 62.99 1.08e-19 0.97233
64145 -154.30 74.50 1.09e-19 0.97382
65189 93.62 62.41 1.20e-19 1.00091
65195 -71.35 59.93 1.02e-19 0.95768
64139 -154.30 76.50 1.17e-19 0.99451
65441 -105.01 72.61 1.20e-19 0.99986
65438 -101.49 69.80 1.11e-19 0.98067
65444 -110.04 75.29 1.27e-19 1.01482
65447 -117.41 77.77 1.32e-19 1.02607
63341 89.39 68.69 1.45e-19 1.04801
63347 84.65 67.98 1.48e-19 1.05204
65018 -45.03 65.56 1.50e-19 1.05623
65027 -40.62 68.01 1.60e-19 1.06900
65159 -8.31 82.40 1.79e-19 1.07416
63239 -16.23 58.68 1.57e-19 1.06520
63245 -13.89 57.20 1.54e-19 1.06146
65165 38.31 82.40 1.79e-19 1.07416
63419 50.72 54.13 1.38e-19 1.03625
64943 59.72 63.95 1.60e-19 1.06903
64946 64.39 61.83 1.50e-19 1.05624
64847 -30.17 59.65 1.48e-19 1.05259
65141 -58.92 68.10 1.44e-19 1.04599
65138 -61.49 65.27 1.32e-19 1.02597
64838 67.39 50.87 1.08e-19 0.97145
64841 -37.82 55.26 1.24e-19 1.00957
64844 -34.24 57.52 1.37e-19 1.03365
64478 8.63 61.84 1.75e-19 1.07793
64481 15.00 62.00 1.76e-19 1.07770
64484 21.37 61.84 1.75e-19 1.07793
64487 27.59 61.35 1.73e-19 1.07792
64421 26.51 58.40 1.66e-19 1.07463
64424 32.00 57.66 1.62e-19 1.07108
64853 -20.33 63.41 1.66e-19 1.07459
64850 -25.56 61.63 1.58e-19 1.06631
64856 -14.43 64.97 1.73e-19 1.07795
63143 -74.98 69.92 1.34e-19 1.02901
64307 50.22 45.15 1.02e-19 0.95720
64298 38.62 49.77 1.31e-19 1.02281
64301 42.75 48.42 1.22e-19 1.00526
64304 46.62 46.88 1.13e-19 0.98363
64874 30.65 67.20 1.80e-19 1.07165
64868 15.00 68.00 1.81e-19 1.06261
64871 22.96 67.80 1.81e-19 1.06559
64877 37.85 66.25 1.77e-19 1.07660
64022 20.50 86.00 1.76e-19 1.07771
64025 20.50 84.00 1.78e-19 1.07529
64397 -16.66 53.94 1.41e-19 1.04125
64019 20.50 88.00 1.72e-19 1.07764
64394 -20.85 52.27 1.31e-19 1.02278
64388 -28.18 48.44 1.08e-19 0.97235
64391 -24.68 50.43 1.20e-19 0.99985
64214 32.11 45.05 1.15e-19 0.98869
64097 -154.30 89.50 1.65e-19 1.07401
64211 27.99 45.89 1.20e-19 1.00089
65219 -52.04 80.22 1.69e-19 1.07655
64217 -11.20 45.58 1.11e-19 0.98057
65222 -41.87 82.83 1.73e-19 1.07791
64427 37.23 56.66 1.57e-19 1.06487
64199 10.61 46.88 1.27e-19 1.01486
64202 15.00 47.00 1.28e-19 1.01639
64205 19.39 46.88 1.27e-19 1.01486
64976 -5.87 72.94 1.81e-19 1.06261
64973 -14.88 71.70 1.80e-19 1.07300
64970 -22.64 70.09 1.76e-19 1.07766
65450 -128.42 79.90 1.37e-19 1.03369
65453 -144.45 81.43 1.39e-19 1.03822
65162 15.00 83.00 1.80e-19 1.07300
63203 -31.27 65.14 1.62e-19 1.07062
65279 -71.91 77.98 1.57e-19 1.06483
65285 -66.36 83.93 1.66e-19 1.07461
65282 -69.91 80.96 1.62e-19 1.07108
65471 135.01 72.61 1.20e-19 0.99986
65468 140.04 75.29 1.27e-19 1.01482
65474 131.49 69.80 1.11e-19 0.98067
65477 -118.54 73.33 1.15e-19 0.98856
62993 15.00 -90.00 -1.04e-19 -0.10412
64940 54.30 65.88 1.69e-19 1.07620
65099 -1.81 79.57 1.81e-19 1.06559
65105 31.81 79.57 1.81e-19 1.06559
65102 15.00 80.00 1.81e-19 1.06261
64688 60.98 50.85 1.15e-19 0.98852
65405 -115.34 82.12 1.48e-19 1.05263
65402 -105.13 79.58 1.44e-19 1.04605
65399 -99.24 76.82 1.38e-19 1.03627
63269 -6.11 50.90 1.37e-19 1.03423
63275 -4.48 49.24 1.31e-19 1.02357
64037 20.50 76.00 1.80e-19 1.04312
64034 20.50 78.00 1.81e-19 1.05374
64028 20.50 82.00 1.80e-19 1.07039
64031 20.50 80.00 1.81e-19 1.06313
64916 -10.90 69.01 1.79e-19 1.07415
64793 -11.53 62.26 1.69e-19 1.07660
64790 -17.07 60.82 1.62e-19 1.07103
64910 -24.30 65.88 1.69e-19 1.07620
64913 -18.05 67.59 1.75e-19 1.07788
64796 -5.47 63.42 1.74e-19 1.07795
65144 -55.70 70.89 1.54e-19 1.06108
64430 42.12 55.41 1.50e-19 1.05510
64433 46.66 53.94 1.41e-19 1.04125
64349 20.35 55.86 1.60e-19 1.06906
64352 25.62 55.44 1.58e-19 1.06630
64355 30.72 54.74 1.54e-19 1.06095
63383 65.50 62.76 1.52e-19 1.05849
63113 -138.30 76.00 1.18e-19 0.99642
64436 50.85 52.27 1.31e-19 1.02278
64334 -5.61 53.80 1.48e-19 1.05296
65504 -141.78 74.62 1.11e-19 0.98054
64331 -10.23 52.61 1.41e-19 1.04110
64328 -14.55 51.21 1.32e-19 1.02546
64169 15.00 41.00 1.01e-19 0.95526
64172 18.97 40.88 1.00e-19 0.95321
64175 6.71 43.52 1.11e-19 0.98082
64337 -0.72 54.74 1.54e-19 1.06095
64814 35.47 63.42 1.74e-19 1.07795
65147 -51.53 73.61 1.62e-19 1.07112
65249 96.90 68.78 1.38e-19 1.03629
64085 20.50 46.00 1.23e-19 1.00655
65336 -84.03 71.77 1.32e-19 1.02550
65252 98.64 65.84 1.27e-19 1.01478
65255 100.10 62.89 1.15e-19 0.98850
65330 -83.40 65.72 1.11e-19 0.98065
65333 -83.60 68.75 1.22e-19 1.00535
64418 20.81 58.85 1.69e-19 1.07624
64133 -154.30 79.50 1.30e-19 1.02155
65186 91.49 65.27 1.32e-19 1.02597
64136 -154.30 78.50 1.26e-19 1.01308
65183 88.92 68.10 1.44e-19 1.04599
65180 85.70 70.89 1.54e-19 1.06108
65192 95.42 59.53 1.08e-19 0.97120
65414 164.13 84.15 1.50e-19 1.05640
65432 121.61 68.04 1.13e-19 0.98349
65435 120.51 65.03 1.02e-19 0.95719
63263 -7.85 52.53 1.42e-19 1.04328
65429 123.21 71.02 1.22e-19 1.00543
65408 -134.13 84.15 1.50e-19 1.05640
63317 110.50 70.00 1.29e-19 1.01989
63311 115.98 69.92 1.24e-19 1.00970
65009 76.59 58.92 1.28e-19 1.01624
65015 -48.69 63.02 1.39e-19 1.03823
65012 -51.77 60.39 1.27e-19 1.01463
65528 -165.00 70.00 8.80e-20 0.91801
65531 -165.00 67.00 7.51e-20 0.87686
63413 52.73 55.69 1.42e-19 1.04284
64955 -46.59 58.92 1.28e-19 1.01624
64949 68.43 59.57 1.39e-19 1.03804
65111 57.58 76.63 1.77e-19 1.07657
65168 55.98 80.83 1.77e-19 1.07656
65108 46.27 78.38 1.80e-19 1.07167
65114 66.13 74.51 1.73e-19 1.07790
65117 72.61 72.15 1.66e-19 1.07460
64862 -0.65 67.20 1.80e-19 1.07165
64835 64.18 53.14 1.20e-19 1.00114
65456 -165.00 82.00 1.40e-19 1.03959
64469 -9.17 59.48 1.64e-19 1.07250
64475 2.41 61.35 1.73e-19 1.07792
64472 -3.56 60.56 1.69e-19 1.07658
65513 -177.19 75.64 1.14e-19 0.98617
65510 -165.00 76.00 1.15e-19 0.98818
65516 171.78 74.62 1.11e-19 0.98054
64451 -34.20 48.66 1.02e-19 0.95769
64454 -30.98 50.85 1.15e-19 0.98852
63905 -159.50 78.00 1.23e-19 1.00783
64289 24.88 52.47 1.48e-19 1.05268
64295 34.25 50.90 1.38e-19 1.03612
64292 29.66 51.81 1.44e-19 1.04607
64883 50.33 63.41 1.66e-19 1.07459
64880 44.43 64.97 1.73e-19 1.07795
65498 156.21 75.54 1.20e-19 1.00101
63584 -159.50 72.00 9.70e-20 0.94379
64886 55.56 61.63 1.58e-19 1.06631
64406 -2.00 57.66 1.62e-19 1.07108
65378 113.40 65.72 1.11e-19 0.98065
64403 -7.23 56.66 1.57e-19 1.06487
64400 -12.12 55.41 1.50e-19 1.05510
64223 -3.10 47.99 1.27e-19 1.01491
64220 -7.26 46.89 1.20e-19 0.99974
64118 -154.30 82.50 1.42e-19 1.04353
64121 -154.30 81.50 1.38e-19 1.03678
64226 1.25 48.86 1.32e-19 1.02611
64124 -154.30 80.50 1.34e-19 1.02945
63161 -58.62 69.66 1.48e-19 1.05309
