65006 73.24 61.42 9.44e-20 0.67465
65000 64.69 66.09 1.08e-19 0.67221
65003 69.32 63.82 1.02e-19 0.67405
63197 -35.09 66.19 1.08e-19 0.67224
64142 -154.30 75.50 7.59e-20 0.67206
63191 -39.22 67.15 1.07e-19 0.67265
65213 -57.99 77.44 1.10e-19 0.67147
65210 -61.92 74.59 1.06e-19 0.67322
65294 86.94 86.84 1.13e-19 0.66962
65291 15.00 89.00 1.13e-19 0.66924
65288 -56.94 86.84 1.13e-19 0.66962
65075 -57.47 61.57 8.38e-20 0.67378
62987 15.00 -74.00 9.95e-22 0.00100
65072 81.77 60.39 8.54e-20 0.67396
65486 -149.69 78.56 8.54e-20 0.67392
65069 78.69 63.02 9.38e-20 0.67473
65420 135.13 79.58 9.70e-20 0.67461
62981 15.00 -90.00 2.59e-21 0.00259
65483 -136.50 77.35 8.38e-20 0.67384
65156 -25.98 80.83 1.18e-19 0.66309
65426 125.59 73.95 8.82e-20 0.67437
65480 -126.21 75.54 8.10e-20 0.67324
63281 -2.95 47.55 8.43e-20 0.67378
63287 -1.51 45.84 7.97e-20 0.67305
65150 -45.89 76.23 1.13e-19 0.66933
65390 -91.61 68.04 7.57e-20 0.67197
63227 -18.77 60.10 1.07e-19 0.67274
65393 -93.21 71.02 8.24e-20 0.67361
65396 -95.59 73.95 8.82e-20 0.67437
63221 -21.51 61.46 1.08e-19 0.67234
63443 45.48 49.24 8.32e-20 0.67362
64046 20.50 70.00 1.18e-19 0.64884
64082 20.50 48.00 8.86e-20 0.67439
64043 20.50 72.00 1.16e-19 0.64396
64040 20.50 74.00 1.15e-19 0.64088
64781 -30.59 55.29 8.93e-20 0.67441
64778 -34.18 53.14 8.10e-20 0.67333
64784 -26.57 57.31 9.70e-20 0.67459
64079 20.50 50.00 9.41e-20 0.67467
64787 -22.08 59.16 1.04e-19 0.67365
64919 -2.88 70.09 1.19e-19 0.65469
64925 15.00 71.00 1.17e-19 0.64519
64922 5.86 70.77 1.18e-19 0.64858
64439 54.68 50.43 8.06e-20 0.67319
64445 61.37 46.31 6.39e-20 0.66789
64442 58.18 48.44 7.24e-20 0.67113
63119 -95.35 67.98 7.33e-20 0.67130
63125 -90.61 68.69 7.79e-20 0.67267
63377 68.74 63.99 1.03e-19 0.67392
64544 53.49 54.84 9.31e-20 0.67461
64187 23.29 43.52 7.48e-20 0.67183
64325 -18.58 49.61 8.23e-20 0.67350
63776 -159.50 74.00 7.10e-20 0.67058
64181 15.00 44.00 7.70e-20 0.67235
64178 10.84 43.88 7.65e-20 0.67224
64184 19.16 43.88 7.65e-20 0.67224
64013 -159.50 88.00 1.08e-19 0.67224
64250 37.26 46.89 8.06e-20 0.67311
64253 41.20 45.58 7.48e-20 0.67166
64073 20.50 54.00 1.04e-19 0.67365
64070 20.50 56.00 1.08e-19 0.67235
65246 94.74 71.70 9.99e-20 0.67438
65492 179.69 78.56 8.54e-20 0.67392
65243 91.92 74.59 1.06e-19 0.67322
65495 166.50 77.35 8.38e-20 0.67384
64076 20.50 52.00 9.92e-20 0.67442
65240 87.99 77.44 1.10e-19 0.67147
64208 23.74 46.51 8.38e-20 0.67386
64457 -27.42 52.92 8.55e-20 0.67403
65177 81.53 73.61 1.09e-19 0.67192
64166 11.03 40.88 6.73e-20 0.66921
64163 15.00 38.00 5.86e-20 0.66538
65171 67.87 78.68 1.16e-19 0.66625
64094 20.50 40.00 6.44e-20 0.66808
65174 75.89 76.23 1.13e-19 0.66933
64160 15.00 35.00 4.96e-20 0.66020
65387 -90.51 65.03 6.83e-20 0.66956
63257 -9.72 54.13 9.90e-20 0.67449
65297 96.36 83.93 1.11e-19 0.67059
63251 -11.73 55.69 1.02e-19 0.67415
65381 113.36 62.69 6.68e-20 0.66916
65384 113.42 59.64 5.86e-20 0.66546
65357 139.00 86.38 1.08e-19 0.67245
65348 -94.24 83.64 1.06e-19 0.67298
65351 -109.00 86.38 1.08e-19 0.67245
64091 20.50 42.00 7.06e-20 0.67043
65354 -165.00 88.00 1.08e-19 0.67225
63179 -48.39 68.69 1.04e-19 0.67355
63185 -43.65 67.98 1.06e-19 0.67306
63323 105.02 69.92 9.04e-20 0.67461
65342 -86.22 77.76 9.99e-20 0.67432
65345 -88.82 80.73 1.04e-19 0.67372
65339 -84.82 74.77 9.50e-20 0.67464
65045 15.00 77.00 1.17e-19 0.64519
65042 1.88 76.67 1.18e-19 0.64859
65039 -10.07 75.72 1.19e-19 0.65469
63407 54.89 57.20 9.78e-20 0.67449
65423 129.24 76.82 9.31e-20 0.67467
64823 52.08 59.16 1.04e-19 0.67365
65489 -165.00 79.00 8.60e-20 0.67410
64820 47.07 60.82 1.09e-19 0.67187
64967 -29.19 68.20 1.13e-19 0.66922
64964 -34.69 66.09 1.08e-19 0.67221
63401 57.23 58.68 9.96e-20 0.67445
63095 40.40 47.00 7.94e-20 0.67292
64961 -39.32 63.82 1.02e-19 0.67405
64958 -43.24 61.42 9.44e-20 0.67465
64826 56.57 57.31 9.70e-20 0.67459
65063 70.62 68.01 1.08e-19 0.67244
65126 84.80 64.32 9.22e-20 0.67467
65060 65.21 70.32 1.13e-19 0.66963
65123 81.58 67.01 9.97e-20 0.67435
65066 75.03 65.56 1.01e-19 0.67411
65120 77.61 69.63 1.06e-19 0.67299
64592 57.42 52.92 8.55e-20 0.67403
64499 49.14 56.59 9.99e-20 0.67431
65519 -154.87 72.69 6.72e-20 0.66909
65522 -165.00 73.00 6.78e-20 0.66944
65525 -175.13 72.69 6.72e-20 0.66909
63293 -0.15 44.10 7.49e-20 0.67185
64055 20.50 64.00 1.18e-19 0.66190
64052 20.50 66.00 1.19e-19 0.65800
64466 -14.37 58.15 1.06e-19 0.67324
64049 20.50 68.00 1.18e-19 0.65362
64463 -19.14 56.59 9.99e-20 0.67431
64460 -23.49 54.84 9.31e-20 0.67461
64889 60.17 59.65 9.97e-20 0.67438
64895 67.82 55.26 8.37e-20 0.67371
64892 64.24 57.52 9.21e-20 0.67461
65225 -22.03 85.01 1.16e-19 0.66565
64376 58.87 43.83 5.86e-20 0.66547
64004 -159.50 82.00 9.45e-20 0.67467
64370 52.30 47.83 7.48e-20 0.67160
64007 -159.50 84.00 9.96e-20 0.67439
64373 55.72 45.90 6.68e-20 0.66902
64229 5.74 49.49 9.22e-20 0.67466
64235 15.00 50.00 9.44e-20 0.67467
64232 10.34 49.87 9.38e-20 0.67463
64109 -154.30 85.50 1.03e-19 0.67381
64115 -154.30 83.50 9.85e-20 0.67449
64112 -154.30 84.50 1.01e-19 0.67422
63809 -159.50 76.00 7.71e-20 0.67238
64283 15.00 53.00 1.02e-19 0.67406
64280 10.03 52.87 1.01e-19 0.67421
64286 19.97 52.87 1.01e-19 0.67421
65312 105.25 69.00 8.82e-20 0.67435
65315 106.03 66.00 8.06e-20 0.67325
65309 104.36 72.00 9.50e-20 0.67467
65306 103.29 74.99 1.01e-19 0.67420
65198 -70.10 62.89 7.72e-20 0.67229
65201 -68.64 65.84 8.55e-20 0.67399
65204 -66.90 68.78 9.31e-20 0.67468
65207 -64.74 71.70 9.99e-20 0.67438
65300 99.91 80.96 1.09e-19 0.67190
65303 101.91 77.98 1.06e-19 0.67322
65078 -54.80 64.32 9.22e-20 0.67467
65081 -51.58 67.01 9.97e-20 0.67435
65411 -165.00 85.00 1.02e-19 0.67406
65084 -47.61 69.63 1.06e-19 0.67299
65087 -42.61 72.15 1.11e-19 0.67059
64859 -7.85 66.25 1.18e-19 0.66311
64865 7.04 67.80 1.19e-19 0.65469
65417 145.34 82.12 9.97e-20 0.67440
63329 99.62 69.66 9.32e-20 0.67462
63335 94.39 69.25 9.57e-20 0.67465
63449 43.95 47.55 7.92e-20 0.67279
63455 42.51 45.84 7.49e-20 0.67185
64994 52.64 70.09 1.17e-19 0.66502
64988 35.87 72.94 1.18e-19 0.65301
64991 44.88 71.70 1.18e-19 0.65962
63215 -24.50 62.76 1.09e-19 0.67207
65153 -37.87 78.68 1.16e-19 0.66625
64997 59.19 68.20 1.13e-19 0.66922
63209 -27.74 63.99 1.09e-19 0.67199
64934 40.90 69.01 1.18e-19 0.66059
64016 14.04 90.00 1.12e-19 0.67038
64931 32.88 70.09 1.19e-19 0.65469
63431 48.85 52.53 9.01e-20 0.67449
64928 24.14 70.77 1.18e-19 0.64858
64010 -159.50 86.00 1.04e-19 0.67358
63473 -159.50 70.00 5.87e-20 0.66545
64937 48.05 67.59 1.16e-19 0.66563
63437 47.11 50.90 8.68e-20 0.67415
65132 -65.42 59.53 7.21e-20 0.67091
65135 -63.62 62.41 8.10e-20 0.67317
65129 87.47 61.57 8.38e-20 0.67378
64772 64.20 48.66 6.84e-20 0.66964
64775 -37.39 50.87 7.22e-20 0.67109
64415 15.00 59.00 1.13e-19 0.66924
64412 9.19 58.85 1.13e-19 0.66962
64409 3.49 58.40 1.11e-19 0.67061
63137 -80.38 69.66 8.65e-20 0.67407
63131 -85.61 69.25 8.23e-20 0.67348
64316 -22.30 47.83 7.48e-20 0.67160
64313 -25.72 45.90 6.68e-20 0.66902
64310 -28.87 43.83 5.86e-20 0.66547
63155 -64.02 69.92 9.72e-20 0.67465
63149 -69.50 70.00 9.39e-20 0.67467
64259 -20.22 45.15 6.83e-20 0.66958
64265 -12.75 48.42 8.23e-20 0.67348
64262 -16.62 46.88 7.57e-20 0.67206
65327 -83.36 62.69 6.68e-20 0.66916
57281 15.00 -74.00 9.95e-22 0.00100
64100 -154.30 88.50 1.09e-19 0.67181
64103 -154.30 87.50 1.07e-19 0.67260
65237 82.04 80.22 1.13e-19 0.66934
65234 71.87 82.83 1.15e-19 0.66723
64106 -154.30 86.50 1.05e-19 0.67327
65231 52.03 85.01 1.16e-19 0.66565
65228 15.00 86.00 1.17e-19 0.66503
65267 -76.03 66.00 8.06e-20 0.67325
64088 20.50 44.00 7.67e-20 0.67227
64193 2.01 45.89 8.10e-20 0.67316
64190 -2.11 45.05 7.72e-20 0.67243
64157 -154.30 77.50 8.19e-20 0.67344
64154 -154.30 71.50 6.36e-20 0.66776
64151 -154.30 72.50 6.67e-20 0.66902
64148 -154.30 73.50 6.98e-20 0.67016
64196 6.26 46.51 8.38e-20 0.67386
64982 15.00 74.00 1.13e-19 0.63618
64985 25.77 73.73 1.17e-19 0.64520
65369 114.82 74.77 9.50e-20 0.67464
64979 4.23 73.73 1.17e-19 0.64520
65375 113.60 68.75 8.23e-20 0.67355
65372 114.03 71.77 8.91e-20 0.67452
65366 116.22 77.76 9.99e-20 0.67432
65360 124.24 83.64 1.06e-19 0.67298
65363 118.82 80.73 1.04e-19 0.67372
65459 174.45 81.43 9.38e-20 0.67473
65462 158.42 79.90 9.22e-20 0.67464
65465 147.41 77.77 8.94e-20 0.67450
63173 -53.39 69.25 1.02e-19 0.67397
65036 -20.23 74.26 1.18e-19 0.66059
65270 -75.25 69.00 8.82e-20 0.67435
65273 -74.36 72.00 9.50e-20 0.67467
64952 71.94 57.20 8.54e-20 0.67399
65276 -73.29 74.99 1.01e-19 0.67420
65030 -35.21 70.32 1.13e-19 0.66963
65033 -28.52 72.43 1.16e-19 0.66564
64808 22.07 64.82 1.18e-19 0.66060
64811 28.94 64.29 1.18e-19 0.66310
65501 148.54 73.33 7.72e-20 0.67234
63353 80.22 67.15 1.01e-19 0.67426
64817 41.53 62.26 1.13e-19 0.66937
63005 15.00 -90.00 2.59e-21 0.00259
63389 62.51 61.46 1.02e-19 0.67405
62999 15.00 -74.00 9.95e-22 0.00100
63395 59.77 60.10 1.01e-19 0.67422
65507 -152.81 75.64 7.65e-20 0.67210
65054 50.23 74.26 1.18e-19 0.66059
65096 -16.27 78.38 1.19e-19 0.65861
65051 40.07 75.72 1.19e-19 0.65469
65048 28.12 76.67 1.18e-19 0.64859
65090 -36.13 74.51 1.15e-19 0.66722
65093 -27.58 76.63 1.18e-19 0.66309
65057 58.52 72.43 1.16e-19 0.66564
64496 44.37 58.15 1.06e-19 0.67324
64490 33.56 60.56 1.13e-19 0.66936
64493 39.17 59.48 1.10e-19 0.67146
63017 15.00 -90.00 2.59e-21 0.00259
63305 121.38 69.66 8.00e-20 0.67293
63011 15.00 -74.00 9.95e-22 0.00100
63299 126.61 69.25 7.60e-20 0.67203
64058 20.50 62.00 1.17e-19 0.66529
64061 20.50 60.00 1.14e-19 0.66817
64067 20.50 58.00 1.12e-19 0.67053
64802 7.93 64.82 1.18e-19 0.66060
64805 15.00 65.00 1.18e-19 0.65962
64799 1.06 64.29 1.18e-19 0.66310
64907 -29.72 63.95 1.08e-19 0.67246
64904 -34.39 61.83 1.01e-19 0.67412
64898 -41.94 57.20 8.54e-20 0.67399
64901 -38.43 59.57 9.38e-20 0.67461
64829 60.59 55.29 8.93e-20 0.67441
64379 -31.37 46.31 6.39e-20 0.66789
64367 48.58 49.61 8.23e-20 0.67350
64364 44.55 51.21 8.91e-20 0.67449
64361 40.23 52.61 9.50e-20 0.67464
64358 35.61 53.80 9.99e-20 0.67441
63371 72.27 65.14 1.02e-19 0.67397
63101 -146.50 74.10 7.25e-20 0.67106
63107 41.70 76.00 1.19e-19 0.65563
63968 -159.50 80.00 8.90e-20 0.67443
64343 9.65 55.86 1.08e-19 0.67248
63365 76.09 66.19 1.02e-19 0.67402
64247 33.10 47.99 8.55e-20 0.67407
64340 4.38 55.44 1.06e-19 0.67305
64244 28.75 48.86 8.94e-20 0.67453
64238 19.66 49.87 9.38e-20 0.67463
64346 15.00 56.00 1.08e-19 0.67225
64241 24.26 49.49 9.22e-20 0.67466
64268 -8.62 49.77 8.82e-20 0.67437
64271 -4.25 50.90 9.31e-20 0.67457
64274 0.34 51.81 9.70e-20 0.67462
64277 5.12 52.47 9.97e-20 0.67443
65264 -76.74 62.99 7.24e-20 0.67111
65261 -77.40 59.97 6.39e-20 0.66788
65258 101.35 59.93 6.84e-20 0.66963
65324 -83.42 59.64 5.86e-20 0.66546
65321 107.40 59.97 6.39e-20 0.66788
65318 106.74 62.99 7.24e-20 0.67111
64145 -154.30 74.50 7.29e-20 0.67117
65189 93.62 62.41 8.10e-20 0.67317
65195 -71.35 59.93 6.84e-20 0.66963
64139 -154.30 76.50 7.90e-20 0.67281
65441 -105.01 72.61 8.06e-20 0.67319
65438 -101.49 69.80 7.48e-20 0.67173
65444 -110.04 75.29 8.55e-20 0.67402
65447 -117.41 77.77 8.94e-20 0.67450
63341 89.39 68.69 9.78e-20 0.67459
63347 84.65 67.98 9.95e-20 0.67440
65018 -45.03 65.56 1.01e-19 0.67411
65027 -40.62 68.01 1.08e-19 0.67244
65159 -8.31 82.40 1.18e-19 0.66060
63239 -16.23 58.68 1.06e-19 0.67324
63245 -13.89 57.20 1.04e-19 0.67362
65165 38.31 82.40 1.18e-19 0.66060
63419 50.72 54.13 9.31e-20 0.67470
64943 59.72 63.95 1.08e-19 0.67246
64946 64.39 61.83 1.01e-19 0.67412
64847 -30.17 59.65 9.97e-20 0.67438
65141 -58.92 68.10 9.70e-20 0.67457
65138 -61.49 65.27 8.93e-20 0.67443
64838 67.39 50.87 7.22e-20 0.67109
64841 -37.82 55.26 8.37e-20 0.67371
64844 -34.24 57.52 9.21e-20 0.67461
64478 8.63 61.84 1.16e-19 0.66565
64481 15.00 62.00 1.17e-19 0.66503
64484 21.37 61.84 1.16e-19 0.66565
64487 27.59 61.35 1.15e-19 0.66723
64421 26.51 58.40 1.11e-19 0.67061
64424 32.00 57.66 1.09e-19 0.67190
64853 -20.33 63.41 1.11e-19 0.67058
64850 -25.56 61.63 1.06e-19 0.67306
64856 -14.43 64.97 1.15e-19 0.66725
63143 -74.98 69.92 9.04e-20 0.67461
64307 50.22 45.15 6.83e-20 0.66958
64298 38.62 49.77 8.82e-20 0.67437
64301 42.75 48.42 8.23e-20 0.67348
64304 46.62 46.88 7.57e-20 0.67206
64874 30.65 67.20 1.19e-19 0.65860
64868 15.00 68.00 1.18e-19 0.65301
64871 22.96 67.80 1.19e-19 0.65469
64877 37.85 66.25 1.18e-19 0.66311
64022 20.50 86.00 1.17e-19 0.66507
64025 20.50 84.00 1.18e-19 0.66164
64397 -16.66 53.94 9.50e-20 0.67473
64019 20.50 88.00 1.15e-19 0.66799
64394 -20.85 52.27 8.82e-20 0.67435
64388 -28.18 48.44 7.24e-20 0.67113
64391 -24.68 50.43 8.06e-20 0.67319
64214 32.11 45.05 7.72e-20 0.67243
64097 -154.30 89.50 1.11e-19 0.67089
64211 27.99 45.89 8.10e-20 0.67316
65219 -52.04 80.22 1.13e-19 0.66934
64217 -11.20 45.58 7.48e-20 0.67166
65222 -41.87 82.83 1.15e-19 0.66723
64427 37.23 56.66 1.06e-19 0.67325
64199 10.61 46.88 8.55e-20 0.67411
64202 15.00 47.00 8.60e-20 0.67410
64205 19.39 46.88 8.55e-20 0.67411
64976 -5.87 72.94 1.18e-19 0.65301
64973 -14.88 71.70 1.18e-19 0.65962
64970 -22.64 70.09 1.17e-19 0.66502
65450 -128.42 79.90 9.22e-20 0.67464
65453 -144.45 81.43 9.38e-20 0.67473
65162 15.00 83.00 1.18e-19 0.65962
63203 -31.27 65.14 1.09e-19 0.67206
65279 -71.91 77.98 1.06e-19 0.67322
65285 -66.36 83.93 1.11e-19 0.67059
65282 -69.91 80.96 1.09e-19 0.67190
65471 135.01 72.61 8.06e-20 0.67319
65468 140.04 75.29 8.55e-20 0.67402
65474 131.49 69.80 7.48e-20 0.67173
65477 -118.54 73.33 7.72e-20 0.67234
62993 15.00 -90.00 2.59e-21 0.00259
64940 54.30 65.88 1.13e-19 0.66960
65099 -1.81 79.57 1.19e-19 0.65469
65105 31.81 79.57 1.19e-19 0.65469
65102 15.00 80.00 1.18e-19 0.65301
64688 60.98 50.85 7.72e-20 0.67231
65405 -115.34 82.12 9.97e-20 0.67440
65402 -105.13 79.58 9.70e-20 0.67461
65399 -99.24 76.82 9.31e-20 0.67467
63269 -6.11 50.90 9.24e-20 0.67459
63275 -4.48 49.24 8.85e-20 0.67434
64037 20.50 76.00 1.16e-19 0.64364
64034 20.50 78.00 1.18e-19 0.64849
64028 20.50 82.00 1.19e-19 0.65771
64031 20.50 80.00 1.18e-19 0.65330
64916 -10.90 69.01 1.18e-19 0.66059
64793 -11.53 62.26 1.13e-19 0.66937
64790 -17.07 60.82 1.09e-19 0.67187
64910 -24.30 65.88 1.13e-19 0.66960
64913 -18.05 67.59 1.16e-19 0.66563
64796 -5.47 63.42 1.16e-19 0.66623
65144 -55.70 70.89 1.04e-19 0.67375
64430 42.12 55.41 1.01e-19 0.67427
64433 46.66 53.94 9.50e-20 0.67473
64349 20.35 55.86 1.08e-19 0.67248
64352 25.62 55.44 1.06e-19 0.67305
64355 30.72 54.74 1.04e-19 0.67367
63383 65.50 62.76 1.02e-19 0.67392
63113 -138.30 76.00 7.95e-20 0.67295
64436 50.85 52.27 8.82e-20 0.67435
64334 -5.61 53.80 9.99e-20 0.67441
65504 -141.78 74.62 7.48e-20 0.67164
64331 -10.23 52.61 9.50e-20 0.67464
64328 -14.55 51.21 8.91e-20 0.67449
64169 15.00 41.00 6.78e-20 0.66944
64172 18.97 40.88 6.73e-20 0.66921
64175 6.71 43.52 7.48e-20 0.67183
64337 -0.72 54.74 1.04e-19 0.67367
64814 35.47 63.42 1.16e-19 0.66623
65147 -51.53 73.61 1.09e-19 0.67192
65249 96.90 68.78 9.31e-20 0.67468
64085 20.50 46.00 8.27e-20 0.67359
65336 -84.03 71.77 8.91e-20 0.67452
65252 98.64 65.84 8.55e-20 0.67399
65255 100.10 62.89 7.72e-20 0.67229
65330 -83.40 65.72 7.48e-20 0.67171
65333 -83.60 68.75 8.23e-20 0.67355
64418 20.81 58.85 1.13e-19 0.66962
64133 -154.30 79.50 8.78e-20 0.67431
65186 91.49 65.27 8.93e-20 0.67443
64136 -154.30 78.50 8.49e-20 0.67394
65183 88.92 68.10 9.70e-20 0.67457
65180 85.70 70.89 1.04e-19 0.67375
65192 95.42 59.53 7.21e-20 0.67091
65414 164.13 84.15 1.01e-19 0.67422
65432 121.61 68.04 7.57e-20 0.67197
65435 120.51 65.03 6.83e-20 0.66956
63263 -7.85 52.53 9.59e-20 0.67462
65429 123.21 71.02 8.24e-20 0.67361
65408 -134.13 84.15 1.01e-19 0.67422
63317 110.50 70.00 8.72e-20 0.67425
63311 115.98 69.92 8.37e-20 0.67385
65009 76.59 58.92 8.60e-20 0.67399
65015 -48.69 63.02 9.38e-20 0.67473
65012 -51.77 60.39 8.54e-20 0.67396
65528 -165.00 70.00 5.86e-20 0.66538
65531 -165.00 67.00 4.96e-20 0.66020
63413 52.73 55.69 9.57e-20 0.67470
64955 -46.59 58.92 8.60e-20 0.67399
64949 68.43 59.57 9.38e-20 0.67461
65111 57.58 76.63 1.18e-19 0.66309
65168 55.98 80.83 1.18e-19 0.66309
65108 46.27 78.38 1.19e-19 0.65861
65114 66.13 74.51 1.15e-19 0.66722
65117 72.61 72.15 1.11e-19 0.67059
64862 -0.65 67.20 1.19e-19 0.65860
64835 64.18 53.14 8.10e-20 0.67333
65456 -165.00 82.00 9.44e-20 0.67467
64469 -9.17 59.48 1.10e-19 0.67146
64475 2.41 61.35 1.15e-19 0.66723
64472 -3.56 60.56 1.13e-19 0.66936
65513 -177.19 75.64 7.65e-20 0.67210
65510 -165.00 76.00 7.70e-20 0.67235
65516 171.78 74.62 7.48e-20 0.67164
64451 -34.20 48.66 6.84e-20 0.66964
64454 -30.98 50.85 7.72e-20 0.67231
63905 -159.50 78.00 8.32e-20 0.67366
64289 24.88 52.47 9.97e-20 0.67443
64295 34.25 50.90 9.31e-20 0.67457
64292 29.66 51.81 9.70e-20 0.67462
64883 50.33 63.41 1.11e-19 0.67058
64880 44.43 64.97 1.15e-19 0.66725
65498 156.21 75.54 8.10e-20 0.67324
63584 -159.50 72.00 6.48e-20 0.66827
64886 55.56 61.63 1.06e-19 0.67306
64406 -2.00 57.66 1.09e-19 0.67190
65378 113.40 65.72 7.48e-20 0.67171
64403 -7.23 56.66 1.06e-19 0.67325
64400 -12.12 55.41 1.01e-19 0.67427
64223 -3.10 47.99 8.55e-20 0.67407
64220 -7.26 46.89 8.06e-20 0.67311
64118 -154.30 82.50 9.60e-20 0.67464
64121 -154.30 81.50 9.33e-20 0.67466
64226 1.25 48.86 8.94e-20 0.67453
64124 -154.30 80.50 9.06e-20 0.67455
63161 -58.62 69.66 1.00e-19 0.67432
