65006 73.24 61.42 1.41e-19 1.01061
65000 64.69 66.09 1.63e-19 1.01176
65003 69.32 63.82 1.53e-19 1.01207
63197 -35.09 66.19 1.63e-19 1.01176
64142 -154.30 75.50 1.13e-19 1.00199
63191 -39.22 67.15 1.62e-19 1.01202
65213 -57.99 77.44 1.66e-19 1.01139
65210 -61.92 74.59 1.59e-19 1.01213
65294 86.94 86.84 1.70e-19 1.01014
65291 15.00 89.00 1.71e-19 1.00984
65288 -56.94 86.84 1.70e-19 1.01014
65075 -57.47 61.57 1.25e-19 1.00646
62987 15.00 -74.00 -6.84e-21 -0.00684
65072 81.77 60.39 1.28e-19 1.00715
65486 -149.69 78.56 1.28e-19 1.00710
65069 78.69 63.02 1.41e-19 1.01057
65420 135.13 79.58 1.45e-19 1.01131
62981 15.00 -90.00 -1.72e-20 -0.01723
65483 -136.50 77.35 1.25e-19 1.00655
65156 -25.98 80.83 1.78e-19 1.00428
65426 125.59 73.95 1.32e-19 1.00849
65480 -126.21 75.54 1.21e-19 1.00498
63281 -2.95 47.55 1.26e-19 1.00660
63287 -1.51 45.84 1.19e-19 1.00440
65150 -45.89 76.23 1.71e-19 1.00990
65390 -91.61 68.04 1.13e-19 1.00179
63227 -18.77 60.10 1.61e-19 1.01202
65393 -93.21 71.02 1.23e-19 1.00586
65396 -95.59 73.95 1.32e-19 1.00849
63221 -21.51 61.46 1.63e-19 1.01184
63443 45.48 49.24 1.24e-19 1.00607
64046 20.50 70.00 1.79e-19 0.98898
64082 20.50 48.00 1.32e-19 1.00861
64043 20.50 72.00 1.77e-19 0.98339
64040 20.50 74.00 1.76e-19 0.97981
64781 -30.59 55.29 1.34e-19 1.00885
64778 -34.18 53.14 1.21e-19 1.00511
64784 -26.57 57.31 1.45e-19 1.01129
64079 20.50 50.00 1.41e-19 1.01055
64787 -22.08 59.16 1.56e-19 1.01206
64919 -2.88 70.09 1.80e-19 0.99550
64925 15.00 71.00 1.78e-19 0.98482
64922 5.86 70.77 1.79e-19 0.98868
64439 54.68 50.43 1.20e-19 1.00481
64445 61.37 46.31 9.50e-20 0.99299
64442 58.18 48.44 1.08e-19 0.99978
63119 -95.35 67.98 1.09e-19 1.00024
63125 -90.61 68.69 1.16e-19 1.00339
63377 68.74 63.99 1.54e-19 1.01211
64544 53.49 54.84 1.39e-19 1.01018
64187 23.29 43.52 1.12e-19 1.00140
64325 -18.58 49.61 1.23e-19 1.00569
63776 -159.50 74.00 1.06e-19 0.99863
64181 15.00 44.00 1.15e-19 1.00269
64178 10.84 43.88 1.14e-19 1.00240
64184 19.16 43.88 1.14e-19 1.00240
64013 -159.50 88.00 1.63e-19 1.01181
64250 37.26 46.89 1.20e-19 1.00469
64253 41.20 45.58 1.12e-19 1.00114
64073 20.50 54.00 1.56e-19 1.01218
64070 20.50 56.00 1.63e-19 1.01186
65246 94.74 71.70 1.50e-19 1.01187
65492 179.69 78.56 1.28e-19 1.00710
65243 91.92 74.59 1.59e-19 1.01213
65495 166.50 77.35 1.25e-19 1.00655
64076 20.50 52.00 1.49e-19 1.01174
65240 87.99 77.44 1.66e-19 1.01139
64208 23.74 46.51 1.25e-19 1.00659
64457 -27.42 52.92 1.28e-19 1.00728
65177 81.53 73.61 1.64e-19 1.01166
64166 11.03 40.88 1.00e-19 0.99574
64163 15.00 38.00 8.70e-20 0.98805
65171 67.87 78.68 1.75e-19 1.00728
64094 20.50 40.00 9.57e-20 0.99340
65174 75.89 76.23 1.71e-19 1.00990
64160 15.00 35.00 7.35e-20 0.97825
65387 -90.51 65.03 1.02e-19 0.99651
63257 -9.72 54.13 1.48e-19 1.01175
65297 96.36 83.93 1.68e-19 1.01083
63251 -11.73 55.69 1.53e-19 1.01212
65381 113.36 62.69 9.94e-20 0.99556
65384 113.42 59.64 8.70e-20 0.98817
65357 139.00 86.38 1.62e-19 1.01189
65348 -94.24 83.64 1.60e-19 1.01206
65351 -109.00 86.38 1.62e-19 1.01189
64091 20.50 42.00 1.05e-19 0.99832
65354 -165.00 88.00 1.63e-19 1.01181
63179 -48.39 68.69 1.57e-19 1.01222
63185 -43.65 67.98 1.60e-19 1.01212
63323 105.02 69.92 1.35e-19 1.00942
65342 -86.22 77.76 1.50e-19 1.01179
65345 -88.82 80.73 1.56e-19 1.01217
65339 -84.82 74.77 1.42e-19 1.01077
65045 15.00 77.00 1.78e-19 0.98482
65042 1.88 76.67 1.79e-19 0.98870
65039 -10.07 75.72 1.80e-19 0.99550
63407 54.89 57.20 1.47e-19 1.01139
65423 129.24 76.82 1.39e-19 1.01027
64823 52.08 59.16 1.56e-19 1.01206
65489 -165.00 79.00 1.29e-19 1.00751
64820 47.07 60.82 1.64e-19 1.01157
64967 -29.19 68.20 1.71e-19 1.00981
64964 -34.69 66.09 1.63e-19 1.01176
63401 57.23 58.68 1.49e-19 1.01188
63095 40.40 47.00 1.19e-19 1.00412
64961 -39.32 63.82 1.53e-19 1.01207
64958 -43.24 61.42 1.41e-19 1.01061
64826 56.57 57.31 1.45e-19 1.01129
65063 70.62 68.01 1.62e-19 1.01189
65126 84.80 64.32 1.38e-19 1.01001
65060 65.21 70.32 1.70e-19 1.01016
65123 81.58 67.01 1.50e-19 1.01178
65066 75.03 65.56 1.52e-19 1.01197
65120 77.61 69.63 1.60e-19 1.01207
64592 57.42 52.92 1.28e-19 1.00728
64499 49.14 56.59 1.50e-19 1.01176
65519 -154.87 72.69 1.00e-19 0.99555
65522 -165.00 73.00 1.01e-19 0.99620
65525 -175.13 72.69 1.00e-19 0.99555
63293 -0.15 44.10 1.12e-19 1.00146
64055 20.50 64.00 1.79e-19 1.00309
64052 20.50 66.00 1.80e-19 0.99905
64466 -14.37 58.15 1.59e-19 1.01215
64049 20.50 68.00 1.80e-19 0.99432
64463 -19.14 56.59 1.50e-19 1.01176
64460 -23.49 54.84 1.39e-19 1.01018
64889 60.17 59.65 1.50e-19 1.01184
64895 67.82 55.26 1.25e-19 1.00636
64892 64.24 57.52 1.38e-19 1.00992
65225 -22.03 85.01 1.76e-19 1.00675
64376 58.87 43.83 8.70e-20 0.98818
64004 -159.50 82.00 1.42e-19 1.01066
64370 52.30 47.83 1.12e-19 1.00105
64007 -159.50 84.00 1.49e-19 1.01179
64373 55.72 45.90 9.94e-20 0.99536
64229 5.74 49.49 1.38e-19 1.00998
64235 15.00 50.00 1.41e-19 1.01064
64232 10.34 49.87 1.41e-19 1.01043
64109 -154.30 85.50 1.55e-19 1.01216
64115 -154.30 83.50 1.48e-19 1.01161
64112 -154.30 84.50 1.51e-19 1.01198
63809 -159.50 76.00 1.15e-19 1.00276
64283 15.00 53.00 1.53e-19 1.01208
64280 10.03 52.87 1.52e-19 1.01213
64286 19.97 52.87 1.52e-19 1.01213
65312 105.25 69.00 1.32e-19 1.00846
65315 106.03 66.00 1.20e-19 1.00490
65309 104.36 72.00 1.42e-19 1.01083
65306 103.29 74.99 1.51e-19 1.01192
65198 -70.10 62.89 1.15e-19 1.00264
65201 -68.64 65.84 1.28e-19 1.00721
65204 -66.90 68.78 1.39e-19 1.01029
65207 -64.74 71.70 1.50e-19 1.01187
65300 99.91 80.96 1.64e-19 1.01162
65303 101.91 77.98 1.59e-19 1.01213
65078 -54.80 64.32 1.38e-19 1.01001
65081 -51.58 67.01 1.50e-19 1.01178
65411 -165.00 85.00 1.53e-19 1.01208
65084 -47.61 69.63 1.60e-19 1.01207
65087 -42.61 72.15 1.68e-19 1.01083
64859 -7.85 66.25 1.78e-19 1.00431
64865 7.04 67.80 1.80e-19 0.99549
65417 145.34 82.12 1.50e-19 1.01187
63329 99.62 69.66 1.40e-19 1.01022
63335 94.39 69.25 1.43e-19 1.01098
63449 43.95 47.55 1.18e-19 1.00386
63455 42.51 45.84 1.12e-19 1.00144
64994 52.64 70.09 1.77e-19 1.00613
64988 35.87 72.94 1.80e-19 0.99365
64991 44.88 71.70 1.80e-19 1.00076
63215 -24.50 62.76 1.64e-19 1.01169
65153 -37.87 78.68 1.75e-19 1.00728
64997 59.19 68.20 1.71e-19 1.00981
63209 -27.74 63.99 1.64e-19 1.01168
64934 40.90 69.01 1.79e-19 1.00176
64016 14.04 90.00 1.69e-19 1.01069
64931 32.88 70.09 1.80e-19 0.99550
63431 48.85 52.53 1.35e-19 1.00919
64928 24.14 70.77 1.79e-19 0.98868
64010 -159.50 86.00 1.57e-19 1.01218
63473 -159.50 70.00 8.71e-20 0.98817
64937 48.05 67.59 1.76e-19 1.00672
63437 47.11 50.90 1.30e-19 1.00780
65132 -65.42 59.53 1.07e-19 0.99940
65135 -63.62 62.41 1.21e-19 1.00487
65129 87.47 61.57 1.25e-19 1.00646
64772 64.20 48.66 1.02e-19 0.99665
64775 -37.39 50.87 1.07e-19 0.99967
64415 15.00 59.00 1.71e-19 1.00984
64412 9.19 58.85 1.70e-19 1.01014
64409 3.49 58.40 1.68e-19 1.01086
63137 -80.38 69.66 1.29e-19 1.00759
63131 -85.61 69.25 1.23e-19 1.00566
64316 -22.30 47.83 1.12e-19 1.00105
64313 -25.72 45.90 9.94e-20 0.99536
64310 -28.87 43.83 8.70e-20 0.98818
63155 -64.02 69.92 1.46e-19 1.01142
63149 -69.50 70.00 1.41e-19 1.01051
64259 -20.22 45.15 1.02e-19 0.99653
64265 -12.75 48.42 1.23e-19 1.00567
64262 -16.62 46.88 1.13e-19 1.00194
65327 -83.36 62.69 9.94e-20 0.99556
57281 15.00 -74.00 -6.84e-21 -0.00684
64100 -154.30 88.50 1.65e-19 1.01159
64103 -154.30 87.50 1.62e-19 1.01196
65237 82.04 80.22 1.71e-19 1.00991
65234 71.87 82.83 1.74e-19 1.00816
64106 -154.30 86.50 1.58e-19 1.01215
65231 52.03 85.01 1.76e-19 1.00675
65228 15.00 86.00 1.77e-19 1.00616
65267 -76.03 66.00 1.20e-19 1.00490
64088 20.50 44.00 1.14e-19 1.00249
64193 2.01 45.89 1.21e-19 1.00485
64190 -2.11 45.05 1.15e-19 1.00284
64157 -154.30 77.50 1.22e-19 1.00551
64154 -154.30 71.50 9.46e-20 0.99275
64151 -154.30 72.50 9.92e-20 0.99533
64148 -154.30 73.50 1.04e-19 0.99774
64196 6.26 46.51 1.25e-19 1.00659
64982 15.00 74.00 1.73e-19 0.97427
64985 25.77 73.73 1.78e-19 0.98482
65369 114.82 74.77 1.42e-19 1.01077
64979 4.23 73.73 1.78e-19 0.98482
65375 113.60 68.75 1.23e-19 1.00576
65372 114.03 71.77 1.33e-19 1.00896
65366 116.22 77.76 1.50e-19 1.01179
65360 124.24 83.64 1.60e-19 1.01206
65363 118.82 80.73 1.56e-19 1.01217
65459 174.45 81.43 1.41e-19 1.01057
65462 158.42 79.90 1.38e-19 1.00996
65465 147.41 77.77 1.34e-19 1.00899
63173 -53.39 69.25 1.54e-19 1.01211
65036 -20.23 74.26 1.79e-19 1.00176
65270 -75.25 69.00 1.32e-19 1.00846
65273 -74.36 72.00 1.42e-19 1.01083
64952 71.94 57.20 1.28e-19 1.00721
65276 -73.29 74.99 1.51e-19 1.01192
65030 -35.21 70.32 1.70e-19 1.01016
65033 -28.52 72.43 1.76e-19 1.00674
64808 22.07 64.82 1.79e-19 1.00177
64811 28.94 64.29 1.78e-19 1.00430
65501 148.54 73.33 1.15e-19 1.00271
63353 80.22 67.15 1.51e-19 1.01203
64817 41.53 62.26 1.71e-19 1.00996
63005 15.00 -90.00 -1.72e-20 -0.01723
63389 62.51 61.46 1.53e-19 1.01204
62999 15.00 -74.00 -6.84e-21 -0.00684
63395 59.77 60.10 1.51e-19 1.01199
65507 -152.81 75.64 1.14e-19 1.00219
65054 50.23 74.26 1.79e-19 1.00176
65096 -16.27 78.38 1.80e-19 0.99970
65051 40.07 75.72 1.80e-19 0.99550
65048 28.12 76.67 1.79e-19 0.98870
65090 -36.13 74.51 1.74e-19 1.00815
65093 -27.58 76.63 1.78e-19 1.00428
65057 58.52 72.43 1.76e-19 1.00674
64496 44.37 58.15 1.59e-19 1.01215
64490 33.56 60.56 1.71e-19 1.00995
64493 39.17 59.48 1.66e-19 1.01138
63017 15.00 -90.00 -1.72e-20 -0.01723
63305 121.38 69.66 1.19e-19 1.00427
63011 15.00 -74.00 -6.84e-21 -0.00684
63299 126.61 69.25 1.13e-19 1.00196
64058 20.50 62.00 1.76e-19 1.00640
64061 20.50 60.00 1.73e-19 1.00897
64067 20.50 58.00 1.68e-19 1.01079
64802 7.93 64.82 1.79e-19 1.00177
64805 15.00 65.00 1.80e-19 1.00076
64799 1.06 64.29 1.78e-19 1.00430
64907 -29.72 63.95 1.62e-19 1.01192
64904 -34.39 61.83 1.52e-19 1.01198
64898 -41.94 57.20 1.28e-19 1.00721
64901 -38.43 59.57 1.41e-19 1.01039
64829 60.59 55.29 1.34e-19 1.00885
64379 -31.37 46.31 9.50e-20 0.99299
64367 48.58 49.61 1.23e-19 1.00569
64364 44.55 51.21 1.33e-19 1.00891
64361 40.23 52.61 1.42e-19 1.01077
64358 35.61 53.80 1.50e-19 1.01192
63371 72.27 65.14 1.54e-19 1.01212
63101 -146.50 74.10 1.08e-19 0.99971
63107 41.70 76.00 1.80e-19 0.99651
63968 -159.50 80.00 1.33e-19 1.00877
64343 9.65 55.86 1.62e-19 1.01194
63365 76.09 66.19 1.53e-19 1.01198
64247 33.10 47.99 1.28e-19 1.00734
64340 4.38 55.44 1.60e-19 1.01216
64244 28.75 48.86 1.34e-19 1.00903
64238 19.66 49.87 1.41e-19 1.01043
64346 15.00 56.00 1.63e-19 1.01181
64241 24.26 49.49 1.38e-19 1.00998
64268 -8.62 49.77 1.32e-19 1.00849
64271 -4.25 50.90 1.39e-19 1.01012
64274 0.34 51.81 1.45e-19 1.01133
64277 5.12 52.47 1.50e-19 1.01192
65264 -76.74 62.99 1.08e-19 0.99977
65261 -77.40 59.97 9.50e-20 0.99298
65258 101.35 59.93 1.02e-19 0.99664
65324 -83.42 59.64 8.70e-20 0.98817
65321 107.40 59.97 9.50e-20 0.99298
65318 106.74 62.99 1.08e-19 0.99977
64145 -154.30 74.50 1.09e-19 0.99996
65189 93.62 62.41 1.21e-19 1.00487
65195 -71.35 59.93 1.02e-19 0.99664
64139 -154.30 76.50 1.18e-19 1.00384
65441 -105.01 72.61 1.20e-19 1.00481
65438 -101.49 69.80 1.12e-19 1.00125
65444 -110.04 75.29 1.28e-19 1.00726
65447 -117.41 77.77 1.34e-19 1.00899
63341 89.39 68.69 1.47e-19 1.01152
63347 84.65 67.98 1.49e-19 1.01179
65018 -45.03 65.56 1.52e-19 1.01197
65027 -40.62 68.01 1.62e-19 1.01189
65159 -8.31 82.40 1.79e-19 1.00176
63239 -16.23 58.68 1.59e-19 1.01221
63245 -13.89 57.20 1.56e-19 1.01210
65165 38.31 82.40 1.79e-19 1.00176
63419 50.72 54.13 1.39e-19 1.01031
64943 59.72 63.95 1.62e-19 1.01192
64946 64.39 61.83 1.52e-19 1.01198
64847 -30.17 59.65 1.50e-19 1.01184
65141 -58.92 68.10 1.45e-19 1.01125
65138 -61.49 65.27 1.34e-19 1.00888
64838 67.39 50.87 1.07e-19 0.99967
64841 -37.82 55.26 1.25e-19 1.00636
64844 -34.24 57.52 1.38e-19 1.00992
64478 8.63 61.84 1.76e-19 1.00675
64481 15.00 62.00 1.77e-19 1.00616
64484 21.37 61.84 1.76e-19 1.00675
64487 27.59 61.35 1.74e-19 1.00817
64421 26.51 58.40 1.68e-19 1.01086
64424 32.00 57.66 1.64e-19 1.01162
64853 -20.33 63.41 1.68e-19 1.01082
64850 -25.56 61.63 1.60e-19 1.01217
64856 -14.43 64.97 1.74e-19 1.00819
63143 -74.98 69.92 1.35e-19 1.00944
64307 50.22 45.15 1.02e-19 0.99653
64298 38.62 49.77 1.32e-19 1.00849
64301 42.75 48.42 1.23e-19 1.00567
64304 46.62 46.88 1.13e-19 1.00194
64874 30.65 67.20 1.80e-19 0.99969
64868 15.00 68.00 1.80e-19 0.99365
64871 22.96 67.80 1.80e-19 0.99549
64877 37.85 66.25 1.78e-19 1.00431
64022 20.50 86.00 1.77e-19 1.00620
64025 20.50 84.00 1.79e-19 1.00283
64397 -16.66 53.94 1.42e-19 1.01092
64019 20.50 88.00 1.73e-19 1.00882
64394 -20.85 52.27 1.32e-19 1.00846
64388 -28.18 48.44 1.08e-19 0.99978
64391 -24.68 50.43 1.20e-19 1.00481
64214 32.11 45.05 1.15e-19 1.00284
64097 -154.30 89.50 1.67e-19 1.01104
64211 27.99 45.89 1.21e-19 1.00485
65219 -52.04 80.22 1.71e-19 1.00991
64217 -11.20 45.58 1.12e-19 1.00114
65222 -41.87 82.83 1.74e-19 1.00816
64427 37.23 56.66 1.59e-19 1.01218
64199 10.61 46.88 1.28e-19 1.00739
64202 15.00 47.00 1.29e-19 1.00751
64205 19.39 46.88 1.28e-19 1.00739
64976 -5.87 72.94 1.80e-19 0.99365
64973 -14.88 71.70 1.80e-19 1.00076
64970 -22.64 70.09 1.77e-19 1.00613
65450 -128.42 79.90 1.38e-19 1.00996
65453 -144.45 81.43 1.41e-19 1.01057
65162 15.00 83.00 1.80e-19 1.00076
63203 -31.27 65.14 1.64e-19 1.01172
65279 -71.91 77.98 1.59e-19 1.01213
65285 -66.36 83.93 1.68e-19 1.01083
65282 -69.91 80.96 1.64e-19 1.01162
65471 135.01 72.61 1.20e-19 1.00481
65468 140.04 75.29 1.28e-19 1.00726
65474 131.49 69.80 1.12e-19 1.00125
65477 -118.54 73.33 1.15e-19 1.00271
62993 15.00 -90.00 -1.72e-20 -0.01723
64940 54.30 65.88 1.70e-19 1.01010
65099 -1.81 79.57 1.80e-19 0.99549
65105 31.81 79.57 1.80e-19 0.99549
65102 15.00 80.00 1.80e-19 0.99365
64688 60.98 50.85 1.15e-19 1.00266
65405 -115.34 82.12 1.50e-19 1.01187
65402 -105.13 79.58 1.45e-19 1.01131
65399 -99.24 76.82 1.39e-19 1.01027
63269 -6.11 50.90 1.38e-19 1.00995
63275 -4.48 49.24 1.32e-19 1.00853
64037 20.50 76.00 1.77e-19 0.98302
64034 20.50 78.00 1.79e-19 0.98859
64028 20.50 82.00 1.80e-19 0.99875
64031 20.50 80.00 1.80e-19 0.99397
64916 -10.90 69.01 1.79e-19 1.00176
64793 -11.53 62.26 1.71e-19 1.00996
64790 -17.07 60.82 1.64e-19 1.01157
64910 -24.30 65.88 1.70e-19 1.01010
64913 -18.05 67.59 1.76e-19 1.00672
64796 -5.47 63.42 1.75e-19 1.00726
65144 -55.70 70.89 1.56e-19 1.01221
64430 42.12 55.41 1.51e-19 1.01202
64433 46.66 53.94 1.42e-19 1.01092
64349 20.35 55.86 1.62e-19 1.01194
64352 25.62 55.44 1.60e-19 1.01216
64355 30.72 54.74 1.56e-19 1.01208
63383 65.50 62.76 1.54e-19 1.01205
63113 -138.30 76.00 1.19e-19 1.00418
64436 50.85 52.27 1.32e-19 1.00846
64334 -5.61 53.80 1.50e-19 1.01192
65504 -141.78 74.62 1.12e-19 1.00110
64331 -10.23 52.61 1.42e-19 1.01077
64328 -14.55 51.21 1.33e-19 1.00891
64169 15.00 41.00 1.01e-19 0.99620
64172 18.97 40.88 1.00e-19 0.99574
64175 6.71 43.52 1.12e-19 1.00140
64337 -0.72 54.74 1.56e-19 1.01208
64814 35.47 63.42 1.75e-19 1.00726
65147 -51.53 73.61 1.64e-19 1.01166
65249 96.90 68.78 1.39e-19 1.01029
64085 20.50 46.00 1.24e-19 1.00593
65336 -84.03 71.77 1.33e-19 1.00896
65252 98.64 65.84 1.28e-19 1.00721
65255 100.10 62.89 1.15e-19 1.00264
65330 -83.40 65.72 1.12e-19 1.00122
65333 -83.60 68.75 1.23e-19 1.00576
64418 20.81 58.85 1.70e-19 1.01014
64133 -154.30 79.50 1.31e-19 1.00829
65186 91.49 65.27 1.34e-19 1.00888
64136 -154.30 78.50 1.27e-19 1.00699
65183 88.92 68.10 1.45e-19 1.01125
65180 85.70 70.89 1.56e-19 1.01221
65192 95.42 59.53 1.07e-19 0.99940
65414 164.13 84.15 1.52e-19 1.01214
65432 121.61 68.04 1.13e-19 1.00179
65435 120.51 65.03 1.02e-19 0.99651
63263 -7.85 52.53 1.44e-19 1.01099
65429 123.21 71.02 1.23e-19 1.00586
65408 -134.13 84.15 1.52e-19 1.01214
63317 110.50 70.00 1.30e-19 1.00804
63311 115.98 69.92 1.25e-19 1.00656
65009 76.59 58.92 1.29e-19 1.00735
65015 -48.69 63.02 1.41e-19 1.01057
65012 -51.77 60.39 1.28e-19 1.00715
65528 -165.00 70.00 8.70e-20 0.98805
65531 -165.00 67.00 7.35e-20 0.97825
63413 52.73 55.69 1.43e-19 1.01106
64955 -46.59 58.92 1.29e-19 1.00735
64949 68.43 59.57 1.41e-19 1.01039
65111 57.58 76.63 1.78e-19 1.00428
65168 55.98 80.83 1.78e-19 1.00428
65108 46.27 78.38 1.80e-19 0.99970
65114 66.13 74.51 1.74e-19 1.00815
65117 72.61 72.15 1.68e-19 1.01083
64862 -0.65 67.20 1.80e-19 0.99969
64835 64.18 53.14 1.21e-19 1.00511
65456 -165.00 82.00 1.41e-19 1.01064
64469 -9.17 59.48 1.66e-19 1.01138
64475 2.41 61.35 1.74e-19 1.00817
64472 -3.56 60.56 1.71e-19 1.00995
65513 -177.19 75.64 1.14e-19 1.00219
65510 -165.00 76.00 1.15e-19 1.00269
65516 171.78 74.62 1.12e-19 1.00110
64451 -34.20 48.66 1.02e-19 0.99665
64454 -30.98 50.85 1.15e-19 1.00266
63905 -159.50 78.00 1.24e-19 1.00614
64289 24.88 52.47 1.50e-19 1.01192
64295 34.25 50.90 1.39e-19 1.01012
64292 29.66 51.81 1.45e-19 1.01133
64883 50.33 63.41 1.68e-19 1.01082
64880 44.43 64.97 1.74e-19 1.00819
65498 156.21 75.54 1.21e-19 1.00498
63584 -159.50 72.00 9.64e-20 0.99377
64886 55.56 61.63 1.60e-19 1.01217
64406 -2.00 57.66 1.64e-19 1.01162
65378 113.40 65.72 1.12e-19 1.00122
64403 -7.23 56.66 1.59e-19 1.01218
64400 -12.12 55.41 1.51e-19 1.01202
64223 -3.10 47.99 1.28e-19 1.00734
64220 -7.26 46.89 1.20e-19 1.00469
64118 -154.30 82.50 1.44e-19 1.01106
64121 -154.30 81.50 1.40e-19 1.01032
64226 1.25 48.86 1.34e-19 1.00903
64124 -154.30 80.50 1.36e-19 1.00940
63161 -58.62 69.66 1.50e-19 1.01181
