65006 73.24 61.42 9.97e-20 0.71277
65000 64.69 66.09 1.21e-19 0.75272
65003 69.32 63.82 1.11e-19 0.73473
63197 -35.09 66.19 1.21e-19 0.75251
64142 -154.30 75.50 7.39e-20 0.65448
63191 -39.22 67.15 1.20e-19 0.75017
65213 -57.99 77.44 1.24e-19 0.75738
65210 -61.92 74.59 1.17e-19 0.74491
65294 86.94 86.84 1.29e-19 0.76544
65291 15.00 89.00 1.30e-19 0.76668
65288 -56.94 86.84 1.29e-19 0.76544
65075 -57.47 61.57 8.45e-20 0.68011
62987 15.00 -74.00 -2.62e-20 -0.02622
65072 81.77 60.39 8.69e-20 0.68532
65486 -149.69 78.56 8.69e-20 0.68527
65069 78.69 63.02 9.89e-20 0.71121
65420 135.13 79.58 1.04e-19 0.72041
62981 15.00 -90.00 -7.98e-20 -0.07981
65483 -136.50 77.35 8.46e-20 0.68019
65156 -25.98 80.83 1.38e-19 0.77881
65426 125.59 73.95 9.08e-20 0.69407
65480 -126.21 75.54 8.07e-20 0.67117
63281 -2.95 47.55 8.53e-20 0.68166
63287 -1.51 45.84 7.91e-20 0.66723
65150 -45.89 76.23 1.30e-19 0.76634
65390 -91.61 68.04 7.36e-20 0.65355
63227 -18.77 60.10 1.19e-19 0.74927
65393 -93.21 71.02 8.26e-20 0.67570
65396 -95.59 73.95 9.08e-20 0.69407
63221 -21.51 61.46 1.21e-19 0.75201
63443 45.48 49.24 8.37e-20 0.67813
64046 20.50 70.00 1.41e-19 0.78072
64082 20.50 48.00 9.13e-20 0.69514
64043 20.50 72.00 1.40e-19 0.77758
64040 20.50 74.00 1.39e-19 0.77500
64781 -30.59 55.29 9.24e-20 0.69748
64778 -34.18 53.14 8.07e-20 0.67128
64784 -26.57 57.31 1.04e-19 0.72039
64079 20.50 50.00 9.93e-20 0.71188
64787 -22.08 59.16 1.14e-19 0.73942
64919 -2.88 70.09 1.42e-19 0.78245
64925 15.00 71.00 1.41e-19 0.77849
64922 5.86 70.77 1.41e-19 0.78058
64439 54.68 50.43 8.02e-20 0.66998
64445 61.37 46.31 5.85e-20 0.61192
64442 58.18 48.44 6.93e-20 0.64262
63119 -95.35 67.98 7.05e-20 0.64555
63125 -90.61 68.69 7.66e-20 0.66129
63377 68.74 63.99 1.12e-19 0.73667
64544 53.49 54.84 9.78e-20 0.70890
64187 23.29 43.52 7.25e-20 0.65091
64325 -18.58 49.61 8.26e-20 0.67555
63776 -159.50 74.00 6.75e-20 0.63760
64181 15.00 44.00 7.54e-20 0.65821
64178 10.84 43.88 7.47e-20 0.65640
64184 19.16 43.88 7.47e-20 0.65640
64013 -159.50 88.00 1.21e-19 0.75282
64250 37.26 46.89 8.02e-20 0.66987
64253 41.20 45.58 7.25e-20 0.65068
64073 20.50 54.00 1.14e-19 0.74042
64070 20.50 56.00 1.21e-19 0.75207
65246 94.74 71.70 1.08e-19 0.72883
65492 179.69 78.56 8.69e-20 0.68527
65243 91.92 74.59 1.17e-19 0.74491
65495 166.50 77.35 8.46e-20 0.68019
64076 20.50 52.00 1.07e-19 0.72700
65240 87.99 77.44 1.24e-19 0.75738
64208 23.74 46.51 8.46e-20 0.68023
64457 -27.42 52.92 8.69e-20 0.68554
65177 81.53 73.61 1.23e-19 0.75486
64166 11.03 40.88 6.27e-20 0.62426
64163 15.00 38.00 5.21e-20 0.59155
65171 67.87 78.68 1.35e-19 0.77420
64094 20.50 40.00 5.92e-20 0.61379
65174 75.89 76.23 1.30e-19 0.76634
64160 15.00 35.00 4.17e-20 0.55464
65387 -90.51 65.03 6.41e-20 0.62804
63257 -9.72 54.13 1.07e-19 0.72624
65297 96.36 83.93 1.27e-19 0.76158
63251 -11.73 55.69 1.11e-19 0.73393
65381 113.36 62.69 6.22e-20 0.62284
65384 113.42 59.64 5.21e-20 0.59165
65357 139.00 86.38 1.20e-19 0.75133
65348 -94.24 83.64 1.18e-19 0.74695
65351 -109.00 86.38 1.20e-19 0.75133
64091 20.50 42.00 6.70e-20 0.63608
65354 -165.00 88.00 1.21e-19 0.75278
63179 -48.39 68.69 1.15e-19 0.74198
63185 -43.65 67.98 1.18e-19 0.74660
63323 105.02 69.92 9.39e-20 0.70074
65342 -86.22 77.76 1.08e-19 0.72875
65345 -88.82 80.73 1.14e-19 0.73953
65339 -84.82 74.77 1.01e-19 0.71456
65045 15.00 77.00 1.41e-19 0.77849
65042 1.88 76.67 1.41e-19 0.78059
65039 -10.07 75.72 1.42e-19 0.78246
63407 54.89 57.20 1.05e-19 0.72275
65423 129.24 76.82 9.79e-20 0.70898
64823 52.08 59.16 1.14e-19 0.73942
65489 -165.00 79.00 8.77e-20 0.68718
64820 47.07 60.82 1.23e-19 0.75477
64967 -29.19 68.20 1.30e-19 0.76664
64964 -34.69 66.09 1.21e-19 0.75272
63401 57.23 58.68 1.07e-19 0.72802
63095 40.40 47.00 7.86e-20 0.66614
64961 -39.32 63.82 1.11e-19 0.73473
64958 -43.24 61.42 9.97e-20 0.71277
64826 56.57 57.31 1.04e-19 0.72039
65063 70.62 68.01 1.20e-19 0.75133
65126 84.80 64.32 9.64e-20 0.70611
65060 65.21 70.32 1.29e-19 0.76547
65123 81.58 67.01 1.08e-19 0.72839
65066 75.03 65.56 1.10e-19 0.73312
65120 77.61 69.63 1.18e-19 0.74696
64592 57.42 52.92 8.69e-20 0.68554
64499 49.14 56.59 1.08e-19 0.72872
65519 -154.87 72.69 6.27e-20 0.62410
65522 -165.00 73.00 6.34e-20 0.62620
65525 -175.13 72.69 6.27e-20 0.62410
63293 -0.15 44.10 7.26e-20 0.65125
64055 20.50 64.00 1.39e-19 0.77997
64052 20.50 66.00 1.41e-19 0.78212
64466 -14.37 58.15 1.17e-19 0.74493
64049 20.50 68.00 1.42e-19 0.78234
64463 -19.14 56.59 1.08e-19 0.72872
64460 -23.49 54.84 9.78e-20 0.70890
64889 60.17 59.65 1.08e-19 0.72844
64895 67.82 55.26 8.45e-20 0.68001
64892 64.24 57.52 9.64e-20 0.70603
65225 -22.03 85.01 1.36e-19 0.77534
64376 58.87 43.83 5.21e-20 0.59166
64004 -159.50 82.00 9.98e-20 0.71299
64370 52.30 47.83 7.25e-20 0.65060
64007 -159.50 84.00 1.08e-19 0.72800
64373 55.72 45.90 6.22e-20 0.62267
64229 5.74 49.49 9.64e-20 0.70609
64235 15.00 50.00 9.97e-20 0.71280
64232 10.34 49.87 9.89e-20 0.71107
64109 -154.30 85.50 1.13e-19 0.73843
64115 -154.30 83.50 1.06e-19 0.72484
64112 -154.30 84.50 1.10e-19 0.73185
63809 -159.50 76.00 7.56e-20 0.65856
64283 15.00 53.00 1.11e-19 0.73475
64280 10.03 52.87 1.10e-19 0.73328
64286 19.97 52.87 1.10e-19 0.73328
65312 105.25 69.00 9.08e-20 0.69403
65315 106.03 66.00 8.02e-20 0.67006
65309 104.36 72.00 1.01e-19 0.71462
65306 103.29 74.99 1.09e-19 0.73151
65198 -70.10 62.89 7.56e-20 0.65854
65201 -68.64 65.84 8.69e-20 0.68548
65204 -66.90 68.78 9.79e-20 0.70900
65207 -64.74 71.70 1.08e-19 0.72883
65300 99.91 80.96 1.23e-19 0.75482
65303 101.91 77.98 1.17e-19 0.74491
65078 -54.80 64.32 9.64e-20 0.70611
65081 -51.58 67.01 1.08e-19 0.72839
65411 -165.00 85.00 1.11e-19 0.73475
65084 -47.61 69.63 1.18e-19 0.74696
65087 -42.61 72.15 1.27e-19 0.76157
64859 -7.85 66.25 1.38e-19 0.77885
64865 7.04 67.80 1.42e-19 0.78246
65417 145.34 82.12 1.08e-19 0.72847
63329 99.62 69.66 9.80e-20 0.70912
63335 94.39 69.25 1.02e-19 0.71652
63449 43.95 47.55 7.83e-20 0.66519
63455 42.51 45.84 7.26e-20 0.65114
64994 52.64 70.09 1.36e-19 0.77625
64988 35.87 72.94 1.42e-19 0.78223
64991 44.88 71.70 1.40e-19 0.78149
63215 -24.50 62.76 1.22e-19 0.75367
65153 -37.87 78.68 1.35e-19 0.77420
64997 59.19 68.20 1.30e-19 0.76664
63209 -27.74 63.99 1.22e-19 0.75436
64934 40.90 69.01 1.40e-19 0.78092
64016 14.04 90.00 1.27e-19 0.76251
64931 32.88 70.09 1.42e-19 0.78245
63431 48.85 52.53 9.35e-20 0.69995
64928 24.14 70.77 1.41e-19 0.78058
64010 -159.50 86.00 1.15e-19 0.74129
63473 -159.50 70.00 5.22e-20 0.59205
64937 48.05 67.59 1.36e-19 0.77531
63437 47.11 50.90 8.88e-20 0.68968
65132 -65.42 59.53 6.90e-20 0.64151
65135 -63.62 62.41 8.07e-20 0.67107
65129 87.47 61.57 8.45e-20 0.68011
64772 64.20 48.66 6.42e-20 0.62852
64775 -37.39 50.87 6.90e-20 0.64174
64415 15.00 59.00 1.30e-19 0.76668
64412 9.19 58.85 1.29e-19 0.76545
64409 3.49 58.40 1.27e-19 0.76160
63137 -80.38 69.66 8.84e-20 0.68862
63131 -85.61 69.25 8.26e-20 0.67551
64316 -22.30 47.83 7.25e-20 0.65060
64313 -25.72 45.90 6.22e-20 0.62267
64310 -28.87 43.83 5.21e-20 0.59166
63155 -64.02 69.92 1.04e-19 0.72098
63149 -69.50 70.00 9.91e-20 0.71143
64259 -20.22 45.15 6.41e-20 0.62806
64265 -12.75 48.42 8.26e-20 0.67553
64262 -16.62 46.88 7.36e-20 0.65368
65327 -83.36 62.69 6.22e-20 0.62284
57281 15.00 -74.00 -2.62e-20 -0.02622
64100 -154.30 88.50 1.23e-19 0.75551
64103 -154.30 87.50 1.20e-19 0.75026
65237 82.04 80.22 1.30e-19 0.76635
65234 71.87 82.83 1.33e-19 0.77217
64106 -154.30 86.50 1.17e-19 0.74457
65231 52.03 85.01 1.36e-19 0.77534
65228 15.00 86.00 1.36e-19 0.77628
65267 -76.03 66.00 8.02e-20 0.67006
64088 20.50 44.00 7.50e-20 0.65714
64193 2.01 45.89 8.07e-20 0.67105
64190 -2.11 45.05 7.56e-20 0.65871
64157 -154.30 77.50 8.20e-20 0.67430
64154 -154.30 71.50 5.82e-20 0.61096
64151 -154.30 72.50 6.20e-20 0.62229
64148 -154.30 73.50 6.60e-20 0.63333
64196 6.26 46.51 8.46e-20 0.68023
64982 15.00 74.00 1.37e-19 0.77033
64985 25.77 73.73 1.41e-19 0.77850
65369 114.82 74.77 1.01e-19 0.71456
64979 4.23 73.73 1.41e-19 0.77850
65375 113.60 68.75 8.26e-20 0.67562
65372 114.03 71.77 9.21e-20 0.69697
65366 116.22 77.76 1.08e-19 0.72875
65360 124.24 83.64 1.18e-19 0.74695
65363 118.82 80.73 1.14e-19 0.73953
65459 174.45 81.43 9.89e-20 0.71120
65462 158.42 79.90 9.64e-20 0.70606
65465 147.41 77.77 9.24e-20 0.69760
63173 -53.39 69.25 1.12e-19 0.73612
65036 -20.23 74.26 1.40e-19 0.78092
65270 -75.25 69.00 9.08e-20 0.69403
65273 -74.36 72.00 1.01e-19 0.71462
64952 71.94 57.20 8.69e-20 0.68537
65276 -73.29 74.99 1.09e-19 0.73151
65030 -35.21 70.32 1.29e-19 0.76547
65033 -28.52 72.43 1.36e-19 0.77533
64808 22.07 64.82 1.40e-19 0.78094
64811 28.94 64.29 1.38e-19 0.77884
65501 148.54 73.33 7.56e-20 0.65860
63353 80.22 67.15 1.09e-19 0.73169
64817 41.53 62.26 1.30e-19 0.76640
63389 62.51 61.46 1.11e-19 0.73454
63395 59.77 60.10 1.10e-19 0.73184
65507 -152.81 75.64 7.47e-20 0.65622
65054 50.23 74.26 1.40e-19 0.78092
65096 -16.27 78.38 1.41e-19 0.78192
65051 40.07 75.72 1.42e-19 0.78246
65048 28.12 76.67 1.41e-19 0.78059
65090 -36.13 74.51 1.33e-19 0.77215
65093 -27.58 76.63 1.38e-19 0.77881
65057 58.52 72.43 1.36e-19 0.77533
64496 44.37 58.15 1.17e-19 0.74493
64490 33.56 60.56 1.30e-19 0.76639
64493 39.17 59.48 1.24e-19 0.75737
63305 121.38 69.66 7.93e-20 0.66775
63299 126.61 69.25 7.40e-20 0.65457
64058 20.50 62.00 1.36e-19 0.77588
64061 20.50 60.00 1.32e-19 0.76984
64067 20.50 58.00 1.27e-19 0.76190
64802 7.93 64.82 1.40e-19 0.78094
64805 15.00 65.00 1.40e-19 0.78149
64799 1.06 64.29 1.38e-19 0.77884
64907 -29.72 63.95 1.20e-19 0.75136
64904 -34.39 61.83 1.10e-19 0.73313
64898 -41.94 57.20 8.69e-20 0.68537
64901 -38.43 59.57 9.89e-20 0.71103
64829 60.59 55.29 9.24e-20 0.69748
64379 -31.37 46.31 5.85e-20 0.61192
64367 48.58 49.61 8.26e-20 0.67555
64364 44.55 51.21 9.21e-20 0.69693
64361 40.23 52.61 1.01e-19 0.71456
64358 35.61 53.80 1.08e-19 0.72888
63371 72.27 65.14 1.12e-19 0.73609
63101 -146.50 74.10 6.95e-20 0.64284
63107 41.70 76.00 1.42e-19 0.78248
63968 -159.50 80.00 9.19e-20 0.69636
64343 9.65 55.86 1.20e-19 0.75138
63365 76.09 66.19 1.11e-19 0.73432
64247 33.10 47.99 8.69e-20 0.68560
64340 4.38 55.44 1.18e-19 0.74705
64244 28.75 48.86 9.24e-20 0.69764
64238 19.66 49.87 9.89e-20 0.71107
64346 15.00 56.00 1.21e-19 0.75278
64241 24.26 49.49 9.64e-20 0.70609
64268 -8.62 49.77 9.08e-20 0.69406
64271 -4.25 50.90 9.78e-20 0.70884
64274 0.34 51.81 1.04e-19 0.72043
64277 5.12 52.47 1.08e-19 0.72852
65264 -76.74 62.99 6.93e-20 0.64261
65261 -77.40 59.97 5.85e-20 0.61191
65258 101.35 59.93 6.42e-20 0.62851
65324 -83.42 59.64 5.21e-20 0.59165
65321 107.40 59.97 5.85e-20 0.61191
65318 106.74 62.99 6.93e-20 0.64261
64145 -154.30 74.50 6.99e-20 0.64406
65189 93.62 62.41 8.07e-20 0.67107
65195 -71.35 59.93 6.42e-20 0.62851
64139 -154.30 76.50 7.80e-20 0.66456
65441 -105.01 72.61 8.02e-20 0.66998
65438 -101.49 69.80 7.25e-20 0.65077
65444 -110.04 75.29 8.69e-20 0.68552
65447 -117.41 77.77 9.24e-20 0.69760
63341 89.39 68.69 1.05e-19 0.72276
63347 84.65 67.98 1.07e-19 0.72775
65018 -45.03 65.56 1.10e-19 0.73312
65027 -40.62 68.01 1.20e-19 0.75133
65159 -8.31 82.40 1.40e-19 0.78093
63239 -16.23 58.68 1.17e-19 0.74541
63245 -13.89 57.20 1.14e-19 0.74015
65165 38.31 82.40 1.40e-19 0.78093
63419 50.72 54.13 9.78e-20 0.70895
64943 59.72 63.95 1.20e-19 0.75136
64946 64.39 61.83 1.10e-19 0.73313
64847 -30.17 59.65 1.08e-19 0.72844
65141 -58.92 68.10 1.04e-19 0.72035
65138 -61.49 65.27 9.24e-20 0.69751
64838 67.39 50.87 6.90e-20 0.64174
64841 -37.82 55.26 8.45e-20 0.68001
64844 -34.24 57.52 9.64e-20 0.70603
64478 8.63 61.84 1.36e-19 0.77535
64481 15.00 62.00 1.36e-19 0.77628
64484 21.37 61.84 1.36e-19 0.77535
64487 27.59 61.35 1.33e-19 0.77217
64421 26.51 58.40 1.27e-19 0.76160
64424 32.00 57.66 1.23e-19 0.75483
64853 -20.33 63.41 1.27e-19 0.76156
64850 -25.56 61.63 1.18e-19 0.74706
64856 -14.43 64.97 1.33e-19 0.77220
63143 -74.98 69.92 9.39e-20 0.70082
64307 50.22 45.15 6.41e-20 0.62806
64298 38.62 49.77 9.08e-20 0.69406
64301 42.75 48.42 8.26e-20 0.67553
64304 46.62 46.88 7.36e-20 0.65368
64874 30.65 67.20 1.41e-19 0.78191
64868 15.00 68.00 1.42e-19 0.78223
64871 22.96 67.80 1.42e-19 0.78246
64877 37.85 66.25 1.38e-19 0.77885
64022 20.50 86.00 1.36e-19 0.77622
64025 20.50 84.00 1.39e-19 0.78018
64397 -16.66 53.94 1.01e-19 0.71470
64019 20.50 88.00 1.32e-19 0.77033
64394 -20.85 52.27 9.08e-20 0.69403
64388 -28.18 48.44 6.93e-20 0.64262
64391 -24.68 50.43 8.02e-20 0.66998
64214 32.11 45.05 7.56e-20 0.65871
64097 -154.30 89.50 1.26e-19 0.76029
64211 27.99 45.89 8.07e-20 0.67105
65219 -52.04 80.22 1.30e-19 0.76635
64217 -11.20 45.58 7.25e-20 0.65068
65222 -41.87 82.83 1.33e-19 0.77217
64427 37.23 56.66 1.17e-19 0.74496
64199 10.61 46.88 8.69e-20 0.68554
64202 15.00 47.00 8.77e-20 0.68718
64205 19.39 46.88 8.69e-20 0.68554
64976 -5.87 72.94 1.42e-19 0.78223
64973 -14.88 71.70 1.40e-19 0.78149
64970 -22.64 70.09 1.36e-19 0.77625
65450 -128.42 79.90 9.64e-20 0.70606
65453 -144.45 81.43 9.89e-20 0.71120
65162 15.00 83.00 1.40e-19 0.78149
63203 -31.27 65.14 1.22e-19 0.75399
65279 -71.91 77.98 1.17e-19 0.74491
65285 -66.36 83.93 1.27e-19 0.76158
65282 -69.91 80.96 1.23e-19 0.75482
65471 135.01 72.61 8.02e-20 0.66998
65468 140.04 75.29 8.69e-20 0.68552
65474 131.49 69.80 7.25e-20 0.65077
65477 -118.54 73.33 7.56e-20 0.65860
62993 15.00 -90.00 -7.98e-20 -0.07981
64940 54.30 65.88 1.29e-19 0.76541
65099 -1.81 79.57 1.42e-19 0.78246
65105 31.81 79.57 1.42e-19 0.78246
65102 15.00 80.00 1.42e-19 0.78223
64688 60.98 50.85 7.56e-20 0.65856
65405 -115.34 82.12 1.08e-19 0.72847
65402 -105.13 79.58 1.04e-19 0.72041
65399 -99.24 76.82 9.79e-20 0.70898
63269 -6.11 50.90 9.68e-20 0.70669
63275 -4.48 49.24 9.12e-20 0.69490
64037 20.50 76.00 1.40e-19 0.77733
64034 20.50 78.00 1.41e-19 0.78054
64028 20.50 82.00 1.41e-19 0.78220
64031 20.50 80.00 1.42e-19 0.78228
64916 -10.90 69.01 1.40e-19 0.78092
64793 -11.53 62.26 1.30e-19 0.76640
64790 -17.07 60.82 1.23e-19 0.75477
64910 -24.30 65.88 1.29e-19 0.76541
64913 -18.05 67.59 1.36e-19 0.77531
64796 -5.47 63.42 1.35e-19 0.77417
65144 -55.70 70.89 1.14e-19 0.73958
64430 42.12 55.41 1.09e-19 0.73161
64433 46.66 53.94 1.01e-19 0.71470
64349 20.35 55.86 1.20e-19 0.75138
64352 25.62 55.44 1.18e-19 0.74705
64355 30.72 54.74 1.14e-19 0.73945
63383 65.50 62.76 1.12e-19 0.73611
63113 -138.30 76.00 7.88e-20 0.66649
64436 50.85 52.27 9.08e-20 0.69403
64334 -5.61 53.80 1.08e-19 0.72888
65504 -141.78 74.62 7.25e-20 0.65065
64331 -10.23 52.61 1.01e-19 0.71456
64328 -14.55 51.21 9.21e-20 0.69693
64169 15.00 41.00 6.34e-20 0.62620
64172 18.97 40.88 6.27e-20 0.62426
64175 6.71 43.52 7.25e-20 0.65091
64337 -0.72 54.74 1.14e-19 0.73945
64814 35.47 63.42 1.35e-19 0.77417
65147 -51.53 73.61 1.23e-19 0.75486
65249 96.90 68.78 9.79e-20 0.70900
64085 20.50 46.00 8.31e-20 0.67686
65336 -84.03 71.77 9.21e-20 0.69697
65252 98.64 65.84 8.69e-20 0.68548
65255 100.10 62.89 7.56e-20 0.65854
65330 -83.40 65.72 7.25e-20 0.65075
65333 -83.60 68.75 8.26e-20 0.67562
64418 20.81 58.85 1.29e-19 0.76545
64133 -154.30 79.50 9.02e-20 0.69269
65186 91.49 65.27 9.24e-20 0.69751
64136 -154.30 78.50 8.61e-20 0.68368
65183 88.92 68.10 1.04e-19 0.72035
65180 85.70 70.89 1.14e-19 0.73958
65192 95.42 59.53 6.90e-20 0.64151
65414 164.13 84.15 1.10e-19 0.73329
65432 121.61 68.04 7.36e-20 0.65355
65435 120.51 65.03 6.41e-20 0.62804
63263 -7.85 52.53 1.02e-19 0.71712
65429 123.21 71.02 8.26e-20 0.67570
65408 -134.13 84.15 1.10e-19 0.73329
63317 110.50 70.00 8.94e-20 0.69091
63311 115.98 69.92 8.45e-20 0.68012
65009 76.59 58.92 8.77e-20 0.68704
65015 -48.69 63.02 9.89e-20 0.71121
65012 -51.77 60.39 8.69e-20 0.68532
65528 -165.00 70.00 5.21e-20 0.59155
65531 -165.00 67.00 4.17e-20 0.55464
63413 52.73 55.69 1.02e-19 0.71657
64955 -46.59 58.92 8.77e-20 0.68704
64949 68.43 59.57 9.89e-20 0.71103
65111 57.58 76.63 1.38e-19 0.77881
65168 55.98 80.83 1.38e-19 0.77881
65108 46.27 78.38 1.41e-19 0.78192
65114 66.13 74.51 1.33e-19 0.77215
65117 72.61 72.15 1.27e-19 0.76157
64862 -0.65 67.20 1.41e-19 0.78191
64835 64.18 53.14 8.07e-20 0.67128
65456 -165.00 82.00 9.97e-20 0.71280
64469 -9.17 59.48 1.24e-19 0.75737
64475 2.41 61.35 1.33e-19 0.77217
64472 -3.56 60.56 1.30e-19 0.76639
65513 -177.19 75.64 7.47e-20 0.65622
65510 -165.00 76.00 7.54e-20 0.65821
65516 171.78 74.62 7.25e-20 0.65065
64451 -34.20 48.66 6.42e-20 0.62852
64454 -30.98 50.85 7.56e-20 0.65856
63905 -159.50 78.00 8.37e-20 0.67819
64289 24.88 52.47 1.08e-19 0.72852
64295 34.25 50.90 9.78e-20 0.70884
64292 29.66 51.81 1.04e-19 0.72043
64883 50.33 63.41 1.27e-19 0.76156
64880 44.43 64.97 1.33e-19 0.77220
65498 156.21 75.54 8.07e-20 0.67117
63584 -159.50 72.00 5.97e-20 0.61539
64886 55.56 61.63 1.18e-19 0.74706
64406 -2.00 57.66 1.23e-19 0.75483
65378 113.40 65.72 7.25e-20 0.65075
64403 -7.23 56.66 1.17e-19 0.74496
64400 -12.12 55.41 1.09e-19 0.73161
64223 -3.10 47.99 8.69e-20 0.68560
64220 -7.26 46.89 8.02e-20 0.66987
64118 -154.30 82.50 1.02e-19 0.71741
64121 -154.30 81.50 9.82e-20 0.70957
64226 1.25 48.86 9.24e-20 0.69764
64124 -154.30 80.50 9.42e-20 0.70133
63161 -58.62 69.66 1.08e-19 0.72908
