65006 73.24 61.42 1.20e-19 0.85747
65000 64.69 66.09 1.37e-19 0.85131
65003 69.32 63.82 1.29e-19 0.85293
63197 -35.09 66.19 1.37e-19 0.85130
64142 -154.30 75.50 9.91e-20 0.87734
63191 -39.22 67.15 1.36e-19 0.85144
65213 -57.99 77.44 1.39e-19 0.85145
65210 -61.92 74.59 1.33e-19 0.85170
65294 86.94 86.84 1.44e-19 0.85247
65291 15.00 89.00 1.44e-19 0.85274
65288 -56.94 86.84 1.44e-19 0.85247
65075 -57.47 61.57 1.08e-19 0.86755
62987 15.00 -74.00 -1.89e-20 -0.01892
65072 81.77 60.39 1.10e-19 0.86562
65486 -149.69 78.56 1.10e-19 0.86558
65069 78.69 63.02 1.19e-19 0.85800
65420 135.13 79.58 1.23e-19 0.85568
62981 15.00 -90.00 -2.94e-20 -0.02943
65483 -136.50 77.35 1.08e-19 0.86762
65156 -25.98 80.83 1.52e-19 0.85964
65426 125.59 73.95 1.13e-19 0.86288
65480 -126.21 75.54 1.05e-19 0.87076
63281 -2.95 47.55 1.08e-19 0.86687
63287 -1.51 45.84 1.03e-19 0.87237
65150 -45.89 76.23 1.44e-19 0.85265
65390 -91.61 68.04 9.88e-20 0.87769
63227 -18.77 60.10 1.35e-19 0.85145
65393 -93.21 71.02 1.06e-19 0.86925
65396 -95.59 73.95 1.13e-19 0.86288
63221 -21.51 61.46 1.37e-19 0.85134
63443 45.48 49.24 1.07e-19 0.86815
64046 20.50 70.00 1.60e-19 0.88264
64082 20.50 48.00 1.13e-19 0.86252
64043 20.50 72.00 1.61e-19 0.89170
64040 20.50 74.00 1.61e-19 0.89765
64781 -30.59 55.29 1.14e-19 0.86172
64778 -34.18 53.14 1.05e-19 0.87086
64784 -26.57 57.31 1.23e-19 0.85567
64079 20.50 50.00 1.20e-19 0.85773
64787 -22.08 59.16 1.31e-19 0.85218
64919 -2.88 70.09 1.58e-19 0.87244
64925 15.00 71.00 1.61e-19 0.88936
64922 5.86 70.77 1.60e-19 0.88311
64439 54.68 50.43 1.04e-19 0.87125
64445 61.37 46.31 8.58e-20 0.89676
64442 58.18 48.44 9.52e-20 0.88253
63119 -95.35 67.98 9.62e-20 0.88109
63125 -90.61 68.69 1.01e-19 0.87475
63377 68.74 63.99 1.30e-19 0.85264
64544 53.49 54.84 1.18e-19 0.85844
64187 23.29 43.52 9.79e-20 0.87895
64325 -18.58 49.61 1.06e-19 0.86913
63776 -159.50 74.00 9.37e-20 0.88460
64181 15.00 44.00 1.00e-19 0.87582
64178 10.84 43.88 9.97e-20 0.87660
64184 19.16 43.88 9.97e-20 0.87660
64013 -159.50 88.00 1.37e-19 0.85135
64250 37.26 46.89 1.04e-19 0.87116
64253 41.20 45.58 9.79e-20 0.87875
64073 20.50 54.00 1.31e-19 0.85216
64070 20.50 56.00 1.37e-19 0.85136
65246 94.74 71.70 1.26e-19 0.85397
65492 179.69 78.56 1.10e-19 0.86558
65243 91.92 74.59 1.33e-19 0.85170
65495 166.50 77.35 1.08e-19 0.86762
64076 20.50 52.00 1.26e-19 0.85428
65240 87.99 77.44 1.39e-19 0.85145
64208 23.74 46.51 1.08e-19 0.86765
64457 -27.42 52.92 1.10e-19 0.86566
65177 81.53 73.61 1.38e-19 0.85137
64166 11.03 40.88 8.95e-20 0.89069
64163 15.00 38.00 7.98e-20 0.90727
65171 67.87 78.68 1.49e-19 0.85570
64094 20.50 40.00 8.63e-20 0.89580
65174 75.89 76.23 1.44e-19 0.85265
64160 15.00 35.00 6.98e-20 0.92842
65387 -90.51 65.03 9.07e-20 0.88883
63257 -9.72 54.13 1.25e-19 0.85449
65297 96.36 83.93 1.42e-19 0.85182
63251 -11.73 55.69 1.29e-19 0.85313
65381 113.36 62.69 8.90e-20 0.89155
65384 113.42 59.64 7.99e-20 0.90736
65357 139.00 86.38 1.36e-19 0.85136
65348 -94.24 83.64 1.34e-19 0.85153
65351 -109.00 86.38 1.36e-19 0.85136
64091 20.50 42.00 9.32e-20 0.88527
65354 -165.00 88.00 1.37e-19 0.85135
63179 -48.39 68.69 1.32e-19 0.85203
63185 -43.65 67.98 1.34e-19 0.85160
63323 105.02 69.92 1.15e-19 0.86093
65342 -86.22 77.76 1.26e-19 0.85391
65345 -88.82 80.73 1.31e-19 0.85227
65339 -84.82 74.77 1.21e-19 0.85701
65045 15.00 77.00 1.61e-19 0.88936
65042 1.88 76.67 1.60e-19 0.88310
65039 -10.07 75.72 1.58e-19 0.87246
63407 54.89 57.20 1.24e-19 0.85507
65423 129.24 76.82 1.18e-19 0.85851
64823 52.08 59.16 1.31e-19 0.85218
65489 -165.00 79.00 1.10e-19 0.86509
64820 47.07 60.82 1.38e-19 0.85130
64967 -29.19 68.20 1.44e-19 0.85271
64964 -34.69 66.09 1.37e-19 0.85131
63401 57.23 58.68 1.26e-19 0.85418
63095 40.40 47.00 1.03e-19 0.87269
64961 -39.32 63.82 1.29e-19 0.85293
64958 -43.24 61.42 1.20e-19 0.85747
64826 56.57 57.31 1.23e-19 0.85567
65063 70.62 68.01 1.36e-19 0.85136
65126 84.80 64.32 1.17e-19 0.85934
65060 65.21 70.32 1.44e-19 0.85249
65123 81.58 67.01 1.26e-19 0.85399
65066 75.03 65.56 1.28e-19 0.85314
65120 77.61 69.63 1.34e-19 0.85154
64592 57.42 52.92 1.10e-19 0.86566
64499 49.14 56.59 1.26e-19 0.85388
65519 -154.87 72.69 8.95e-20 0.89056
65522 -165.00 73.00 9.01e-20 0.88982
65525 -175.13 72.69 8.95e-20 0.89056
63293 -0.15 44.10 9.80e-20 0.87879
64055 20.50 64.00 1.54e-19 0.86129
64052 20.50 66.00 1.56e-19 0.86711
64466 -14.37 58.15 1.33e-19 0.85172
64049 20.50 68.00 1.58e-19 0.87426
64463 -19.14 56.59 1.26e-19 0.85388
64460 -23.49 54.84 1.18e-19 0.85844
64889 60.17 59.65 1.26e-19 0.85403
64895 67.82 55.26 1.08e-19 0.86747
64892 64.24 57.52 1.17e-19 0.85928
65225 -22.03 85.01 1.50e-19 0.85644
64376 58.87 43.83 7.99e-20 0.90737
64004 -159.50 82.00 1.20e-19 0.85745
64370 52.30 47.83 9.79e-20 0.87869
64007 -159.50 84.00 1.26e-19 0.85409
64373 55.72 45.90 8.90e-20 0.89141
64229 5.74 49.49 1.17e-19 0.85933
64235 15.00 50.00 1.20e-19 0.85750
64232 10.34 49.87 1.19e-19 0.85789
64109 -154.30 85.50 1.31e-19 0.85241
64115 -154.30 83.50 1.25e-19 0.85472
64112 -154.30 84.50 1.28e-19 0.85340
63809 -159.50 76.00 1.00e-19 0.87568
64283 15.00 53.00 1.29e-19 0.85293
64280 10.03 52.87 1.28e-19 0.85326
64286 19.97 52.87 1.28e-19 0.85326
65312 105.25 69.00 1.13e-19 0.86286
65315 106.03 66.00 1.04e-19 0.87132
65309 104.36 72.00 1.21e-19 0.85705
65306 103.29 74.99 1.28e-19 0.85342
65198 -70.10 62.89 1.00e-19 0.87554
65201 -68.64 65.84 1.10e-19 0.86560
65204 -66.90 68.78 1.18e-19 0.85852
65207 -64.74 71.70 1.26e-19 0.85397
65300 99.91 80.96 1.38e-19 0.85134
65303 101.91 77.98 1.33e-19 0.85170
65078 -54.80 64.32 1.17e-19 0.85934
65081 -51.58 67.01 1.26e-19 0.85399
65411 -165.00 85.00 1.29e-19 0.85293
65084 -47.61 69.63 1.34e-19 0.85154
65087 -42.61 72.15 1.42e-19 0.85181
64859 -7.85 66.25 1.52e-19 0.85968
64865 7.04 67.80 1.58e-19 0.87247
65417 145.34 82.12 1.26e-19 0.85405
63329 99.62 69.66 1.19e-19 0.85840
63335 94.39 69.25 1.21e-19 0.85657
63449 43.95 47.55 1.03e-19 0.87294
63455 42.51 45.84 9.80e-20 0.87884
64994 52.64 70.09 1.50e-19 0.85710
64988 35.87 72.94 1.59e-19 0.87530
64991 44.88 71.70 1.55e-19 0.86461
63215 -24.50 62.76 1.38e-19 0.85130
65153 -37.87 78.68 1.49e-19 0.85570
64997 59.19 68.20 1.44e-19 0.85271
63209 -27.74 63.99 1.38e-19 0.85135
64934 40.90 69.01 1.55e-19 0.86314
64016 14.04 90.00 1.42e-19 0.85195
64931 32.88 70.09 1.58e-19 0.87244
63431 48.85 52.53 1.15e-19 0.86101
64928 24.14 70.77 1.60e-19 0.88311
64010 -159.50 86.00 1.32e-19 0.85207
63473 -159.50 70.00 8.00e-20 0.90700
64937 48.05 67.59 1.50e-19 0.85641
63437 47.11 50.90 1.11e-19 0.86418
65132 -65.42 59.53 9.49e-20 0.88280
65135 -63.62 62.41 1.05e-19 0.87068
65129 87.47 61.57 1.08e-19 0.86755
64772 64.20 48.66 9.08e-20 0.88866
64775 -37.39 50.87 9.49e-20 0.88300
64415 15.00 59.00 1.44e-19 0.85274
64412 9.19 58.85 1.44e-19 0.85248
64409 3.49 58.40 1.42e-19 0.85184
63137 -80.38 69.66 1.11e-19 0.86447
63131 -85.61 69.25 1.06e-19 0.86911
64316 -22.30 47.83 9.79e-20 0.87869
64313 -25.72 45.90 8.90e-20 0.89141
64310 -28.87 43.83 7.99e-20 0.90737
63155 -64.02 69.92 1.23e-19 0.85563
63149 -69.50 70.00 1.19e-19 0.85785
64259 -20.22 45.15 9.07e-20 0.88885
64265 -12.75 48.42 1.06e-19 0.86911
64262 -16.62 46.88 9.88e-20 0.87780
65327 -83.36 62.69 8.90e-20 0.89155
57281 15.00 -74.00 -1.89e-20 -0.01892
64100 -154.30 88.50 1.39e-19 0.85138
64103 -154.30 87.50 1.36e-19 0.85140
65237 82.04 80.22 1.44e-19 0.85266
65234 71.87 82.83 1.48e-19 0.85463
64106 -154.30 86.50 1.33e-19 0.85175
65231 52.03 85.01 1.50e-19 0.85644
65228 15.00 86.00 1.50e-19 0.85714
65267 -76.03 66.00 1.04e-19 0.87132
64088 20.50 44.00 1.00e-19 0.87625
64193 2.01 45.89 1.05e-19 0.87067
64190 -2.11 45.05 1.01e-19 0.87569
64157 -154.30 77.50 1.06e-19 0.86961
64154 -154.30 71.50 8.55e-20 0.89721
64151 -154.30 72.50 8.89e-20 0.89167
64148 -154.30 73.50 9.23e-20 0.88652
64196 6.26 46.51 1.08e-19 0.86765
64982 15.00 74.00 1.61e-19 0.90706
64985 25.77 73.73 1.61e-19 0.88936
65369 114.82 74.77 1.21e-19 0.85701
64979 4.23 73.73 1.61e-19 0.88936
65375 113.60 68.75 1.06e-19 0.86918
65372 114.03 71.77 1.14e-19 0.86207
65366 116.22 77.76 1.26e-19 0.85391
65360 124.24 83.64 1.34e-19 0.85153
65363 118.82 80.73 1.31e-19 0.85227
65459 174.45 81.43 1.19e-19 0.85800
65462 158.42 79.90 1.17e-19 0.85931
65465 147.41 77.77 1.14e-19 0.86182
63173 -53.39 69.25 1.30e-19 0.85273
65036 -20.23 74.26 1.55e-19 0.86314
65270 -75.25 69.00 1.13e-19 0.86286
65273 -74.36 72.00 1.21e-19 0.85705
64952 71.94 57.20 1.10e-19 0.86566
65276 -73.29 74.99 1.28e-19 0.85342
65030 -35.21 70.32 1.44e-19 0.85249
65033 -28.52 72.43 1.50e-19 0.85643
64808 22.07 64.82 1.55e-19 0.86316
64811 28.94 64.29 1.52e-19 0.85968
65501 148.54 73.33 1.00e-19 0.87559
63353 80.22 67.15 1.28e-19 0.85348
64817 41.53 62.26 1.44e-19 0.85271
63389 62.51 61.46 1.29e-19 0.85294
63395 59.77 60.10 1.28e-19 0.85341
65507 -152.81 75.64 9.97e-20 0.87645
65054 50.23 74.26 1.55e-19 0.86314
65096 -16.27 78.38 1.56e-19 0.86616
65051 40.07 75.72 1.58e-19 0.87246
65048 28.12 76.67 1.60e-19 0.88310
65090 -36.13 74.51 1.48e-19 0.85461
65093 -27.58 76.63 1.52e-19 0.85964
65057 58.52 72.43 1.50e-19 0.85643
64496 44.37 58.15 1.33e-19 0.85172
64490 33.56 60.56 1.44e-19 0.85269
64493 39.17 59.48 1.39e-19 0.85144
63305 121.38 69.66 1.04e-19 0.87189
63299 126.61 69.25 9.92e-20 0.87723
64058 20.50 62.00 1.50e-19 0.85682
64061 20.50 60.00 1.46e-19 0.85368
64067 20.50 58.00 1.42e-19 0.85186
64802 7.93 64.82 1.55e-19 0.86316
64805 15.00 65.00 1.55e-19 0.86461
64799 1.06 64.29 1.52e-19 0.85968
64907 -29.72 63.95 1.36e-19 0.85138
64904 -34.39 61.83 1.28e-19 0.85315
64898 -41.94 57.20 1.10e-19 0.86566
64901 -38.43 59.57 1.19e-19 0.85786
64829 60.59 55.29 1.14e-19 0.86172
64379 -31.37 46.31 8.58e-20 0.89676
64367 48.58 49.61 1.06e-19 0.86913
64364 44.55 51.21 1.14e-19 0.86204
64361 40.23 52.61 1.21e-19 0.85701
64358 35.61 53.80 1.26e-19 0.85401
63371 72.27 65.14 1.30e-19 0.85273
63101 -146.50 74.10 9.53e-20 0.88228
63107 41.70 76.00 1.58e-19 0.87091
63968 -159.50 80.00 1.14e-19 0.86214
64343 9.65 55.86 1.36e-19 0.85140
63365 76.09 66.19 1.29e-19 0.85292
64247 33.10 47.99 1.10e-19 0.86570
64340 4.38 55.44 1.34e-19 0.85162
64244 28.75 48.86 1.14e-19 0.86185
64238 19.66 49.87 1.19e-19 0.85789
64346 15.00 56.00 1.37e-19 0.85135
64241 24.26 49.49 1.17e-19 0.85933
64268 -8.62 49.77 1.13e-19 0.86288
64271 -4.25 50.90 1.18e-19 0.85839
64274 0.34 51.81 1.23e-19 0.85570
64277 5.12 52.47 1.26e-19 0.85409
65264 -76.74 62.99 9.52e-20 0.88252
65261 -77.40 59.97 8.58e-20 0.89675
65258 101.35 59.93 9.08e-20 0.88865
65324 -83.42 59.64 7.99e-20 0.90736
65321 107.40 59.97 8.58e-20 0.89675
65318 106.74 62.99 9.52e-20 0.88252
64145 -154.30 74.50 9.57e-20 0.88175
65189 93.62 62.41 1.05e-19 0.87068
65195 -71.35 59.93 9.08e-20 0.88865
64139 -154.30 76.50 1.02e-19 0.87330
65441 -105.01 72.61 1.04e-19 0.87125
65438 -101.49 69.80 9.79e-20 0.87883
65444 -110.04 75.29 1.10e-19 0.86564
65447 -117.41 77.77 1.14e-19 0.86182
63341 89.39 68.69 1.24e-19 0.85521
63347 84.65 67.98 1.26e-19 0.85415
65018 -45.03 65.56 1.28e-19 0.85314
65027 -40.62 68.01 1.36e-19 0.85136
65159 -8.31 82.40 1.55e-19 0.86315
63239 -16.23 58.68 1.34e-19 0.85174
63245 -13.89 57.20 1.31e-19 0.85213
65165 38.31 82.40 1.55e-19 0.86315
63419 50.72 54.13 1.18e-19 0.85856
64943 59.72 63.95 1.36e-19 0.85138
64946 64.39 61.83 1.28e-19 0.85315
64847 -30.17 59.65 1.26e-19 0.85403
65141 -58.92 68.10 1.23e-19 0.85564
65138 -61.49 65.27 1.14e-19 0.86175
64838 67.39 50.87 9.49e-20 0.88300
64841 -37.82 55.26 1.08e-19 0.86747
64844 -34.24 57.52 1.17e-19 0.85928
64478 8.63 61.84 1.50e-19 0.85645
64481 15.00 62.00 1.50e-19 0.85714
64484 21.37 61.84 1.50e-19 0.85645
64487 27.59 61.35 1.48e-19 0.85463
64421 26.51 58.40 1.42e-19 0.85184
64424 32.00 57.66 1.38e-19 0.85134
64853 -20.33 63.41 1.42e-19 0.85180
64850 -25.56 61.63 1.34e-19 0.85162
64856 -14.43 64.97 1.48e-19 0.85465
63143 -74.98 69.92 1.15e-19 0.86091
64307 50.22 45.15 9.07e-20 0.88885
64298 38.62 49.77 1.13e-19 0.86288
64301 42.75 48.42 1.06e-19 0.86911
64304 46.62 46.88 9.88e-20 0.87780
64874 30.65 67.20 1.56e-19 0.86614
64868 15.00 68.00 1.59e-19 0.87529
64871 22.96 67.80 1.58e-19 0.87247
64877 37.85 66.25 1.52e-19 0.85968
64022 20.50 86.00 1.50e-19 0.85709
64025 20.50 84.00 1.54e-19 0.86165
64397 -16.66 53.94 1.21e-19 0.85712
64019 20.50 88.00 1.47e-19 0.85386
64394 -20.85 52.27 1.13e-19 0.86286
64388 -28.18 48.44 9.52e-20 0.88253
64391 -24.68 50.43 1.04e-19 0.87125
64214 32.11 45.05 1.01e-19 0.87569
64097 -154.30 89.50 1.41e-19 0.85168
64211 27.99 45.89 1.05e-19 0.87067
65219 -52.04 80.22 1.44e-19 0.85266
64217 -11.20 45.58 9.79e-20 0.87875
65222 -41.87 82.83 1.48e-19 0.85463
64427 37.23 56.66 1.33e-19 0.85174
64199 10.61 46.88 1.10e-19 0.86580
64202 15.00 47.00 1.10e-19 0.86509
64205 19.39 46.88 1.10e-19 0.86580
64976 -5.87 72.94 1.59e-19 0.87530
64973 -14.88 71.70 1.55e-19 0.86461
64970 -22.64 70.09 1.50e-19 0.85710
65450 -128.42 79.90 1.17e-19 0.85931
65453 -144.45 81.43 1.19e-19 0.85800
65162 15.00 83.00 1.55e-19 0.86461
63203 -31.27 65.14 1.38e-19 0.85135
65279 -71.91 77.98 1.33e-19 0.85170
65285 -66.36 83.93 1.42e-19 0.85182
65282 -69.91 80.96 1.38e-19 0.85134
65471 135.01 72.61 1.04e-19 0.87125
65468 140.04 75.29 1.10e-19 0.86564
65474 131.49 69.80 9.79e-20 0.87883
65477 -118.54 73.33 1.00e-19 0.87559
62993 15.00 -90.00 -2.94e-20 -0.02943
64940 54.30 65.88 1.44e-19 0.85244
65099 -1.81 79.57 1.58e-19 0.87246
65105 31.81 79.57 1.58e-19 0.87246
65102 15.00 80.00 1.59e-19 0.87529
64688 60.98 50.85 1.00e-19 0.87556
65405 -115.34 82.12 1.26e-19 0.85405
65402 -105.13 79.58 1.23e-19 0.85568
65399 -99.24 76.82 1.18e-19 0.85851
63269 -6.11 50.90 1.18e-19 0.85905
63275 -4.48 49.24 1.13e-19 0.86253
64037 20.50 76.00 1.61e-19 0.89231
64034 20.50 78.00 1.60e-19 0.88326
64028 20.50 82.00 1.56e-19 0.86756
64031 20.50 80.00 1.59e-19 0.87481
64916 -10.90 69.01 1.55e-19 0.86314
64793 -11.53 62.26 1.44e-19 0.85271
64790 -17.07 60.82 1.38e-19 0.85130
64910 -24.30 65.88 1.44e-19 0.85244
64913 -18.05 67.59 1.50e-19 0.85641
64796 -5.47 63.42 1.49e-19 0.85567
65144 -55.70 70.89 1.31e-19 0.85230
64430 42.12 55.41 1.28e-19 0.85350
64433 46.66 53.94 1.21e-19 0.85712
64349 20.35 55.86 1.36e-19 0.85140
64352 25.62 55.44 1.34e-19 0.85162
64355 30.72 54.74 1.31e-19 0.85220
63383 65.50 62.76 1.30e-19 0.85267
63113 -138.30 76.00 1.03e-19 0.87255
64436 50.85 52.27 1.13e-19 0.86286
64334 -5.61 53.80 1.26e-19 0.85401
65504 -141.78 74.62 9.79e-20 0.87873
64331 -10.23 52.61 1.21e-19 0.85701
64328 -14.55 51.21 1.14e-19 0.86204
64169 15.00 41.00 9.01e-20 0.88982
64172 18.97 40.88 8.95e-20 0.89069
64175 6.71 43.52 9.79e-20 0.87895
64337 -0.72 54.74 1.31e-19 0.85220
64814 35.47 63.42 1.49e-19 0.85567
65147 -51.53 73.61 1.38e-19 0.85137
65249 96.90 68.78 1.18e-19 0.85852
64085 20.50 46.00 1.07e-19 0.86868
65336 -84.03 71.77 1.14e-19 0.86207
65252 98.64 65.84 1.10e-19 0.86560
65255 100.10 62.89 1.00e-19 0.87554
65330 -83.40 65.72 9.79e-20 0.87881
65333 -83.60 68.75 1.06e-19 0.86918
64418 20.81 58.85 1.44e-19 0.85248
64133 -154.30 79.50 1.12e-19 0.86329
65186 91.49 65.27 1.14e-19 0.86175
64136 -154.30 78.50 1.09e-19 0.86628
65183 88.92 68.10 1.23e-19 0.85564
65180 85.70 70.89 1.31e-19 0.85230
65192 95.42 59.53 9.49e-20 0.88280
65414 164.13 84.15 1.28e-19 0.85327
65432 121.61 68.04 9.88e-20 0.87769
65435 120.51 65.03 9.07e-20 0.88883
63263 -7.85 52.53 1.22e-19 0.85639
65429 123.21 71.02 1.06e-19 0.86925
65408 -134.13 84.15 1.28e-19 0.85327
63317 110.50 70.00 1.12e-19 0.86386
63311 115.98 69.92 1.08e-19 0.86766
65009 76.59 58.92 1.10e-19 0.86497
65015 -48.69 63.02 1.19e-19 0.85800
65012 -51.77 60.39 1.10e-19 0.86562
65528 -165.00 70.00 7.98e-20 0.90727
65531 -165.00 67.00 6.98e-20 0.92842
63413 52.73 55.69 1.21e-19 0.85664
64955 -46.59 58.92 1.10e-19 0.86497
64949 68.43 59.57 1.19e-19 0.85786
65111 57.58 76.63 1.52e-19 0.85964
65168 55.98 80.83 1.52e-19 0.85964
65108 46.27 78.38 1.56e-19 0.86616
65114 66.13 74.51 1.48e-19 0.85461
65117 72.61 72.15 1.42e-19 0.85181
64862 -0.65 67.20 1.56e-19 0.86614
64835 64.18 53.14 1.05e-19 0.87086
65456 -165.00 82.00 1.20e-19 0.85750
64469 -9.17 59.48 1.39e-19 0.85144
64475 2.41 61.35 1.48e-19 0.85463
64472 -3.56 60.56 1.44e-19 0.85269
65513 -177.19 75.64 9.97e-20 0.87645
65510 -165.00 76.00 1.00e-19 0.87582
65516 171.78 74.62 9.79e-20 0.87873
64451 -34.20 48.66 9.08e-20 0.88866
64454 -30.98 50.85 1.00e-19 0.87556
63905 -159.50 78.00 1.07e-19 0.86821
64289 24.88 52.47 1.26e-19 0.85409
64295 34.25 50.90 1.18e-19 0.85839
64292 29.66 51.81 1.23e-19 0.85570
64883 50.33 63.41 1.42e-19 0.85180
64880 44.43 64.97 1.48e-19 0.85465
65498 156.21 75.54 1.05e-19 0.87076
63584 -159.50 72.00 8.68e-20 0.89502
64886 55.56 61.63 1.34e-19 0.85162
64406 -2.00 57.66 1.38e-19 0.85134
65378 113.40 65.72 9.79e-20 0.87881
64403 -7.23 56.66 1.33e-19 0.85174
64400 -12.12 55.41 1.28e-19 0.85350
64223 -3.10 47.99 1.10e-19 0.86570
64220 -7.26 46.89 1.04e-19 0.87116
64118 -154.30 82.50 1.22e-19 0.85636
64121 -154.30 81.50 1.19e-19 0.85834
64226 1.25 48.86 1.14e-19 0.86185
64124 -154.30 80.50 1.16e-19 0.86065
63161 -58.62 69.66 1.27e-19 0.85385
