65006 73.24 61.42 1.13e-19 0.80846
65000 64.69 66.09 1.33e-19 0.82701
65003 69.32 63.82 1.24e-19 0.81902
63197 -35.09 66.19 1.33e-19 0.82692
64142 -154.30 75.50 8.79e-20 0.77806
63191 -39.22 67.15 1.32e-19 0.82597
65213 -57.99 77.44 1.36e-19 0.82897
65210 -61.92 74.59 1.29e-19 0.82364
65294 86.94 86.84 1.40e-19 0.83213
65291 15.00 89.00 1.41e-19 0.83257
65288 -56.94 86.84 1.40e-19 0.83213
65075 -57.47 61.57 9.84e-20 0.79181
62987 15.00 -74.00 3.52e-20 0.03518
65072 81.77 60.39 1.01e-19 0.79449
65486 -149.69 78.56 1.01e-19 0.79444
65069 78.69 63.02 1.12e-19 0.80775
65420 135.13 79.58 1.17e-19 0.81223
62981 15.00 -90.00 9.30e-20 0.09301
65483 -136.50 77.35 9.84e-20 0.79189
65156 -25.98 80.83 1.48e-19 0.83597
65426 125.59 73.95 1.05e-19 0.79906
65480 -126.21 75.54 9.47e-20 0.78706
63281 -2.95 47.55 9.91e-20 0.79257
63287 -1.51 45.84 9.30e-20 0.78500
65150 -45.89 76.23 1.41e-19 0.83244
65390 -91.61 68.04 8.75e-20 0.77755
63227 -18.77 60.10 1.31e-19 0.82556
65393 -93.21 71.02 9.65e-20 0.78953
65396 -95.59 73.95 1.05e-19 0.79906
63221 -21.51 61.46 1.33e-19 0.82672
63443 45.48 49.24 9.76e-20 0.79073
64046 20.50 70.00 1.51e-19 0.83145
64082 20.50 48.00 1.05e-19 0.79960
64043 20.50 72.00 1.49e-19 0.82812
64040 20.50 74.00 1.48e-19 0.82574
64781 -30.59 55.29 1.06e-19 0.80076
64778 -34.18 53.14 9.47e-20 0.78718
64784 -26.57 57.31 1.17e-19 0.81220
64079 20.50 50.00 1.13e-19 0.80804
64787 -22.08 59.16 1.26e-19 0.82112
64919 -2.88 70.09 1.51e-19 0.83449
64925 15.00 71.00 1.50e-19 0.82902
64922 5.86 70.77 1.51e-19 0.83128
64439 54.68 50.43 9.42e-20 0.78644
64445 61.37 46.31 7.21e-20 0.75420
64442 58.18 48.44 8.33e-20 0.77160
63119 -95.35 67.98 8.44e-20 0.77316
63125 -90.61 68.69 9.06e-20 0.78183
63377 68.74 63.99 1.25e-19 0.81991
64544 53.49 54.84 1.11e-19 0.80652
64187 23.29 43.52 8.65e-20 0.77616
64325 -18.58 49.61 9.65e-20 0.78938
63776 -159.50 74.00 8.14e-20 0.76875
64181 15.00 44.00 8.94e-20 0.78009
64178 10.84 43.88 8.86e-20 0.77913
64184 19.16 43.88 8.86e-20 0.77913
64013 -159.50 88.00 1.33e-19 0.82708
64250 37.26 46.89 9.42e-20 0.78634
64253 41.20 45.58 8.64e-20 0.77592
64073 20.50 54.00 1.27e-19 0.82163
64070 20.50 56.00 1.33e-19 0.82676
65246 94.74 71.70 1.21e-19 0.81627
65492 179.69 78.56 1.01e-19 0.79444
65243 91.92 74.59 1.29e-19 0.82364
65495 166.50 77.35 9.84e-20 0.79189
64076 20.50 52.00 1.20e-19 0.81539
65240 87.99 77.44 1.36e-19 0.82897
64208 23.74 46.51 9.84e-20 0.79193
64457 -27.42 52.92 1.01e-19 0.79464
65177 81.53 73.61 1.34e-19 0.82794
64166 11.03 40.88 7.65e-20 0.76123
64163 15.00 38.00 6.53e-20 0.74232
65171 67.87 78.68 1.45e-19 0.83500
64094 20.50 40.00 7.28e-20 0.75526
65174 75.89 76.23 1.41e-19 0.83244
64160 15.00 35.00 5.41e-20 0.72009
65387 -90.51 65.03 7.79e-20 0.76334
63257 -9.72 54.13 1.20e-19 0.81505
65297 96.36 83.93 1.38e-19 0.83065
63251 -11.73 55.69 1.23e-19 0.81868
65381 113.36 62.69 7.60e-20 0.76048
65384 113.42 59.64 6.53e-20 0.74242
65357 139.00 86.38 1.32e-19 0.82644
65348 -94.24 83.64 1.30e-19 0.82453
65351 -109.00 86.38 1.32e-19 0.82644
64091 20.50 42.00 8.08e-20 0.76790
65354 -165.00 88.00 1.33e-19 0.82706
63179 -48.39 68.69 1.28e-19 0.82235
63185 -43.65 67.98 1.30e-19 0.82440
63323 105.02 69.92 1.08e-19 0.80250
65342 -86.22 77.76 1.21e-19 0.81619
65345 -88.82 80.73 1.26e-19 0.82122
65339 -84.82 74.77 1.14e-19 0.80934
65045 15.00 77.00 1.50e-19 0.82902
65042 1.88 76.67 1.51e-19 0.83129
65039 -10.07 75.72 1.51e-19 0.83449
63407 54.89 57.20 1.18e-19 0.81331
65423 129.24 76.82 1.11e-19 0.80660
64823 52.08 59.16 1.26e-19 0.82112
65489 -165.00 79.00 1.01e-19 0.79550
64820 47.07 60.82 1.34e-19 0.82786
64967 -29.19 68.20 1.41e-19 0.83254
64964 -34.69 66.09 1.33e-19 0.82701
63401 57.23 58.68 1.20e-19 0.81591
63095 40.40 47.00 9.26e-20 0.78438
64961 -39.32 63.82 1.24e-19 0.81902
64958 -43.24 61.42 1.13e-19 0.80846
64826 56.57 57.31 1.17e-19 0.81220
65063 70.62 68.01 1.32e-19 0.82644
65126 84.80 64.32 1.10e-19 0.80519
65060 65.21 70.32 1.40e-19 0.83215
65123 81.58 67.01 1.21e-19 0.81603
65066 75.03 65.56 1.23e-19 0.81824
65120 77.61 69.63 1.30e-19 0.82454
64592 57.42 52.92 1.01e-19 0.79464
64499 49.14 56.59 1.21e-19 0.81617
65519 -154.87 72.69 7.65e-20 0.76107
65522 -165.00 73.00 7.72e-20 0.76234
65525 -175.13 72.69 7.65e-20 0.76107
63293 -0.15 44.10 8.66e-20 0.77634
64055 20.50 64.00 1.49e-19 0.83607
64052 20.50 66.00 1.51e-19 0.83559
64466 -14.37 58.15 1.29e-19 0.82366
64049 20.50 68.00 1.51e-19 0.83403
64463 -19.14 56.59 1.21e-19 0.81617
64460 -23.49 54.84 1.11e-19 0.80652
64889 60.17 59.65 1.21e-19 0.81608
64895 67.82 55.26 9.84e-20 0.79172
64892 64.24 57.52 1.10e-19 0.80511
65225 -22.03 85.01 1.46e-19 0.83532
64376 58.87 43.83 6.53e-20 0.74243
64004 -159.50 82.00 1.13e-19 0.80859
64370 52.30 47.83 8.64e-20 0.77585
64007 -159.50 84.00 1.20e-19 0.81586
64373 55.72 45.90 7.59e-20 0.76031
64229 5.74 49.49 1.10e-19 0.80517
64235 15.00 50.00 1.13e-19 0.80849
64232 10.34 49.87 1.12e-19 0.80761
64109 -154.30 85.50 1.26e-19 0.82072
64115 -154.30 83.50 1.19e-19 0.81435
64112 -154.30 84.50 1.22e-19 0.81767
63809 -159.50 76.00 8.95e-20 0.78029
64283 15.00 53.00 1.24e-19 0.81903
64280 10.03 52.87 1.23e-19 0.81839
64286 19.97 52.87 1.23e-19 0.81839
65312 105.25 69.00 1.05e-19 0.79903
65315 106.03 66.00 9.42e-20 0.78652
65309 104.36 72.00 1.14e-19 0.80939
65306 103.29 74.99 1.22e-19 0.81750
65198 -70.10 62.89 8.95e-20 0.78022
65201 -68.64 65.84 1.01e-19 0.79458
65204 -66.90 68.78 1.11e-19 0.80662
65207 -64.74 71.70 1.21e-19 0.81627
65300 99.91 80.96 1.34e-19 0.82790
65303 101.91 77.98 1.29e-19 0.82364
65078 -54.80 64.32 1.10e-19 0.80519
65081 -51.58 67.01 1.21e-19 0.81603
65411 -165.00 85.00 1.24e-19 0.81903
65084 -47.61 69.63 1.30e-19 0.82454
65087 -42.61 72.15 1.38e-19 0.83064
64859 -7.85 66.25 1.48e-19 0.83601
64865 7.04 67.80 1.51e-19 0.83449
65417 145.34 82.12 1.21e-19 0.81611
63329 99.62 69.66 1.11e-19 0.80664
63335 94.39 69.25 1.15e-19 0.81032
63449 43.95 47.55 9.22e-20 0.78382
63455 42.51 45.84 8.66e-20 0.77628
64994 52.64 70.09 1.47e-19 0.83549
64988 35.87 72.94 1.51e-19 0.83374
64991 44.88 71.70 1.50e-19 0.83592
63215 -24.50 62.76 1.34e-19 0.82741
65153 -37.87 78.68 1.45e-19 0.83500
64997 59.19 68.20 1.41e-19 0.83254
63209 -27.74 63.99 1.34e-19 0.82773
64934 40.90 69.01 1.50e-19 0.83601
64016 14.04 90.00 1.39e-19 0.83102
64931 32.88 70.09 1.51e-19 0.83449
63431 48.85 52.53 1.07e-19 0.80203
64928 24.14 70.77 1.51e-19 0.83128
64010 -159.50 86.00 1.27e-19 0.82203
63473 -159.50 70.00 6.55e-20 0.74261
64937 48.05 67.59 1.46e-19 0.83529
63437 47.11 50.90 1.03e-19 0.79676
65132 -65.42 59.53 8.29e-20 0.77090
65135 -63.62 62.41 9.47e-20 0.78697
65129 87.47 61.57 9.84e-20 0.79181
64772 64.20 48.66 7.81e-20 0.76363
64775 -37.39 50.87 8.29e-20 0.77114
64415 15.00 59.00 1.41e-19 0.83257
64412 9.19 58.85 1.40e-19 0.83213
64409 3.49 58.40 1.38e-19 0.83067
63137 -80.38 69.66 1.02e-19 0.79618
63131 -85.61 69.25 9.65e-20 0.78935
64316 -22.30 47.83 8.64e-20 0.77585
64313 -25.72 45.90 7.59e-20 0.76031
64310 -28.87 43.83 6.53e-20 0.74243
63155 -64.02 69.92 1.17e-19 0.81253
63149 -69.50 70.00 1.12e-19 0.80781
64259 -20.22 45.15 7.79e-20 0.76336
64265 -12.75 48.42 9.65e-20 0.78937
64262 -16.62 46.88 8.76e-20 0.77767
65327 -83.36 62.69 7.60e-20 0.76048
57281 15.00 -74.00 3.52e-20 0.03518
64100 -154.30 88.50 1.35e-19 0.82821
64103 -154.30 87.50 1.32e-19 0.82599
65237 82.04 80.22 1.41e-19 0.83245
65234 71.87 82.83 1.44e-19 0.83441
64106 -154.30 86.50 1.29e-19 0.82349
65231 52.03 85.01 1.46e-19 0.83532
65228 15.00 86.00 1.47e-19 0.83552
65267 -76.03 66.00 9.42e-20 0.78652
64088 20.50 44.00 8.90e-20 0.77952
64193 2.01 45.89 9.47e-20 0.78695
64190 -2.11 45.05 8.96e-20 0.78040
64157 -154.30 77.50 9.60e-20 0.78873
64154 -154.30 71.50 7.18e-20 0.75364
64151 -154.30 72.50 7.58e-20 0.76012
64148 -154.30 73.50 7.98e-20 0.76636
64196 6.26 46.51 9.84e-20 0.79193
64982 15.00 74.00 1.46e-19 0.82175
64985 25.77 73.73 1.50e-19 0.82902
65369 114.82 74.77 1.14e-19 0.80934
64979 4.23 73.73 1.50e-19 0.82902
65375 113.60 68.75 9.65e-20 0.78945
65372 114.03 71.77 1.06e-19 0.80059
65366 116.22 77.76 1.21e-19 0.81619
65360 124.24 83.64 1.30e-19 0.82453
65363 118.82 80.73 1.26e-19 0.82122
65459 174.45 81.43 1.12e-19 0.80774
65462 158.42 79.90 1.10e-19 0.80514
65465 147.41 77.77 1.06e-19 0.80088
63173 -53.39 69.25 1.25e-19 0.81966
65036 -20.23 74.26 1.50e-19 0.83602
65270 -75.25 69.00 1.05e-19 0.79903
65273 -74.36 72.00 1.14e-19 0.80939
64952 71.94 57.20 1.01e-19 0.79454
65276 -73.29 74.99 1.22e-19 0.81750
65030 -35.21 70.32 1.40e-19 0.83215
65033 -28.52 72.43 1.46e-19 0.83531
64808 22.07 64.82 1.50e-19 0.83603
64811 28.94 64.29 1.48e-19 0.83600
65501 148.54 73.33 8.96e-20 0.78028
63353 80.22 67.15 1.22e-19 0.81763
64817 41.53 62.26 1.41e-19 0.83249
63005 15.00 -90.00 9.30e-20 0.09301
63389 62.51 61.46 1.24e-19 0.81891
62999 15.00 -74.00 3.52e-20 0.03518
63395 59.77 60.10 1.22e-19 0.81767
65507 -152.81 75.64 8.86e-20 0.77895
65054 50.23 74.26 1.50e-19 0.83602
65096 -16.27 78.38 1.50e-19 0.83573
65051 40.07 75.72 1.51e-19 0.83449
65048 28.12 76.67 1.51e-19 0.83129
65090 -36.13 74.51 1.44e-19 0.83440
65093 -27.58 76.63 1.48e-19 0.83598
65057 58.52 72.43 1.46e-19 0.83531
64496 44.37 58.15 1.29e-19 0.82366
64490 33.56 60.56 1.41e-19 0.83248
64493 39.17 59.48 1.36e-19 0.82896
63017 15.00 -90.00 9.30e-20 0.09301
63305 121.38 69.66 9.33e-20 0.78517
63011 15.00 -74.00 3.52e-20 0.03518
63299 126.61 69.25 8.79e-20 0.77809
64058 20.50 62.00 1.46e-19 0.83543
64061 20.50 60.00 1.43e-19 0.83367
64067 20.50 58.00 1.38e-19 0.83078
64802 7.93 64.82 1.50e-19 0.83603
64805 15.00 65.00 1.50e-19 0.83592
64799 1.06 64.29 1.48e-19 0.83600
64907 -29.72 63.95 1.32e-19 0.82646
64904 -34.39 61.83 1.23e-19 0.81825
64898 -41.94 57.20 1.01e-19 0.79454
64901 -38.43 59.57 1.12e-19 0.80758
64829 60.59 55.29 1.06e-19 0.80076
64379 -31.37 46.31 7.21e-20 0.75420
64367 48.58 49.61 9.65e-20 0.78938
64364 44.55 51.21 1.06e-19 0.80054
64361 40.23 52.61 1.14e-19 0.80934
64358 35.61 53.80 1.21e-19 0.81631
63371 72.27 65.14 1.25e-19 0.81965
63101 -146.50 74.10 8.34e-20 0.77166
63107 41.70 76.00 1.51e-19 0.83486
63968 -159.50 80.00 1.06e-19 0.80023
64343 9.65 55.86 1.32e-19 0.82648
63365 76.09 66.19 1.24e-19 0.81879
64247 33.10 47.99 1.01e-19 0.79470
64340 4.38 55.44 1.30e-19 0.82462
64244 28.75 48.86 1.06e-19 0.80092
64238 19.66 49.87 1.12e-19 0.80761
64346 15.00 56.00 1.33e-19 0.82706
64241 24.26 49.49 1.10e-19 0.80517
64268 -8.62 49.77 1.05e-19 0.79906
64271 -4.25 50.90 1.11e-19 0.80647
64274 0.34 51.81 1.17e-19 0.81224
64277 5.12 52.47 1.21e-19 0.81615
65264 -76.74 62.99 8.33e-20 0.77158
65261 -77.40 59.97 7.21e-20 0.75419
65258 101.35 59.93 7.81e-20 0.76362
65324 -83.42 59.64 6.53e-20 0.74242
65321 107.40 59.97 7.21e-20 0.75419
65318 106.74 62.99 8.33e-20 0.77158
64145 -154.30 74.50 8.38e-20 0.77234
65189 93.62 62.41 9.47e-20 0.78697
65195 -71.35 59.93 7.81e-20 0.76362
64139 -154.30 76.50 9.19e-20 0.78353
65441 -105.01 72.61 9.42e-20 0.78645
65438 -101.49 69.80 8.65e-20 0.77602
65444 -110.04 75.29 1.01e-19 0.79463
65447 -117.41 77.77 1.06e-19 0.80088
63341 89.39 68.69 1.18e-19 0.81338
63347 84.65 67.98 1.20e-19 0.81575
65018 -45.03 65.56 1.23e-19 0.81824
65027 -40.62 68.01 1.32e-19 0.82644
65159 -8.31 82.40 1.50e-19 0.83602
63239 -16.23 58.68 1.29e-19 0.82391
63245 -13.89 57.20 1.27e-19 0.82147
65165 38.31 82.40 1.50e-19 0.83602
63419 50.72 54.13 1.11e-19 0.80661
64943 59.72 63.95 1.32e-19 0.82646
64946 64.39 61.83 1.23e-19 0.81825
64847 -30.17 59.65 1.21e-19 0.81608
65141 -58.92 68.10 1.17e-19 0.81217
65138 -61.49 65.27 1.06e-19 0.80079
64838 67.39 50.87 8.29e-20 0.77114
64841 -37.82 55.26 9.84e-20 0.79172
64844 -34.24 57.52 1.10e-19 0.80511
64478 8.63 61.84 1.46e-19 0.83532
64481 15.00 62.00 1.47e-19 0.83552
64484 21.37 61.84 1.46e-19 0.83532
64487 27.59 61.35 1.44e-19 0.83441
64421 26.51 58.40 1.38e-19 0.83067
64424 32.00 57.66 1.34e-19 0.82791
64853 -20.33 63.41 1.38e-19 0.83063
64850 -25.56 61.63 1.30e-19 0.82463
64856 -14.43 64.97 1.44e-19 0.83444
63143 -74.98 69.92 1.08e-19 0.80255
64307 50.22 45.15 7.79e-20 0.76336
64298 38.62 49.77 1.05e-19 0.79906
64301 42.75 48.42 9.65e-20 0.78937
64304 46.62 46.88 8.76e-20 0.77767
64874 30.65 67.20 1.50e-19 0.83572
64868 15.00 68.00 1.51e-19 0.83374
64871 22.96 67.80 1.51e-19 0.83449
64877 37.85 66.25 1.48e-19 0.83601
64022 20.50 86.00 1.47e-19 0.83551
64025 20.50 84.00 1.49e-19 0.83607
64397 -16.66 53.94 1.14e-19 0.80948
64019 20.50 88.00 1.43e-19 0.83383
64394 -20.85 52.27 1.05e-19 0.79903
64388 -28.18 48.44 8.33e-20 0.77160
64391 -24.68 50.43 9.42e-20 0.78644
64214 32.11 45.05 8.96e-20 0.78040
64097 -154.30 89.50 1.37e-19 0.83015
64211 27.99 45.89 9.47e-20 0.78695
65219 -52.04 80.22 1.41e-19 0.83245
64217 -11.20 45.58 8.64e-20 0.77592
65222 -41.87 82.83 1.44e-19 0.83441
64427 37.23 56.66 1.29e-19 0.82368
64199 10.61 46.88 1.01e-19 0.79470
64202 15.00 47.00 1.01e-19 0.79550
64205 19.39 46.88 1.01e-19 0.79470
64976 -5.87 72.94 1.51e-19 0.83374
64973 -14.88 71.70 1.50e-19 0.83592
64970 -22.64 70.09 1.47e-19 0.83549
65450 -128.42 79.90 1.10e-19 0.80514
65453 -144.45 81.43 1.12e-19 0.80774
65162 15.00 83.00 1.50e-19 0.83592
63203 -31.27 65.14 1.34e-19 0.82758
65279 -71.91 77.98 1.29e-19 0.82364
65285 -66.36 83.93 1.38e-19 0.83065
65282 -69.91 80.96 1.34e-19 0.82790
65471 135.01 72.61 9.42e-20 0.78645
65468 140.04 75.29 1.01e-19 0.79463
65474 131.49 69.80 8.65e-20 0.77602
65477 -118.54 73.33 8.96e-20 0.78028
62993 15.00 -90.00 9.30e-20 0.09301
64940 54.30 65.88 1.40e-19 0.83209
65099 -1.81 79.57 1.51e-19 0.83449
65105 31.81 79.57 1.51e-19 0.83449
65102 15.00 80.00 1.51e-19 0.83374
64688 60.98 50.85 8.95e-20 0.78024
65405 -115.34 82.12 1.21e-19 0.81611
65402 -105.13 79.58 1.17e-19 0.81223
65399 -99.24 76.82 1.11e-19 0.80660
63269 -6.11 50.90 1.10e-19 0.80542
63275 -4.48 49.24 1.05e-19 0.79945
64037 20.50 76.00 1.49e-19 0.82788
64034 20.50 78.00 1.51e-19 0.83123
64028 20.50 82.00 1.51e-19 0.83552
64031 20.50 80.00 1.51e-19 0.83388
64916 -10.90 69.01 1.50e-19 0.83601
64793 -11.53 62.26 1.41e-19 0.83249
64790 -17.07 60.82 1.34e-19 0.82786
64910 -24.30 65.88 1.40e-19 0.83209
64913 -18.05 67.59 1.46e-19 0.83529
64796 -5.47 63.42 1.45e-19 0.83498
65144 -55.70 70.89 1.26e-19 0.82127
64430 42.12 55.41 1.22e-19 0.81759
64433 46.66 53.94 1.14e-19 0.80948
64349 20.35 55.86 1.32e-19 0.82648
64352 25.62 55.44 1.30e-19 0.82462
64355 30.72 54.74 1.26e-19 0.82115
63383 65.50 62.76 1.25e-19 0.81962
63113 -138.30 76.00 9.27e-20 0.78457
64436 50.85 52.27 1.05e-19 0.79903
64334 -5.61 53.80 1.21e-19 0.81631
65504 -141.78 74.62 8.64e-20 0.77590
64331 -10.23 52.61 1.14e-19 0.80934
64328 -14.55 51.21 1.06e-19 0.80054
64169 15.00 41.00 7.72e-20 0.76234
64172 18.97 40.88 7.65e-20 0.76123
64175 6.71 43.52 8.65e-20 0.77616
64337 -0.72 54.74 1.26e-19 0.82115
64814 35.47 63.42 1.45e-19 0.83498
65147 -51.53 73.61 1.34e-19 0.82794
65249 96.90 68.78 1.11e-19 0.80662
64085 20.50 46.00 9.71e-20 0.79009
65336 -84.03 71.77 1.06e-19 0.80059
65252 98.64 65.84 1.01e-19 0.79458
65255 100.10 62.89 8.95e-20 0.78022
65330 -83.40 65.72 8.64e-20 0.77599
65333 -83.60 68.75 9.65e-20 0.78945
64418 20.81 58.85 1.40e-19 0.83213
64133 -154.30 79.50 1.04e-19 0.79835
65186 91.49 65.27 1.06e-19 0.80079
64136 -154.30 78.50 1.00e-19 0.79367
65183 88.92 68.10 1.17e-19 0.81217
65180 85.70 70.89 1.26e-19 0.82127
65192 95.42 59.53 8.29e-20 0.77090
65414 164.13 84.15 1.23e-19 0.81840
65432 121.61 68.04 8.75e-20 0.77755
65435 120.51 65.03 7.79e-20 0.76334
63263 -7.85 52.53 1.15e-19 0.81060
65429 123.21 71.02 9.65e-20 0.78953
65408 -134.13 84.15 1.23e-19 0.81840
63317 110.50 70.00 1.03e-19 0.79743
63311 115.98 69.92 9.84e-20 0.79186
65009 76.59 58.92 1.01e-19 0.79535
65015 -48.69 63.02 1.12e-19 0.80775
65012 -51.77 60.39 1.01e-19 0.79449
65528 -165.00 70.00 6.53e-20 0.74232
65531 -165.00 67.00 5.41e-20 0.72009
63413 52.73 55.69 1.15e-19 0.81038
64955 -46.59 58.92 1.01e-19 0.79535
64949 68.43 59.57 1.12e-19 0.80758
65111 57.58 76.63 1.48e-19 0.83598
65168 55.98 80.83 1.48e-19 0.83597
65108 46.27 78.38 1.50e-19 0.83573
65114 66.13 74.51 1.44e-19 0.83440
65117 72.61 72.15 1.38e-19 0.83064
64862 -0.65 67.20 1.50e-19 0.83572
64835 64.18 53.14 9.47e-20 0.78718
65456 -165.00 82.00 1.13e-19 0.80849
64469 -9.17 59.48 1.36e-19 0.82896
64475 2.41 61.35 1.44e-19 0.83441
64472 -3.56 60.56 1.41e-19 0.83248
65513 -177.19 75.64 8.86e-20 0.77895
65510 -165.00 76.00 8.94e-20 0.78009
65516 171.78 74.62 8.64e-20 0.77590
64451 -34.20 48.66 7.81e-20 0.76363
64454 -30.98 50.85 8.95e-20 0.78024
63905 -159.50 78.00 9.76e-20 0.79079
64289 24.88 52.47 1.21e-19 0.81615
64295 34.25 50.90 1.11e-19 0.80647
64292 29.66 51.81 1.17e-19 0.81224
64883 50.33 63.41 1.38e-19 0.83063
64880 44.43 64.97 1.44e-19 0.83444
65498 156.21 75.54 9.47e-20 0.78706
63584 -159.50 72.00 7.33e-20 0.75618
64886 55.56 61.63 1.30e-19 0.82463
64406 -2.00 57.66 1.34e-19 0.82791
65378 113.40 65.72 8.64e-20 0.77599
64403 -7.23 56.66 1.29e-19 0.82368
64400 -12.12 55.41 1.22e-19 0.81759
64223 -3.10 47.99 1.01e-19 0.79470
64220 -7.26 46.89 9.42e-20 0.78634
64118 -154.30 82.50 1.15e-19 0.81076
64121 -154.30 81.50 1.12e-19 0.80689
64226 1.25 48.86 1.06e-19 0.80092
64124 -154.30 80.50 1.08e-19 0.80275
63161 -58.62 69.66 1.21e-19 0.81635
