65006 73.24 61.42 5.94e-20 0.86049
65000 64.69 66.09 7.37e-20 0.91325
65003 69.32 63.82 6.71e-20 0.89359
63197 -35.09 66.19 7.36e-20 0.91308
64142 -154.30 75.50 4.16e-20 0.75293
63191 -39.22 67.15 7.27e-20 0.91113
65213 -57.99 77.44 7.54e-20 0.91647
65210 -61.92 74.59 7.08e-20 0.90590
65294 86.94 86.84 7.83e-20 0.91892
65291 15.00 89.00 7.87e-20 0.91881
65288 -56.94 86.84 7.83e-20 0.91892
65075 -57.47 61.57 4.89e-20 0.80225
65072 81.77 60.39 5.05e-20 0.81205
65486 -149.69 78.56 5.05e-20 0.81198
65069 78.69 63.02 5.88e-20 0.85786
65420 135.13 79.58 6.20e-20 0.87277
62981 15.00 -90.00 2.64e-20 0.02635
65483 -136.50 77.35 4.89e-20 0.80237
65156 -25.98 80.83 8.25e-20 0.90256
65426 125.59 73.95 5.32e-20 0.82801
65480 -126.21 75.54 4.63e-20 0.78530
63281 -2.95 47.55 4.94e-20 0.80521
63287 -1.51 45.84 4.51e-20 0.77768
65150 -45.89 76.23 7.86e-20 0.91883
65390 -91.61 68.04 4.14e-20 0.75113
63227 -18.77 60.10 7.24e-20 0.91029
65393 -93.21 71.02 4.76e-20 0.79387
65396 -95.59 73.95 5.32e-20 0.82801
63221 -21.51 61.46 7.34e-20 0.91268
63443 45.48 49.24 4.83e-20 0.79857
64046 20.50 70.00 8.00e-20 0.82534
64082 20.50 48.00 5.36e-20 0.82996
64043 20.50 72.00 7.76e-20 0.79475
64040 20.50 74.00 7.59e-20 0.77512
64781 -30.59 55.29 5.43e-20 0.83417
64778 -34.18 53.14 4.63e-20 0.78546
64784 -26.57 57.31 6.20e-20 0.87274
64079 20.50 50.00 5.91e-20 0.85901
64787 -22.08 59.16 6.88e-20 0.89957
64919 -2.88 70.09 8.21e-20 0.86025
64925 15.00 71.00 7.82e-20 0.80257
64922 5.86 70.77 7.99e-20 0.82374
64439 54.68 50.43 4.59e-20 0.78300
64445 61.37 46.31 3.13e-20 0.66862
64442 58.18 48.44 3.85e-20 0.72953
63119 -95.35 67.98 3.93e-20 0.73539
63125 -90.61 68.69 4.35e-20 0.76615
63377 68.74 63.99 6.78e-20 0.89612
64544 53.49 54.84 5.81e-20 0.85403
64187 23.29 43.52 4.07e-20 0.74588
64325 -18.58 49.61 4.76e-20 0.79366
63776 -159.50 74.00 3.73e-20 0.71965
64181 15.00 44.00 4.26e-20 0.76022
64178 10.84 43.88 4.21e-20 0.75668
64184 19.16 43.88 4.21e-20 0.75668
64013 -159.50 88.00 7.37e-20 0.91335
64250 37.26 46.89 4.59e-20 0.78286
64253 41.20 45.58 4.06e-20 0.74556
64073 20.50 54.00 6.91e-20 0.90079
64070 20.50 56.00 7.34e-20 0.91275
65246 94.74 71.70 6.49e-20 0.88542
65492 179.69 78.56 5.05e-20 0.81198
65243 91.92 74.59 7.08e-20 0.90590
65495 166.50 77.35 4.89e-20 0.80237
64076 20.50 52.00 6.43e-20 0.88277
65240 87.99 77.44 7.54e-20 0.91647
64208 23.74 46.51 4.89e-20 0.80242
64457 -27.42 52.92 5.06e-20 0.81240
65177 81.53 73.61 7.44e-20 0.91488
64166 11.03 40.88 3.41e-20 0.69319
64163 15.00 38.00 2.71e-20 0.62829
65171 67.87 78.68 8.12e-20 0.91355
64094 20.50 40.00 3.17e-20 0.67236
65174 75.89 76.23 7.86e-20 0.91883
64160 15.00 35.00 2.05e-20 0.55646
65387 -90.51 65.03 3.50e-20 0.70075
63257 -9.72 54.13 6.40e-20 0.88164
65297 96.36 83.93 7.69e-20 0.91833
63251 -11.73 55.69 6.68e-20 0.89252
65381 113.36 62.69 3.37e-20 0.69028
65384 113.42 59.64 2.71e-20 0.62842
65357 139.00 86.38 7.31e-20 0.91212
65348 -94.24 83.64 7.15e-20 0.90802
65351 -109.00 86.38 7.31e-20 0.91212
64091 20.50 42.00 3.69e-20 0.71665
65354 -165.00 88.00 7.37e-20 0.91332
63179 -48.39 68.69 6.97e-20 0.90263
63185 -43.65 67.98 7.14e-20 0.90768
63323 105.02 69.92 5.53e-20 0.83990
65342 -86.22 77.76 6.49e-20 0.88531
65345 -88.82 80.73 6.88e-20 0.89971
65339 -84.82 74.77 6.00e-20 0.86343
65045 15.00 77.00 7.82e-20 0.80257
65042 1.88 76.67 7.99e-20 0.82377
65039 -10.07 75.72 8.21e-20 0.86023
63407 54.89 57.20 6.28e-20 0.87640
65423 129.24 76.82 5.81e-20 0.85415
64823 52.08 59.16 6.88e-20 0.89957
65489 -165.00 79.00 5.11e-20 0.81545
64820 47.07 60.82 7.44e-20 0.91477
64967 -29.19 68.20 7.87e-20 0.91877
64964 -34.69 66.09 7.37e-20 0.91325
63401 57.23 58.68 6.46e-20 0.88424
63095 40.40 47.00 4.48e-20 0.77563
64961 -39.32 63.82 6.71e-20 0.89359
64958 -43.24 61.42 5.94e-20 0.86049
64826 56.57 57.31 6.20e-20 0.87274
65063 70.62 68.01 7.31e-20 0.91212
65126 84.80 64.32 5.71e-20 0.84924
65060 65.21 70.32 7.83e-20 0.91895
65123 81.58 67.01 6.48e-20 0.88479
65066 75.03 65.56 6.65e-20 0.89142
65120 77.61 69.63 7.15e-20 0.90803
64592 57.42 52.92 5.06e-20 0.81240
64499 49.14 56.59 6.49e-20 0.88527
65519 -154.87 72.69 3.41e-20 0.69298
65522 -165.00 73.00 3.45e-20 0.69704
65525 -175.13 72.69 3.41e-20 0.69298
63293 -0.15 44.10 4.08e-20 0.74656
64055 20.50 64.00 8.27e-20 0.89747
64052 20.50 66.00 8.27e-20 0.87842
64466 -14.37 58.15 7.08e-20 0.90592
64049 20.50 68.00 8.18e-20 0.85406
64463 -19.14 56.59 6.49e-20 0.88527
64460 -23.49 54.84 5.81e-20 0.85403
64889 60.17 59.65 6.48e-20 0.88486
64895 67.82 55.26 4.89e-20 0.80212
64892 64.24 57.52 5.71e-20 0.84913
65225 -22.03 85.01 8.16e-20 0.91179
64376 58.87 43.83 2.71e-20 0.62843
64004 -159.50 82.00 5.94e-20 0.86085
64370 52.30 47.83 4.06e-20 0.74546
64007 -159.50 84.00 6.47e-20 0.88422
64373 55.72 45.90 3.37e-20 0.69005
64229 5.74 49.49 5.71e-20 0.84921
64235 15.00 50.00 5.94e-20 0.86052
64232 10.34 49.87 5.88e-20 0.85767
64109 -154.30 85.50 6.84e-20 0.89835
64115 -154.30 83.50 6.35e-20 0.87956
64112 -154.30 84.50 6.60e-20 0.88968
63809 -159.50 76.00 4.27e-20 0.76092
64283 15.00 53.00 6.71e-20 0.89361
64280 10.03 52.87 6.65e-20 0.89164
64286 19.97 52.87 6.65e-20 0.89164
65312 105.25 69.00 5.32e-20 0.82797
65315 106.03 66.00 4.59e-20 0.78312
65309 104.36 72.00 6.00e-20 0.86351
65306 103.29 74.99 6.59e-20 0.88922
65198 -70.10 62.89 4.28e-20 0.76093
65201 -68.64 65.84 5.06e-20 0.81231
65204 -66.90 68.78 5.81e-20 0.85418
65207 -64.74 71.70 6.49e-20 0.88542
65300 99.91 80.96 7.44e-20 0.91483
65303 101.91 77.98 7.08e-20 0.90590
65078 -54.80 64.32 5.71e-20 0.84924
65081 -51.58 67.01 6.48e-20 0.88479
65411 -165.00 85.00 6.71e-20 0.89361
65084 -47.61 69.63 7.15e-20 0.90803
65087 -42.61 72.15 7.69e-20 0.91832
64859 -7.85 66.25 8.25e-20 0.90258
64865 7.04 67.80 8.21e-20 0.86022
65417 145.34 82.12 6.48e-20 0.88490
63329 99.62 69.66 5.82e-20 0.85441
63335 94.39 69.25 6.07e-20 0.86661
63449 43.95 47.55 4.46e-20 0.77384
63455 42.51 45.84 4.07e-20 0.74634
64994 52.64 70.09 8.18e-20 0.90980
64988 35.87 72.94 8.16e-20 0.85049
64991 44.88 71.70 8.28e-20 0.88674
63215 -24.50 62.76 7.40e-20 0.91398
65153 -37.87 78.68 8.12e-20 0.91355
64997 59.19 68.20 7.87e-20 0.91877
63209 -27.74 63.99 7.43e-20 0.91452
64934 40.90 69.01 8.28e-20 0.89148
64016 14.04 90.00 7.72e-20 0.91859
64931 32.88 70.09 8.21e-20 0.86025
63431 48.85 52.53 5.51e-20 0.83854
64928 24.14 70.77 7.99e-20 0.82374
64010 -159.50 86.00 6.95e-20 0.90183
63473 -159.50 70.00 2.72e-20 0.62929
64937 48.05 67.59 8.16e-20 0.91176
63437 47.11 50.90 5.19e-20 0.82008
65132 -65.42 59.53 3.83e-20 0.72742
65135 -63.62 62.41 4.63e-20 0.78516
65129 87.47 61.57 4.89e-20 0.80225
64772 64.20 48.66 3.51e-20 0.70168
64775 -37.39 50.87 3.83e-20 0.72774
64415 15.00 59.00 7.87e-20 0.91881
64412 9.19 58.85 7.83e-20 0.91893
64409 3.49 58.40 7.69e-20 0.91836
63137 -80.38 69.66 5.15e-20 0.81816
63131 -85.61 69.25 4.76e-20 0.79359
64316 -22.30 47.83 4.06e-20 0.74546
64313 -25.72 45.90 3.37e-20 0.69005
64310 -28.87 43.83 2.71e-20 0.62843
63155 -64.02 69.92 6.22e-20 0.87365
63149 -69.50 70.00 5.89e-20 0.85826
64259 -20.22 45.15 3.50e-20 0.70077
64265 -12.75 48.42 4.76e-20 0.79363
64262 -16.62 46.88 4.14e-20 0.75131
65327 -83.36 62.69 3.37e-20 0.69028
57281 15.00 -74.00 4.31e-21 0.00431
64100 -154.30 88.50 7.47e-20 0.91532
64103 -154.30 87.50 7.27e-20 0.91119
65237 82.04 80.22 7.86e-20 0.91885
65234 71.87 82.83 8.06e-20 0.91599
64106 -154.30 86.50 7.07e-20 0.90553
65231 52.03 85.01 8.16e-20 0.91179
65228 15.00 86.00 8.18e-20 0.90983
65267 -76.03 66.00 4.59e-20 0.78312
64088 20.50 44.00 4.23e-20 0.75815
64193 2.01 45.89 4.63e-20 0.78513
64190 -2.11 45.05 4.28e-20 0.76118
64157 -154.30 77.50 4.72e-20 0.79127
64154 -154.30 71.50 3.11e-20 0.66674
64151 -154.30 72.50 3.36e-20 0.68925
64148 -154.30 73.50 3.62e-20 0.71119
64196 6.26 46.51 4.89e-20 0.80242
64982 15.00 74.00 7.30e-20 0.74490
64985 25.77 73.73 7.82e-20 0.80259
65369 114.82 74.77 6.00e-20 0.86343
64979 4.23 73.73 7.82e-20 0.80259
65375 113.60 68.75 4.76e-20 0.79375
65372 114.03 71.77 5.41e-20 0.83320
65366 116.22 77.76 6.49e-20 0.88531
65360 124.24 83.64 7.15e-20 0.90802
65363 118.82 80.73 6.88e-20 0.89971
65459 174.45 81.43 5.88e-20 0.85786
65462 158.42 79.90 5.71e-20 0.84918
65465 147.41 77.77 5.43e-20 0.83435
63173 -53.39 69.25 6.76e-20 0.89542
65036 -20.23 74.26 8.28e-20 0.89148
65270 -75.25 69.00 5.32e-20 0.82797
65273 -74.36 72.00 6.00e-20 0.86351
64952 71.94 57.20 5.05e-20 0.81212
65276 -73.29 74.99 6.59e-20 0.88922
65030 -35.21 70.32 7.83e-20 0.91895
65033 -28.52 72.43 8.16e-20 0.91178
64808 22.07 64.82 8.28e-20 0.89149
64811 28.94 64.29 8.25e-20 0.90258
65501 148.54 73.33 4.28e-20 0.76102
63353 80.22 67.15 6.60e-20 0.88946
64817 41.53 62.26 7.86e-20 0.91890
63389 62.51 61.46 6.70e-20 0.89333
63395 59.77 60.10 6.60e-20 0.88967
65507 -152.81 75.64 4.21e-20 0.75642
65054 50.23 74.26 8.28e-20 0.89148
65096 -16.27 78.38 8.28e-20 0.88159
65051 40.07 75.72 8.21e-20 0.86023
65048 28.12 76.67 7.99e-20 0.82377
65090 -36.13 74.51 8.06e-20 0.91598
65093 -27.58 76.63 8.25e-20 0.90257
65057 58.52 72.43 8.16e-20 0.91178
64496 44.37 58.15 7.08e-20 0.90592
64490 33.56 60.56 7.86e-20 0.91889
64493 39.17 59.48 7.54e-20 0.91645
63305 121.38 69.66 4.53e-20 0.77880
63299 126.61 69.25 4.17e-20 0.75315
64058 20.50 62.00 8.17e-20 0.91068
64061 20.50 60.00 7.98e-20 0.91773
64067 20.50 58.00 7.70e-20 0.91843
64802 7.93 64.82 8.28e-20 0.89149
64805 15.00 65.00 8.28e-20 0.88674
64799 1.06 64.29 8.25e-20 0.90258
64907 -29.72 63.95 7.31e-20 0.91216
64904 -34.39 61.83 6.65e-20 0.89144
64898 -41.94 57.20 5.05e-20 0.81212
64901 -38.43 59.57 5.88e-20 0.85762
64829 60.59 55.29 5.43e-20 0.83417
64379 -31.37 46.31 3.13e-20 0.66862
64367 48.58 49.61 4.76e-20 0.79366
64364 44.55 51.21 5.41e-20 0.83314
64361 40.23 52.61 6.00e-20 0.86344
64358 35.61 53.80 6.50e-20 0.88549
63371 72.27 65.14 6.76e-20 0.89538
63101 -146.50 74.10 3.86e-20 0.73002
63107 41.70 76.00 8.23e-20 0.86553
63968 -159.50 80.00 5.40e-20 0.83215
64343 9.65 55.86 7.31e-20 0.91218
64247 33.10 47.99 5.06e-20 0.81249
64340 4.38 55.44 7.15e-20 0.90815
64244 28.75 48.86 5.43e-20 0.83440
64238 19.66 49.87 5.88e-20 0.85767
64346 15.00 56.00 7.37e-20 0.91332
64241 24.26 49.49 5.71e-20 0.84921
64268 -8.62 49.77 5.32e-20 0.82801
64271 -4.25 50.90 5.81e-20 0.85395
64274 0.34 51.81 6.20e-20 0.87279
64277 5.12 52.47 6.48e-20 0.88497
65264 -76.74 62.99 3.85e-20 0.72950
65261 -77.40 59.97 3.13e-20 0.66861
65258 101.35 59.93 3.51e-20 0.70167
65324 -83.42 59.64 2.71e-20 0.62842
65321 107.40 59.97 3.13e-20 0.66861
65318 106.74 62.99 3.85e-20 0.72950
64145 -154.30 74.50 3.89e-20 0.73244
65189 93.62 62.41 4.63e-20 0.78516
65195 -71.35 59.93 3.51e-20 0.70167
64139 -154.30 76.50 4.44e-20 0.77257
65441 -105.01 72.61 4.59e-20 0.78301
65438 -101.49 69.80 4.06e-20 0.74569
65444 -110.04 75.29 5.06e-20 0.81238
65447 -117.41 77.77 5.43e-20 0.83435
63341 89.39 68.69 6.28e-20 0.87640
63347 84.65 67.98 6.46e-20 0.88386
65018 -45.03 65.56 6.65e-20 0.89142
65027 -40.62 68.01 7.31e-20 0.91212
65159 -8.31 82.40 8.28e-20 0.89148
63239 -16.23 58.68 7.09e-20 0.90646
63245 -13.89 57.20 6.91e-20 0.90045
65165 38.31 82.40 8.28e-20 0.89148
63419 50.72 54.13 5.81e-20 0.85409
64943 59.72 63.95 7.31e-20 0.91216
64946 64.39 61.83 6.65e-20 0.89144
64847 -30.17 59.65 6.48e-20 0.88486
65141 -58.92 68.10 6.20e-20 0.87269
65138 -61.49 65.27 5.43e-20 0.83421
64838 67.39 50.87 3.83e-20 0.72774
64841 -37.82 55.26 4.89e-20 0.80212
64844 -34.24 57.52 5.71e-20 0.84913
64478 8.63 61.84 8.16e-20 0.91179
64481 15.00 62.00 8.18e-20 0.90983
64484 21.37 61.84 8.16e-20 0.91179
64487 27.59 61.35 8.06e-20 0.91599
64421 26.51 58.40 7.69e-20 0.91836
64424 32.00 57.66 7.44e-20 0.91484
64853 -20.33 63.41 7.69e-20 0.91831
64850 -25.56 61.63 7.15e-20 0.90817
64856 -14.43 64.97 8.06e-20 0.91602
63143 -74.98 69.92 5.54e-20 0.84003
64307 50.22 45.15 3.50e-20 0.70077
64298 38.62 49.77 5.32e-20 0.82801
64301 42.75 48.42 4.76e-20 0.79363
64304 46.62 46.88 4.14e-20 0.75131
64874 30.65 67.20 8.28e-20 0.88159
64868 15.00 68.00 8.16e-20 0.85050
64871 22.96 67.80 8.21e-20 0.86022
64877 37.85 66.25 8.25e-20 0.90258
64022 20.50 86.00 8.18e-20 0.90996
64025 20.50 84.00 8.27e-20 0.89632
64397 -16.66 53.94 6.00e-20 0.86363
64019 20.50 88.00 8.00e-20 0.91744
64394 -20.85 52.27 5.32e-20 0.82797
64388 -28.18 48.44 3.85e-20 0.72953
64391 -24.68 50.43 4.59e-20 0.78300
64214 32.11 45.05 4.28e-20 0.76118
64097 -154.30 89.50 7.64e-20 0.91789
64211 27.99 45.89 4.63e-20 0.78513
65219 -52.04 80.22 7.86e-20 0.91885
64217 -11.20 45.58 4.06e-20 0.74556
65222 -41.87 82.83 8.06e-20 0.91599
64427 37.23 56.66 7.08e-20 0.90596
64199 10.61 46.88 5.05e-20 0.81236
64202 15.00 47.00 5.11e-20 0.81545
64205 19.39 46.88 5.05e-20 0.81236
64976 -5.87 72.94 8.16e-20 0.85049
64973 -14.88 71.70 8.28e-20 0.88674
64970 -22.64 70.09 8.18e-20 0.90980
65450 -128.42 79.90 5.71e-20 0.84918
65453 -144.45 81.43 5.88e-20 0.85786
65162 15.00 83.00 8.28e-20 0.88674
63203 -31.27 65.14 7.41e-20 0.91425
65279 -71.91 77.98 7.08e-20 0.90590
65285 -66.36 83.93 7.69e-20 0.91833
65282 -69.91 80.96 7.44e-20 0.91483
65471 135.01 72.61 4.59e-20 0.78301
65468 140.04 75.29 5.06e-20 0.81238
65474 131.49 69.80 4.06e-20 0.74569
65477 -118.54 73.33 4.28e-20 0.76102
63365 76.09 66.19 6.69e-20 0.89305
64940 54.30 65.88 7.83e-20 0.91889
65099 -1.81 79.57 8.21e-20 0.86023
65105 31.81 79.57 8.21e-20 0.86023
65102 15.00 80.00 8.16e-20 0.85050
64688 60.98 50.85 4.28e-20 0.76096
65405 -115.34 82.12 6.48e-20 0.88490
65402 -105.13 79.58 6.20e-20 0.87277
65399 -99.24 76.82 5.81e-20 0.85415
63269 -6.11 50.90 5.73e-20 0.85028
63275 -4.48 49.24 5.35e-20 0.82954
64037 20.50 76.00 7.74e-20 0.79272
64034 20.50 78.00 7.98e-20 0.82321
64028 20.50 82.00 8.27e-20 0.87688
64031 20.50 80.00 8.17e-20 0.85217
64916 -10.90 69.01 8.28e-20 0.89148
64793 -11.53 62.26 7.86e-20 0.91890
64790 -17.07 60.82 7.44e-20 0.91477
64910 -24.30 65.88 7.83e-20 0.91889
64913 -18.05 67.59 8.16e-20 0.91176
64796 -5.47 63.42 8.12e-20 0.91353
65144 -55.70 70.89 6.88e-20 0.89977
64430 42.12 55.41 6.59e-20 0.88935
64433 46.66 53.94 6.00e-20 0.86363
64349 20.35 55.86 7.31e-20 0.91218
64352 25.62 55.44 7.15e-20 0.90815
64355 30.72 54.74 6.88e-20 0.89960
63383 65.50 62.76 6.76e-20 0.89539
63113 -138.30 76.00 4.49e-20 0.77630
64436 50.85 52.27 5.32e-20 0.82797
64334 -5.61 53.80 6.50e-20 0.88549
65504 -141.78 74.62 4.06e-20 0.74552
64331 -10.23 52.61 6.00e-20 0.86344
64328 -14.55 51.21 5.41e-20 0.83314
64169 15.00 41.00 3.45e-20 0.69704
64172 18.97 40.88 3.41e-20 0.69319
64175 6.71 43.52 4.07e-20 0.74588
64337 -0.72 54.74 6.88e-20 0.89960
64814 35.47 63.42 8.12e-20 0.91353
65147 -51.53 73.61 7.44e-20 0.91488
65249 96.90 68.78 5.81e-20 0.85418
64085 20.50 46.00 4.79e-20 0.79614
65336 -84.03 71.77 5.41e-20 0.83320
65252 98.64 65.84 5.06e-20 0.81231
65255 100.10 62.89 4.28e-20 0.76093
65330 -83.40 65.72 4.06e-20 0.74565
65333 -83.60 68.75 4.76e-20 0.79375
64418 20.81 58.85 7.83e-20 0.91893
64133 -154.30 79.50 5.28e-20 0.82554
65186 91.49 65.27 5.43e-20 0.83421
64136 -154.30 78.50 5.00e-20 0.80895
65183 88.92 68.10 6.20e-20 0.87269
65180 85.70 70.89 6.88e-20 0.89977
65192 95.42 59.53 3.83e-20 0.72742
65414 164.13 84.15 6.65e-20 0.89165
65432 121.61 68.04 4.14e-20 0.75113
65435 120.51 65.03 3.50e-20 0.70075
63263 -7.85 52.53 6.09e-20 0.86757
65429 123.21 71.02 4.76e-20 0.79387
65408 -134.13 84.15 6.65e-20 0.89165
63317 110.50 70.00 5.22e-20 0.82230
63311 115.98 69.92 4.89e-20 0.80223
65009 76.59 58.92 5.11e-20 0.81524
65015 -48.69 63.02 5.88e-20 0.85786
65012 -51.77 60.39 5.05e-20 0.81205
65528 -165.00 70.00 2.71e-20 0.62829
65531 -165.00 67.00 2.05e-20 0.55646
63413 52.73 55.69 6.06e-20 0.86667
64955 -46.59 58.92 5.11e-20 0.81524
64949 68.43 59.57 5.88e-20 0.85762
65111 57.58 76.63 8.25e-20 0.90257
65168 55.98 80.83 8.25e-20 0.90256
65108 46.27 78.38 8.28e-20 0.88159
65114 66.13 74.51 8.06e-20 0.91598
65117 72.61 72.15 7.69e-20 0.91832
64862 -0.65 67.20 8.28e-20 0.88159
64835 64.18 53.14 4.63e-20 0.78546
65456 -165.00 82.00 5.94e-20 0.86052
64469 -9.17 59.48 7.54e-20 0.91645
64475 2.41 61.35 8.06e-20 0.91599
64472 -3.56 60.56 7.86e-20 0.91889
65513 -177.19 75.64 4.21e-20 0.75642
65510 -165.00 76.00 4.26e-20 0.76022
65516 171.78 74.62 4.06e-20 0.74552
64451 -34.20 48.66 3.51e-20 0.70168
64454 -30.98 50.85 4.28e-20 0.76096
63905 -159.50 78.00 4.83e-20 0.79864
64289 24.88 52.47 6.48e-20 0.88497
64295 34.25 50.90 5.81e-20 0.85395
64292 29.66 51.81 6.20e-20 0.87279
64883 50.33 63.41 7.69e-20 0.91831
64880 44.43 64.97 8.06e-20 0.91602
65498 156.21 75.54 4.63e-20 0.78530
63584 -159.50 72.00 3.20e-20 0.67553
64886 55.56 61.63 7.15e-20 0.90817
64406 -2.00 57.66 7.44e-20 0.91484
65378 113.40 65.72 4.06e-20 0.74565
64403 -7.23 56.66 7.08e-20 0.90596
64400 -12.12 55.41 6.59e-20 0.88935
64223 -3.10 47.99 5.06e-20 0.81249
64220 -7.26 46.89 4.59e-20 0.78286
64118 -154.30 82.50 6.10e-20 0.86803
64121 -154.30 81.50 5.83e-20 0.85514
64226 1.25 48.86 5.43e-20 0.83440
64124 -154.30 80.50 5.56e-20 0.84096
63161 -58.62 69.66 6.51e-20 0.88578
