65006 73.24 61.42 1.29e-19 0.92019
65000 64.69 66.09 1.55e-19 0.96385
65003 69.32 63.82 1.43e-19 0.94450
63197 -35.09 66.19 1.55e-19 0.96363
64142 -154.30 75.50 9.65e-20 0.85383
63191 -39.22 67.15 1.53e-19 0.96116
65213 -57.99 77.44 1.59e-19 0.96874
65210 -61.92 74.59 1.50e-19 0.95553
65294 86.94 86.84 1.65e-19 0.97701
65291 15.00 89.00 1.66e-19 0.97824
65288 -56.94 86.84 1.65e-19 0.97701
65075 -57.47 61.57 1.10e-19 0.88327
62987 15.00 -74.00 -2.72e-20 -0.02724
65072 81.77 60.39 1.13e-19 0.88920
65486 -149.69 78.56 1.13e-19 0.88914
65069 78.69 63.02 1.28e-19 0.91846
65420 135.13 79.58 1.34e-19 0.92871
62981 15.00 -90.00 -8.30e-20 -0.08299
65483 -136.50 77.35 1.10e-19 0.88337
65156 -25.98 80.83 1.75e-19 0.98939
65426 125.59 73.95 1.18e-19 0.89914
65480 -126.21 75.54 1.05e-19 0.87303
63281 -2.95 47.55 1.11e-19 0.88502
63287 -1.51 45.84 1.03e-19 0.86853
65150 -45.89 76.23 1.65e-19 0.97790
65390 -91.61 68.04 9.60e-20 0.85276
63227 -18.77 60.10 1.53e-19 0.96019
65393 -93.21 71.02 1.07e-19 0.87824
65396 -95.59 73.95 1.18e-19 0.89914
63221 -21.51 61.46 1.55e-19 0.96310
63443 45.48 49.24 1.09e-19 0.88100
64046 20.50 70.00 1.79e-19 0.98620
64082 20.50 48.00 1.18e-19 0.90036
64043 20.50 72.00 1.77e-19 0.98095
64040 20.50 74.00 1.75e-19 0.97698
64781 -30.59 55.29 1.20e-19 0.90299
64778 -34.18 53.14 1.05e-19 0.87318
64784 -26.57 57.31 1.34e-19 0.92868
64079 20.50 50.00 1.28e-19 0.91920
64787 -22.08 59.16 1.46e-19 0.94958
64919 -2.88 70.09 1.79e-19 0.99029
64925 15.00 71.00 1.77e-19 0.98241
64922 5.86 70.77 1.79e-19 0.98596
64439 54.68 50.43 1.04e-19 0.87168
64445 61.37 46.31 7.69e-20 0.80429
64442 58.18 48.44 9.07e-20 0.84012
63119 -95.35 67.98 9.21e-20 0.84350
63125 -90.61 68.69 9.98e-20 0.86170
63377 68.74 63.99 1.44e-19 0.94660
64544 53.49 54.84 1.26e-19 0.91585
64187 23.29 43.52 9.47e-20 0.84971
64325 -18.58 49.61 1.07e-19 0.87805
63776 -159.50 74.00 8.83e-20 0.83427
64181 15.00 44.00 9.83e-20 0.85813
64178 10.84 43.88 9.74e-20 0.85605
64184 19.16 43.88 9.74e-20 0.85605
64013 -159.50 88.00 1.55e-19 0.96396
64250 37.26 46.89 1.04e-19 0.87154
64253 41.20 45.58 9.46e-20 0.84942
64073 20.50 54.00 1.47e-19 0.95069
64070 20.50 56.00 1.55e-19 0.96317
65246 94.74 71.70 1.39e-19 0.93803
65492 179.69 78.56 1.13e-19 0.88914
65243 91.92 74.59 1.50e-19 0.95553
65495 166.50 77.35 1.10e-19 0.88337
64076 20.50 52.00 1.38e-19 0.93601
65240 87.99 77.44 1.59e-19 0.96874
64208 23.74 46.51 1.10e-19 0.88342
64457 -27.42 52.92 1.13e-19 0.88946
65177 81.53 73.61 1.57e-19 0.96611
64166 11.03 40.88 8.23e-20 0.81872
64163 15.00 38.00 6.87e-20 0.78033
65171 67.87 78.68 1.72e-19 0.98546
64094 20.50 40.00 7.77e-20 0.80648
65174 75.89 76.23 1.65e-19 0.97790
64160 15.00 35.00 5.53e-20 0.73657
65387 -90.51 65.03 8.40e-20 0.82313
63257 -9.72 54.13 1.37e-19 0.93517
65297 96.36 83.93 1.62e-19 0.97308
63251 -11.73 55.69 1.42e-19 0.94362
65381 113.36 62.69 8.16e-20 0.81708
65384 113.42 59.64 6.87e-20 0.78046
65357 139.00 86.38 1.54e-19 0.96239
65348 -94.24 83.64 1.51e-19 0.95771
65351 -109.00 86.38 1.54e-19 0.96239
64091 20.50 42.00 8.76e-20 0.83251
65354 -165.00 88.00 1.55e-19 0.96392
63179 -48.39 68.69 1.48e-19 0.95237
63185 -43.65 67.98 1.51e-19 0.95735
63323 105.02 69.92 1.21e-19 0.90670
65342 -86.22 77.76 1.39e-19 0.93792
65345 -88.82 80.73 1.46e-19 0.94972
65339 -84.82 74.77 1.30e-19 0.92219
65045 15.00 77.00 1.77e-19 0.98241
65042 1.88 76.67 1.79e-19 0.98597
65039 -10.07 75.72 1.79e-19 0.99029
63407 54.89 57.20 1.35e-19 0.93129
65423 129.24 76.82 1.26e-19 0.91595
64823 52.08 59.16 1.46e-19 0.94958
65489 -165.00 79.00 1.14e-19 0.89133
64820 47.07 60.82 1.57e-19 0.96601
64967 -29.19 68.20 1.66e-19 0.97820
64964 -34.69 66.09 1.55e-19 0.96385
63401 57.23 58.68 1.38e-19 0.93714
63095 40.40 47.00 1.02e-19 0.86727
64961 -39.32 63.82 1.43e-19 0.94450
64958 -43.24 61.42 1.29e-19 0.92019
64826 56.57 57.31 1.34e-19 0.92868
65063 70.62 68.01 1.54e-19 0.96238
65126 84.80 64.32 1.25e-19 0.91274
65060 65.21 70.32 1.65e-19 0.97704
65123 81.58 67.01 1.39e-19 0.93753
65066 75.03 65.56 1.42e-19 0.94272
65120 77.61 69.63 1.51e-19 0.95772
64592 57.42 52.92 1.13e-19 0.88946
64499 49.14 56.59 1.39e-19 0.93789
65519 -154.87 72.69 8.23e-20 0.81853
65522 -165.00 73.00 8.31e-20 0.82100
65525 -175.13 72.69 8.23e-20 0.81853
63293 -0.15 44.10 9.48e-20 0.85011
64055 20.50 64.00 1.77e-19 0.99023
64052 20.50 66.00 1.79e-19 0.99115
64466 -14.37 58.15 1.50e-19 0.95555
64049 20.50 68.00 1.79e-19 0.98977
64463 -19.14 56.59 1.39e-19 0.93789
64460 -23.49 54.84 1.26e-19 0.91585
64889 60.17 59.65 1.39e-19 0.93759
64895 67.82 55.26 1.10e-19 0.88315
64892 64.24 57.52 1.25e-19 0.91264
65225 -22.03 85.01 1.73e-19 0.98650
64376 58.87 43.83 6.87e-20 0.78047
64004 -159.50 82.00 1.29e-19 0.92044
64370 52.30 47.83 9.46e-20 0.84933
64007 -159.50 84.00 1.38e-19 0.93710
64373 55.72 45.90 8.16e-20 0.81686
64229 5.74 49.49 1.25e-19 0.91271
64235 15.00 50.00 1.29e-19 0.92022
64232 10.34 49.87 1.28e-19 0.91828
64109 -154.30 85.50 1.45e-19 0.94852
64115 -154.30 83.50 1.36e-19 0.93362
64112 -154.30 84.50 1.41e-19 0.94134
63809 -159.50 76.00 9.85e-20 0.85855
64283 15.00 53.00 1.43e-19 0.94451
64280 10.03 52.87 1.42e-19 0.94292
64286 19.97 52.87 1.42e-19 0.94292
65312 105.25 69.00 1.18e-19 0.89910
65315 106.03 66.00 1.04e-19 0.87178
65309 104.36 72.00 1.30e-19 0.92226
65306 103.29 74.99 1.41e-19 0.94096
65198 -70.10 62.89 9.85e-20 0.85850
65201 -68.64 65.84 1.13e-19 0.88938
65204 -66.90 68.78 1.26e-19 0.91598
65207 -64.74 71.70 1.39e-19 0.93803
65300 99.91 80.96 1.57e-19 0.96606
65303 101.91 77.98 1.50e-19 0.95553
65078 -54.80 64.32 1.25e-19 0.91274
65081 -51.58 67.01 1.39e-19 0.93753
65411 -165.00 85.00 1.43e-19 0.94451
65084 -47.61 69.63 1.51e-19 0.95772
65087 -42.61 72.15 1.62e-19 0.97307
64859 -7.85 66.25 1.75e-19 0.98943
64865 7.04 67.80 1.79e-19 0.99030
65417 145.34 82.12 1.39e-19 0.93763
63329 99.62 69.66 1.27e-19 0.91611
63335 94.39 69.25 1.31e-19 0.92438
63449 43.95 47.55 1.02e-19 0.86616
63455 42.51 45.84 9.48e-20 0.84998
64994 52.64 70.09 1.73e-19 0.98728
64988 35.87 72.94 1.79e-19 0.98942
64991 44.88 71.70 1.78e-19 0.99106
63215 -24.50 62.76 1.56e-19 0.96485
65153 -37.87 78.68 1.72e-19 0.98546
64997 59.19 68.20 1.66e-19 0.97820
63209 -27.74 63.99 1.56e-19 0.96559
64934 40.90 69.01 1.77e-19 0.99079
64016 14.04 90.00 1.62e-19 0.97404
64931 32.88 70.09 1.79e-19 0.99029
63431 48.85 52.53 1.21e-19 0.90578
64928 24.14 70.77 1.79e-19 0.98596
64010 -159.50 86.00 1.47e-19 0.95163
63473 -159.50 70.00 6.89e-20 0.78093
64937 48.05 67.59 1.73e-19 0.98646
63437 47.11 50.90 1.15e-19 0.89416
65132 -65.42 59.53 9.02e-20 0.83881
65135 -63.62 62.41 1.05e-19 0.87292
65129 87.47 61.57 1.10e-19 0.88327
64772 64.20 48.66 8.42e-20 0.82370
64775 -37.39 50.87 9.02e-20 0.83910
64415 15.00 59.00 1.66e-19 0.97824
64412 9.19 58.85 1.65e-19 0.97702
64409 3.49 58.40 1.62e-19 0.97311
63137 -80.38 69.66 1.15e-19 0.89295
63131 -85.61 69.25 1.07e-19 0.87800
64316 -22.30 47.83 9.46e-20 0.84933
64313 -25.72 45.90 8.16e-20 0.81686
64310 -28.87 43.83 6.87e-20 0.78047
63155 -64.02 69.92 1.34e-19 0.92935
63149 -69.50 70.00 1.28e-19 0.91870
64259 -20.22 45.15 8.40e-20 0.82315
64265 -12.75 48.42 1.07e-19 0.87803
64262 -16.62 46.88 9.60e-20 0.85292
65327 -83.36 62.69 8.16e-20 0.81708
57281 15.00 -74.00 -2.72e-20 -0.02724
64100 -154.30 88.50 1.57e-19 0.96679
64103 -154.30 87.50 1.54e-19 0.96125
65237 82.04 80.22 1.65e-19 0.97791
65234 71.87 82.83 1.70e-19 0.98358
64106 -154.30 86.50 1.50e-19 0.95516
65231 52.03 85.01 1.73e-19 0.98650
65228 15.00 86.00 1.73e-19 0.98732
65267 -76.03 66.00 1.04e-19 0.87178
64088 20.50 44.00 9.78e-20 0.85690
64193 2.01 45.89 1.05e-19 0.87289
64190 -2.11 45.05 9.86e-20 0.85872
64157 -154.30 77.50 1.07e-19 0.87662
64154 -154.30 71.50 7.65e-20 0.80317
64151 -154.30 72.50 8.14e-20 0.81643
64148 -154.30 73.50 8.64e-20 0.82930
64196 6.26 46.51 1.10e-19 0.88342
64982 15.00 74.00 1.72e-19 0.97012
64985 25.77 73.73 1.77e-19 0.98242
65369 114.82 74.77 1.30e-19 0.92219
64979 4.23 73.73 1.77e-19 0.98242
65375 113.60 68.75 1.07e-19 0.87814
65372 114.03 71.77 1.19e-19 0.90244
65366 116.22 77.76 1.39e-19 0.93792
65360 124.24 83.64 1.51e-19 0.95771
65363 118.82 80.73 1.46e-19 0.94972
65459 174.45 81.43 1.28e-19 0.91845
65462 158.42 79.90 1.25e-19 0.91268
65465 147.41 77.77 1.20e-19 0.90315
63173 -53.39 69.25 1.44e-19 0.94601
65036 -20.23 74.26 1.77e-19 0.99080
65270 -75.25 69.00 1.18e-19 0.89910
65273 -74.36 72.00 1.30e-19 0.92226
64952 71.94 57.20 1.13e-19 0.88926
65276 -73.29 74.99 1.41e-19 0.94096
65030 -35.21 70.32 1.65e-19 0.97704
65033 -28.52 72.43 1.73e-19 0.98649
64808 22.07 64.82 1.77e-19 0.99081
64811 28.94 64.29 1.75e-19 0.98943
65501 148.54 73.33 9.85e-20 0.85858
63353 80.22 67.15 1.41e-19 0.94117
64817 41.53 62.26 1.65e-19 0.97797
63389 62.51 61.46 1.43e-19 0.94428
63395 59.77 60.10 1.41e-19 0.94133
65507 -152.81 75.64 9.74e-20 0.85582
65054 50.23 74.26 1.77e-19 0.99080
65096 -16.27 78.38 1.78e-19 0.99116
65051 40.07 75.72 1.79e-19 0.99029
65048 28.12 76.67 1.79e-19 0.98597
65090 -36.13 74.51 1.70e-19 0.98356
65093 -27.58 76.63 1.75e-19 0.98939
65057 58.52 72.43 1.73e-19 0.98649
64496 44.37 58.15 1.50e-19 0.95555
64490 33.56 60.56 1.65e-19 0.97796
64493 39.17 59.48 1.59e-19 0.96873
63305 121.38 69.66 1.03e-19 0.86910
63299 126.61 69.25 9.65e-20 0.85393
64058 20.50 62.00 1.73e-19 0.98696
64061 20.50 60.00 1.68e-19 0.98135
64067 20.50 58.00 1.62e-19 0.97341
64802 7.93 64.82 1.77e-19 0.99081
64805 15.00 65.00 1.78e-19 0.99106
64799 1.06 64.29 1.75e-19 0.98943
64907 -29.72 63.95 1.54e-19 0.96242
64904 -34.39 61.83 1.42e-19 0.94273
64898 -41.94 57.20 1.13e-19 0.88926
64901 -38.43 59.57 1.28e-19 0.91824
64829 60.59 55.29 1.20e-19 0.90299
64379 -31.37 46.31 7.69e-20 0.80429
64367 48.58 49.61 1.07e-19 0.87805
64364 44.55 51.21 1.19e-19 0.90239
64361 40.23 52.61 1.30e-19 0.92220
64358 35.61 53.80 1.39e-19 0.93809
63371 72.27 65.14 1.44e-19 0.94598
63101 -146.50 74.10 9.08e-20 0.84035
63107 41.70 76.00 1.79e-19 0.99066
63968 -159.50 80.00 1.19e-19 0.90174
64343 9.65 55.86 1.54e-19 0.96244
63365 76.09 66.19 1.43e-19 0.94404
64247 33.10 47.99 1.13e-19 0.88954
64340 4.38 55.44 1.51e-19 0.95784
64244 28.75 48.86 1.20e-19 0.90319
64238 19.66 49.87 1.28e-19 0.91828
64346 15.00 56.00 1.55e-19 0.96392
64241 24.26 49.49 1.25e-19 0.91271
64268 -8.62 49.77 1.18e-19 0.89914
64271 -4.25 50.90 1.26e-19 0.91578
64274 0.34 51.81 1.34e-19 0.92873
64277 5.12 52.47 1.39e-19 0.93769
65264 -76.74 62.99 9.07e-20 0.84010
65261 -77.40 59.97 7.69e-20 0.80428
65258 101.35 59.93 8.42e-20 0.82369
65324 -83.42 59.64 6.87e-20 0.78046
65321 107.40 59.97 7.69e-20 0.80428
65318 106.74 62.99 9.07e-20 0.84010
64145 -154.30 74.50 9.14e-20 0.84177
65189 93.62 62.41 1.05e-19 0.87292
65195 -71.35 59.93 8.42e-20 0.82369
64139 -154.30 76.50 1.02e-19 0.86545
65441 -105.01 72.61 1.04e-19 0.87168
65438 -101.49 69.80 9.46e-20 0.84954
65444 -110.04 75.29 1.13e-19 0.88944
65447 -117.41 77.77 1.20e-19 0.90315
63341 89.39 68.69 1.35e-19 0.93132
63347 84.65 67.98 1.38e-19 0.93683
65018 -45.03 65.56 1.42e-19 0.94272
65027 -40.62 68.01 1.54e-19 0.96238
65159 -8.31 82.40 1.77e-19 0.99080
63239 -16.23 58.68 1.50e-19 0.95608
63245 -13.89 57.20 1.47e-19 0.95038
65165 38.31 82.40 1.77e-19 0.99080
63419 50.72 54.13 1.26e-19 0.91593
64943 59.72 63.95 1.54e-19 0.96242
64946 64.39 61.83 1.42e-19 0.94273
64847 -30.17 59.65 1.39e-19 0.93759
65141 -58.92 68.10 1.33e-19 0.92864
65138 -61.49 65.27 1.20e-19 0.90303
64838 67.39 50.87 9.02e-20 0.83910
64841 -37.82 55.26 1.10e-19 0.88315
64844 -34.24 57.52 1.25e-19 0.91264
64478 8.63 61.84 1.73e-19 0.98651
64481 15.00 62.00 1.73e-19 0.98732
64484 21.37 61.84 1.73e-19 0.98651
64487 27.59 61.35 1.70e-19 0.98358
64421 26.51 58.40 1.62e-19 0.97311
64424 32.00 57.66 1.57e-19 0.96607
64853 -20.33 63.41 1.62e-19 0.97306
64850 -25.56 61.63 1.51e-19 0.95785
64856 -14.43 64.97 1.70e-19 0.98361
63143 -74.98 69.92 1.22e-19 0.90679
64307 50.22 45.15 8.40e-20 0.82315
64298 38.62 49.77 1.18e-19 0.89914
64301 42.75 48.42 1.07e-19 0.87803
64304 46.62 46.88 9.60e-20 0.85292
64874 30.65 67.20 1.78e-19 0.99114
64868 15.00 68.00 1.79e-19 0.98942
64871 22.96 67.80 1.79e-19 0.99030
64877 37.85 66.25 1.75e-19 0.98943
64022 20.50 86.00 1.73e-19 0.98727
64025 20.50 84.00 1.77e-19 0.99037
64397 -16.66 53.94 1.30e-19 0.92237
64019 20.50 88.00 1.68e-19 0.98182
64394 -20.85 52.27 1.18e-19 0.89910
64388 -28.18 48.44 9.07e-20 0.84012
64391 -24.68 50.43 1.04e-19 0.87168
64214 32.11 45.05 9.86e-20 0.85872
64097 -154.30 89.50 1.61e-19 0.97176
64211 27.99 45.89 1.05e-19 0.87289
65219 -52.04 80.22 1.65e-19 0.97791
64217 -11.20 45.58 9.46e-20 0.84942
65222 -41.87 82.83 1.70e-19 0.98358
64427 37.23 56.66 1.50e-19 0.95559
64199 10.61 46.88 1.13e-19 0.88948
64202 15.00 47.00 1.14e-19 0.89133
64205 19.39 46.88 1.13e-19 0.88948
64976 -5.87 72.94 1.79e-19 0.98942
64973 -14.88 71.70 1.78e-19 0.99106
64970 -22.64 70.09 1.73e-19 0.98728
65450 -128.42 79.90 1.25e-19 0.91268
65453 -144.45 81.43 1.28e-19 0.91845
65162 15.00 83.00 1.78e-19 0.99106
63203 -31.27 65.14 1.56e-19 0.96520
65279 -71.91 77.98 1.50e-19 0.95553
65285 -66.36 83.93 1.62e-19 0.97308
65282 -69.91 80.96 1.57e-19 0.96606
65471 135.01 72.61 1.04e-19 0.87168
65468 140.04 75.29 1.13e-19 0.88944
65474 131.49 69.80 9.46e-20 0.84954
65477 -118.54 73.33 9.85e-20 0.85858
62993 15.00 -90.00 -8.30e-20 -0.08299
64940 54.30 65.88 1.65e-19 0.97697
65099 -1.81 79.57 1.79e-19 0.99030
65105 31.81 79.57 1.79e-19 0.99030
65102 15.00 80.00 1.79e-19 0.98942
64688 60.98 50.85 9.85e-20 0.85853
65405 -115.34 82.12 1.39e-19 0.93763
65402 -105.13 79.58 1.34e-19 0.92871
65399 -99.24 76.82 1.26e-19 0.91595
63269 -6.11 50.90 1.25e-19 0.91337
63275 -4.48 49.24 1.18e-19 0.90007
64037 20.50 76.00 1.77e-19 0.98056
64034 20.50 78.00 1.79e-19 0.98588
64028 20.50 82.00 1.79e-19 0.99113
64031 20.50 80.00 1.79e-19 0.98958
64916 -10.90 69.01 1.77e-19 0.99079
64793 -11.53 62.26 1.65e-19 0.97797
64790 -17.07 60.82 1.57e-19 0.96601
64910 -24.30 65.88 1.65e-19 0.97697
64913 -18.05 67.59 1.73e-19 0.98646
64796 -5.47 63.42 1.72e-19 0.98543
65144 -55.70 70.89 1.46e-19 0.94978
64430 42.12 55.41 1.41e-19 0.94108
64433 46.66 53.94 1.30e-19 0.92237
64349 20.35 55.86 1.54e-19 0.96244
64352 25.62 55.44 1.51e-19 0.95784
64355 30.72 54.74 1.46e-19 0.94962
63383 65.50 62.76 1.44e-19 0.94598
63113 -138.30 76.00 1.03e-19 0.86767
64436 50.85 52.27 1.18e-19 0.89910
64334 -5.61 53.80 1.39e-19 0.93809
65504 -141.78 74.62 9.46e-20 0.84939
64331 -10.23 52.61 1.30e-19 0.92220
64328 -14.55 51.21 1.19e-19 0.90239
64169 15.00 41.00 8.31e-20 0.82100
64172 18.97 40.88 8.23e-20 0.81872
64175 6.71 43.52 9.47e-20 0.84971
64337 -0.72 54.74 1.46e-19 0.94962
64814 35.47 63.42 1.72e-19 0.98543
65147 -51.53 73.61 1.57e-19 0.96611
65249 96.90 68.78 1.26e-19 0.91598
64085 20.50 46.00 1.08e-19 0.87956
65336 -84.03 71.77 1.19e-19 0.90244
65252 98.64 65.84 1.13e-19 0.88938
65255 100.10 62.89 9.85e-20 0.85850
65330 -83.40 65.72 9.46e-20 0.84951
65333 -83.60 68.75 1.07e-19 0.87814
64418 20.81 58.85 1.65e-19 0.97702
64133 -154.30 79.50 1.17e-19 0.89759
65186 91.49 65.27 1.20e-19 0.90303
64136 -154.30 78.50 1.12e-19 0.88734
65183 88.92 68.10 1.33e-19 0.92864
65180 85.70 70.89 1.46e-19 0.94978
65192 95.42 59.53 9.02e-20 0.83881
65414 164.13 84.15 1.42e-19 0.94293
65432 121.61 68.04 9.60e-20 0.85276
65435 120.51 65.03 8.40e-20 0.82313
63263 -7.85 52.53 1.31e-19 0.92504
65429 123.21 71.02 1.07e-19 0.87824
65408 -134.13 84.15 1.42e-19 0.94293
63317 110.50 70.00 1.16e-19 0.89557
63311 115.98 69.92 1.10e-19 0.88329
65009 76.59 58.92 1.14e-19 0.89114
65015 -48.69 63.02 1.28e-19 0.91846
65012 -51.77 60.39 1.13e-19 0.88920
65528 -165.00 70.00 6.87e-20 0.78033
65531 -165.00 67.00 5.53e-20 0.73657
63413 52.73 55.69 1.31e-19 0.92445
64955 -46.59 58.92 1.14e-19 0.89114
64949 68.43 59.57 1.28e-19 0.91824
65111 57.58 76.63 1.75e-19 0.98939
65168 55.98 80.83 1.75e-19 0.98939
65108 46.27 78.38 1.78e-19 0.99116
65114 66.13 74.51 1.70e-19 0.98356
65117 72.61 72.15 1.62e-19 0.97307
64862 -0.65 67.20 1.78e-19 0.99114
64835 64.18 53.14 1.05e-19 0.87318
65456 -165.00 82.00 1.29e-19 0.92022
64469 -9.17 59.48 1.59e-19 0.96873
64475 2.41 61.35 1.70e-19 0.98358
64472 -3.56 60.56 1.65e-19 0.97796
65513 -177.19 75.64 9.74e-20 0.85582
65510 -165.00 76.00 9.83e-20 0.85813
65516 171.78 74.62 9.46e-20 0.84939
64451 -34.20 48.66 8.42e-20 0.82370
64454 -30.98 50.85 9.85e-20 0.85853
63905 -159.50 78.00 1.09e-19 0.88107
64289 24.88 52.47 1.39e-19 0.93769
64295 34.25 50.90 1.26e-19 0.91578
64292 29.66 51.81 1.34e-19 0.92873
64883 50.33 63.41 1.62e-19 0.97306
64880 44.43 64.97 1.70e-19 0.98361
65498 156.21 75.54 1.05e-19 0.87303
63584 -159.50 72.00 7.84e-20 0.80835
64886 55.56 61.63 1.51e-19 0.95785
64406 -2.00 57.66 1.57e-19 0.96607
65378 113.40 65.72 9.46e-20 0.84951
64403 -7.23 56.66 1.50e-19 0.95559
64400 -12.12 55.41 1.41e-19 0.94108
64223 -3.10 47.99 1.13e-19 0.88954
64220 -7.26 46.89 1.04e-19 0.87154
64118 -154.30 82.50 1.32e-19 0.92537
64121 -154.30 81.50 1.27e-19 0.91661
64226 1.25 48.86 1.20e-19 0.90319
64124 -154.30 80.50 1.22e-19 0.90735
63161 -58.62 69.66 1.39e-19 0.93829
