65006 73.24 61.42 1.57e-19 1.12343
65000 64.69 66.09 1.98e-19 1.22944
65003 69.32 63.82 1.79e-19 1.18453
63197 -35.09 66.19 1.98e-19 1.22897
64142 -154.30 75.50 1.08e-19 0.95210
63191 -39.22 67.15 1.95e-19 1.22349
65213 -57.99 77.44 2.03e-19 1.23961
65210 -61.92 74.59 1.90e-19 1.21079
65294 86.94 86.84 2.12e-19 1.25476
65291 15.00 89.00 2.13e-19 1.25669
65288 -56.94 86.84 2.12e-19 1.25476
65075 -57.47 61.57 1.28e-19 1.02780
62987 15.00 -74.00 3.25e-21 0.00325
65072 81.77 60.39 1.32e-19 1.04333
65486 -149.69 78.56 1.32e-19 1.04323
65069 78.69 63.02 1.56e-19 1.11884
65420 135.13 79.58 1.65e-19 1.14513
62981 15.00 -90.00 2.19e-20 0.02194
65483 -136.50 77.35 1.28e-19 1.02797
65156 -25.98 80.83 2.24e-19 1.26290
65426 125.59 73.95 1.40e-19 1.06898
65480 -126.21 75.54 1.20e-19 1.00139
63281 -2.95 47.55 1.29e-19 1.03249
63287 -1.51 45.84 1.17e-19 0.98964
65150 -45.89 76.23 2.12e-19 1.25617
65390 -91.61 68.04 1.07e-19 0.94941
63227 -18.77 60.10 1.94e-19 1.22137
65393 -93.21 71.02 1.24e-19 1.01465
65396 -95.59 73.95 1.40e-19 1.06898
63221 -21.51 61.46 1.97e-19 1.22780
63443 45.48 49.24 1.26e-19 1.02204
64046 20.50 70.00 2.17e-19 1.19976
64082 20.50 48.00 1.41e-19 1.07216
64043 20.50 72.00 2.11e-19 1.16817
64040 20.50 74.00 2.06e-19 1.14695
64781 -30.59 55.29 1.43e-19 1.07908
64778 -34.18 53.14 1.20e-19 1.00161
64784 -26.57 57.31 1.65e-19 1.14509
64079 20.50 50.00 1.56e-19 1.12086
64787 -22.08 59.16 1.84e-19 1.19692
64919 -2.88 70.09 2.23e-19 1.23273
64925 15.00 71.00 2.13e-19 1.17643
64922 5.86 70.77 2.17e-19 1.19816
64439 54.68 50.43 1.19e-19 0.99784
64445 61.37 46.31 7.93e-20 0.82884
64442 58.18 48.44 9.90e-20 0.91721
63119 -95.35 67.98 1.01e-19 0.92592
63125 -90.61 68.69 1.13e-19 0.97204
63377 68.74 63.99 1.81e-19 1.18965
64544 53.49 54.84 1.54e-19 1.11233
64187 23.29 43.52 1.05e-19 0.94152
64325 -18.58 49.61 1.24e-19 1.01437
63776 -159.50 74.00 9.56e-20 0.90269
64181 15.00 44.00 1.10e-19 0.96309
64178 10.84 43.88 1.09e-19 0.95773
64184 19.16 43.88 1.09e-19 0.95773
64013 -159.50 88.00 1.98e-19 1.22964
64250 37.26 46.89 1.19e-19 0.99764
64253 41.20 45.58 1.05e-19 0.94109
64073 20.50 54.00 1.85e-19 1.19943
64070 20.50 56.00 1.97e-19 1.22794
65246 94.74 71.70 1.73e-19 1.16853
65492 179.69 78.56 1.32e-19 1.04323
65243 91.92 74.59 1.90e-19 1.21079
65495 166.50 77.35 1.28e-19 1.02797
64076 20.50 52.00 1.71e-19 1.16353
65240 87.99 77.44 2.03e-19 1.23961
64208 23.74 46.51 1.28e-19 1.02803
64457 -27.42 52.92 1.32e-19 1.04387
65177 81.53 73.61 2.00e-19 1.23420
64166 11.03 40.88 8.68e-20 0.86414
64163 15.00 38.00 6.79e-20 0.77181
65171 67.87 78.68 2.20e-19 1.26461
64094 20.50 40.00 8.04e-20 0.83418
65174 75.89 76.23 2.12e-19 1.25617
64160 15.00 35.00 5.05e-20 0.67260
65387 -90.51 65.03 8.93e-20 0.87510
63257 -9.72 54.13 1.70e-19 1.16138
65297 96.36 83.93 2.07e-19 1.24797
63251 -11.73 55.69 1.78e-19 1.18231
65381 113.36 62.69 8.59e-20 0.85991
65384 113.42 59.64 6.79e-20 0.77197
65357 139.00 86.38 1.97e-19 1.22624
65348 -94.24 83.64 1.92e-19 1.21582
65351 -109.00 86.38 1.97e-19 1.22624
64091 20.50 42.00 9.46e-20 0.89829
65354 -165.00 88.00 1.98e-19 1.22954
63179 -48.39 68.69 1.87e-19 1.20338
63185 -43.65 67.98 1.92e-19 1.21494
63323 105.02 69.92 1.46e-19 1.08847
65342 -86.22 77.76 1.73e-19 1.16837
65345 -88.82 80.73 1.84e-19 1.19713
65339 -84.82 74.77 1.59e-19 1.12858
65045 15.00 77.00 2.13e-19 1.17643
65042 1.88 76.67 2.17e-19 1.19820
65039 -10.07 75.72 2.23e-19 1.23271
63407 54.89 57.20 1.67e-19 1.15179
65423 129.24 76.82 1.54e-19 1.11249
64823 52.08 59.16 1.84e-19 1.19692
65489 -165.00 79.00 1.34e-19 1.04873
64820 47.07 60.82 2.00e-19 1.23404
64967 -29.19 68.20 2.13e-19 1.25663
64964 -34.69 66.09 1.98e-19 1.22944
63401 57.23 58.68 1.72e-19 1.16625
63095 40.40 47.00 1.16e-19 0.98652
64961 -39.32 63.82 1.79e-19 1.18453
64958 -43.24 61.42 1.57e-19 1.12343
64826 56.57 57.31 1.65e-19 1.14509
65063 70.62 68.01 1.97e-19 1.22622
65126 84.80 64.32 1.51e-19 1.10414
65060 65.21 70.32 2.12e-19 1.25480
65123 81.58 67.01 1.73e-19 1.16738
65066 75.03 65.56 1.77e-19 1.18023
65120 77.61 69.63 1.92e-19 1.21584
64592 57.42 52.92 1.32e-19 1.04387
64499 49.14 56.59 1.73e-19 1.16832
65519 -154.87 72.69 8.68e-20 0.86386
65522 -165.00 73.00 8.81e-20 0.86971
65525 -175.13 72.69 8.68e-20 0.86386
63293 -0.15 44.10 1.05e-19 0.94254
64055 20.50 64.00 2.25e-19 1.26048
64052 20.50 66.00 2.25e-19 1.24775
64466 -14.37 58.15 1.90e-19 1.21083
64049 20.50 68.00 2.22e-19 1.22720
64463 -19.14 56.59 1.73e-19 1.16832
64460 -23.49 54.84 1.54e-19 1.11233
64889 60.17 59.65 1.73e-19 1.16748
64895 67.82 55.26 1.28e-19 1.02762
64892 64.24 57.52 1.51e-19 1.10398
65225 -22.03 85.01 2.21e-19 1.26496
64376 58.87 43.83 6.79e-20 0.77199
64004 -159.50 82.00 1.57e-19 1.12405
64370 52.30 47.83 1.05e-19 0.94095
64007 -159.50 84.00 1.72e-19 1.16627
64373 55.72 45.90 8.59e-20 0.85960
64229 5.74 49.49 1.51e-19 1.10410
64235 15.00 50.00 1.57e-19 1.12349
64232 10.34 49.87 1.56e-19 1.11856
64109 -154.30 85.50 1.83e-19 1.19425
64115 -154.30 83.50 1.69e-19 1.15754
64112 -154.30 84.50 1.76e-19 1.17677
63809 -159.50 76.00 1.11e-19 0.96415
64283 15.00 53.00 1.79e-19 1.18455
64280 10.03 52.87 1.78e-19 1.18054
64286 19.97 52.87 1.78e-19 1.18054
65312 105.25 69.00 1.40e-19 1.06892
65315 106.03 66.00 1.19e-19 0.99800
65309 104.36 72.00 1.59e-19 1.12869
65306 103.29 74.99 1.76e-19 1.17590
65198 -70.10 62.89 1.11e-19 0.96419
65201 -68.64 65.84 1.32e-19 1.04374
65204 -66.90 68.78 1.54e-19 1.11253
65207 -64.74 71.70 1.73e-19 1.16853
65300 99.91 80.96 2.00e-19 1.23412
65303 101.91 77.98 1.90e-19 1.21080
65078 -54.80 64.32 1.51e-19 1.10414
65081 -51.58 67.01 1.73e-19 1.16738
65411 -165.00 85.00 1.79e-19 1.18455
65084 -47.61 69.63 1.92e-19 1.21584
65087 -42.61 72.15 2.07e-19 1.24796
64859 -7.85 66.25 2.24e-19 1.26294
64865 7.04 67.80 2.23e-19 1.23269
65417 145.34 82.12 1.73e-19 1.16754
63329 99.62 69.66 1.54e-19 1.11297
63335 94.39 69.25 1.61e-19 1.13414
63449 43.95 47.55 1.16e-19 0.98381
63455 42.51 45.84 1.05e-19 0.94221
64994 52.64 70.09 2.22e-19 1.26486
64988 35.87 72.94 2.22e-19 1.22394
64991 44.88 71.70 2.25e-19 1.25384
63215 -24.50 62.76 1.99e-19 1.23158
65153 -37.87 78.68 2.20e-19 1.26461
64997 59.19 68.20 2.13e-19 1.25663
63209 -27.74 63.99 2.00e-19 1.23310
64934 40.90 69.01 2.25e-19 1.25697
64016 14.04 90.00 2.08e-19 1.24970
64931 32.88 70.09 2.23e-19 1.23273
63431 48.85 52.53 1.45e-19 1.08628
64928 24.14 70.77 2.17e-19 1.19816
64010 -159.50 86.00 1.86e-19 1.20167
63473 -159.50 70.00 6.82e-20 0.77320
64937 48.05 67.59 2.21e-19 1.26492
63437 47.11 50.90 1.36e-19 1.05618
65132 -65.42 59.53 9.83e-20 0.91414
65135 -63.62 62.41 1.20e-19 1.00121
65129 87.47 61.57 1.28e-19 1.02780
64772 64.20 48.66 8.96e-20 0.87645
64775 -37.39 50.87 9.83e-20 0.91457
64415 15.00 59.00 2.13e-19 1.25669
64412 9.19 58.85 2.12e-19 1.25477
64409 3.49 58.40 2.07e-19 1.24801
63137 -80.38 69.66 1.35e-19 1.05311
63131 -85.61 69.25 1.24e-19 1.01427
64316 -22.30 47.83 1.05e-19 0.94095
64313 -25.72 45.90 8.59e-20 0.85960
64310 -28.87 43.83 6.79e-20 0.77199
63155 -64.02 69.92 1.65e-19 1.14667
63149 -69.50 70.00 1.56e-19 1.11956
64259 -20.22 45.15 8.93e-20 0.87513
64265 -12.75 48.42 1.24e-19 1.01433
64262 -16.62 46.88 1.07e-19 0.94965
65327 -83.36 62.69 8.59e-20 0.85991
57281 15.00 -74.00 3.25e-21 0.00325
64100 -154.30 88.50 2.01e-19 1.23561
64103 -154.30 87.50 1.95e-19 1.22373
65237 82.04 80.22 2.12e-19 1.25619
65234 71.87 82.83 2.18e-19 1.26332
64106 -154.30 86.50 1.89e-19 1.20993
65231 52.03 85.01 2.21e-19 1.26496
65228 15.00 86.00 2.22e-19 1.26490
65267 -76.03 66.00 1.19e-19 0.99800
64088 20.50 44.00 1.10e-19 0.95995
64193 2.01 45.89 1.20e-19 1.00117
64190 -2.11 45.05 1.11e-19 0.96453
64157 -154.30 77.50 1.23e-19 1.01064
64154 -154.30 71.50 7.87e-20 0.82615
64151 -154.30 72.50 8.56e-20 0.85845
64148 -154.30 73.50 9.27e-20 0.89029
64196 6.26 46.51 1.28e-19 1.02803
64982 15.00 74.00 1.98e-19 1.11315
64985 25.77 73.73 2.13e-19 1.17645
65369 114.82 74.77 1.59e-19 1.12858
64979 4.23 73.73 2.13e-19 1.17645
65375 113.60 68.75 1.24e-19 1.01449
65372 114.03 71.77 1.42e-19 1.07742
65366 116.22 77.76 1.73e-19 1.16837
65360 124.24 83.64 1.92e-19 1.21582
65363 118.82 80.73 1.84e-19 1.19713
65459 174.45 81.43 1.56e-19 1.11883
65462 158.42 79.90 1.51e-19 1.10405
65465 147.41 77.77 1.43e-19 1.07932
63173 -53.39 69.25 1.81e-19 1.18820
65036 -20.23 74.26 2.25e-19 1.25697
65270 -75.25 69.00 1.40e-19 1.06892
65273 -74.36 72.00 1.59e-19 1.12869
64952 71.94 57.20 1.32e-19 1.04342
65276 -73.29 74.99 1.76e-19 1.17590
65030 -35.21 70.32 2.12e-19 1.25480
65033 -28.52 72.43 2.21e-19 1.26495
64808 22.07 64.82 2.25e-19 1.25698
64811 28.94 64.29 2.24e-19 1.26293
65501 148.54 73.33 1.11e-19 0.96430
63353 80.22 67.15 1.76e-19 1.17629
64817 41.53 62.26 2.12e-19 1.25627
63005 15.00 -90.00 2.19e-20 0.02194
63389 62.51 61.46 1.79e-19 1.18401
62999 15.00 -74.00 3.25e-21 0.00325
63395 59.77 60.10 1.76e-19 1.17673
65507 -152.81 75.64 1.09e-19 0.95739
65054 50.23 74.26 2.25e-19 1.25697
65096 -16.27 78.38 2.25e-19 1.25015
65051 40.07 75.72 2.23e-19 1.23271
65048 28.12 76.67 2.17e-19 1.19820
65090 -36.13 74.51 2.18e-19 1.26330
65093 -27.58 76.63 2.24e-19 1.26291
65057 58.52 72.43 2.21e-19 1.26495
64496 44.37 58.15 1.90e-19 1.21083
64490 33.56 60.56 2.12e-19 1.25625
64493 39.17 59.48 2.03e-19 1.23958
63017 15.00 -90.00 2.19e-20 0.02194
63305 121.38 69.66 1.18e-19 0.99142
63011 15.00 -74.00 3.25e-21 0.00325
63299 126.61 69.25 1.08e-19 0.95244
64058 20.50 62.00 2.22e-19 1.26494
64061 20.50 60.00 2.16e-19 1.26097
64067 20.50 58.00 2.08e-19 1.24856
64802 7.93 64.82 2.25e-19 1.25698
64805 15.00 65.00 2.25e-19 1.25384
64799 1.06 64.29 2.24e-19 1.26293
64907 -29.72 63.95 1.97e-19 1.22628
64904 -34.39 61.83 1.77e-19 1.18026
64898 -41.94 57.20 1.32e-19 1.04342
64901 -38.43 59.57 1.56e-19 1.11850
64829 60.59 55.29 1.43e-19 1.07908
64379 -31.37 46.31 7.93e-20 0.82884
64367 48.58 49.61 1.24e-19 1.01437
64364 44.55 51.21 1.42e-19 1.07734
64361 40.23 52.61 1.59e-19 1.12858
64358 35.61 53.80 1.73e-19 1.16862
63371 72.27 65.14 1.81e-19 1.18812
63101 -146.50 74.10 9.92e-20 0.91797
63107 41.70 76.00 2.24e-19 1.23729
63968 -159.50 80.00 1.42e-19 1.07574
64343 9.65 55.86 1.97e-19 1.22632
63365 76.09 66.19 1.79e-19 1.18349
64247 33.10 47.99 1.32e-19 1.04399
64340 4.38 55.44 1.92e-19 1.21602
64244 28.75 48.86 1.43e-19 1.07939
64238 19.66 49.87 1.56e-19 1.11856
64346 15.00 56.00 1.98e-19 1.22954
64241 24.26 49.49 1.51e-19 1.10410
64268 -8.62 49.77 1.40e-19 1.06897
64271 -4.25 50.90 1.54e-19 1.11222
64274 0.34 51.81 1.65e-19 1.14516
64277 5.12 52.47 1.73e-19 1.16763
65264 -76.74 62.99 9.90e-20 0.91718
65261 -77.40 59.97 7.93e-20 0.82882
65258 101.35 59.93 8.96e-20 0.87643
65324 -83.42 59.64 6.79e-20 0.77197
65321 107.40 59.97 7.93e-20 0.82882
65318 106.74 62.99 9.90e-20 0.91718
64145 -154.30 74.50 1.00e-19 0.92155
65189 93.62 62.41 1.20e-19 1.00121
65195 -71.35 59.93 8.96e-20 0.87643
64139 -154.30 76.50 1.15e-19 0.98184
65441 -105.01 72.61 1.19e-19 0.99785
65438 -101.49 69.80 1.05e-19 0.94126
65444 -110.04 75.29 1.32e-19 1.04383
65447 -117.41 77.77 1.43e-19 1.07932
63341 89.39 68.69 1.67e-19 1.15170
63347 84.65 67.98 1.72e-19 1.16557
65018 -45.03 65.56 1.77e-19 1.18023
65027 -40.62 68.01 1.97e-19 1.22622
65159 -8.31 82.40 2.25e-19 1.25698
63239 -16.23 58.68 1.90e-19 1.21199
63245 -13.89 57.20 1.85e-19 1.19877
65165 38.31 82.40 2.25e-19 1.25698
63419 50.72 54.13 1.53e-19 1.11237
64943 59.72 63.95 1.97e-19 1.22628
64946 64.39 61.83 1.77e-19 1.18026
64847 -30.17 59.65 1.73e-19 1.16748
65141 -58.92 68.10 1.65e-19 1.14502
65138 -61.49 65.27 1.43e-19 1.07913
64838 67.39 50.87 9.83e-20 0.91457
64841 -37.82 55.26 1.28e-19 1.02762
64844 -34.24 57.52 1.51e-19 1.10398
64478 8.63 61.84 2.21e-19 1.26497
64481 15.00 62.00 2.22e-19 1.26490
64484 21.37 61.84 2.21e-19 1.26497
64487 27.59 61.35 2.18e-19 1.26332
64421 26.51 58.40 2.07e-19 1.24801
64424 32.00 57.66 2.00e-19 1.23414
64853 -20.33 63.41 2.07e-19 1.24794
64850 -25.56 61.63 1.92e-19 1.21603
64856 -14.43 64.97 2.18e-19 1.26336
63143 -74.98 69.92 1.46e-19 1.08869
64307 50.22 45.15 8.93e-20 0.87513
64298 38.62 49.77 1.40e-19 1.06897
64301 42.75 48.42 1.24e-19 1.01433
64304 46.62 46.88 1.07e-19 0.94965
64874 30.65 67.20 2.25e-19 1.25015
64868 15.00 68.00 2.22e-19 1.22395
64871 22.96 67.80 2.23e-19 1.23269
64877 37.85 66.25 2.24e-19 1.26294
64022 20.50 86.00 2.22e-19 1.26491
64025 20.50 84.00 2.25e-19 1.25986
64397 -16.66 53.94 1.59e-19 1.12886
64019 20.50 88.00 2.16e-19 1.26152
64394 -20.85 52.27 1.40e-19 1.06892
64388 -28.18 48.44 9.90e-20 0.91721
64391 -24.68 50.43 1.19e-19 0.99784
64214 32.11 45.05 1.11e-19 0.96453
64097 -154.30 89.50 2.06e-19 1.24551
64211 27.99 45.89 1.20e-19 1.00117
65219 -52.04 80.22 2.12e-19 1.25619
64217 -11.20 45.58 1.05e-19 0.94109
65222 -41.87 82.83 2.18e-19 1.26332
64427 37.23 56.66 1.90e-19 1.21089
64199 10.61 46.88 1.32e-19 1.04376
64202 15.00 47.00 1.34e-19 1.04873
64205 19.39 46.88 1.32e-19 1.04376
64976 -5.87 72.94 2.22e-19 1.22394
64973 -14.88 71.70 2.25e-19 1.25384
64970 -22.64 70.09 2.22e-19 1.26486
65450 -128.42 79.90 1.51e-19 1.10405
65453 -144.45 81.43 1.56e-19 1.11883
65162 15.00 83.00 2.25e-19 1.25384
63203 -31.27 65.14 1.99e-19 1.23228
65279 -71.91 77.98 1.90e-19 1.21080
65285 -66.36 83.93 2.07e-19 1.24797
65282 -69.91 80.96 2.00e-19 1.23412
65471 135.01 72.61 1.19e-19 0.99785
65468 140.04 75.29 1.32e-19 1.04383
65474 131.49 69.80 1.05e-19 0.94126
65477 -118.54 73.33 1.11e-19 0.96430
62993 15.00 -90.00 2.19e-20 0.02194
64940 54.30 65.88 2.11e-19 1.25470
65099 -1.81 79.57 2.23e-19 1.23270
65105 31.81 79.57 2.23e-19 1.23270
65102 15.00 80.00 2.22e-19 1.22395
64688 60.98 50.85 1.11e-19 0.96423
65405 -115.34 82.12 1.73e-19 1.16754
65402 -105.13 79.58 1.65e-19 1.14513
65399 -99.24 76.82 1.54e-19 1.11249
63269 -6.11 50.90 1.51e-19 1.10594
63275 -4.48 49.24 1.41e-19 1.07150
64037 20.50 76.00 2.10e-19 1.16600
64034 20.50 78.00 2.17e-19 1.19763
64028 20.50 82.00 2.25e-19 1.24657
64031 20.50 80.00 2.22e-19 1.22549
64916 -10.90 69.01 2.25e-19 1.25697
64793 -11.53 62.26 2.12e-19 1.25627
64790 -17.07 60.82 2.00e-19 1.23404
64910 -24.30 65.88 2.11e-19 1.25470
64913 -18.05 67.59 2.21e-19 1.26492
64796 -5.47 63.42 2.20e-19 1.26458
65144 -55.70 70.89 1.84e-19 1.19722
64430 42.12 55.41 1.76e-19 1.17608
64433 46.66 53.94 1.59e-19 1.12886
64349 20.35 55.86 1.97e-19 1.22632
64352 25.62 55.44 1.92e-19 1.21602
64355 30.72 54.74 1.84e-19 1.19698
63383 65.50 62.76 1.81e-19 1.18821
63113 -138.30 76.00 1.17e-19 0.98756
64436 50.85 52.27 1.40e-19 1.06892
64334 -5.61 53.80 1.73e-19 1.16862
65504 -141.78 74.62 1.05e-19 0.94103
64331 -10.23 52.61 1.59e-19 1.12858
64328 -14.55 51.21 1.42e-19 1.07734
64169 15.00 41.00 8.81e-20 0.86971
64172 18.97 40.88 8.68e-20 0.86414
64175 6.71 43.52 1.05e-19 0.94152
64337 -0.72 54.74 1.84e-19 1.19698
64814 35.47 63.42 2.20e-19 1.26458
65147 -51.53 73.61 2.00e-19 1.23420
65249 96.90 68.78 1.54e-19 1.11253
64085 20.50 46.00 1.25e-19 1.01822
65336 -84.03 71.77 1.42e-19 1.07742
65252 98.64 65.84 1.32e-19 1.04374
65255 100.10 62.89 1.11e-19 0.96419
65330 -83.40 65.72 1.05e-19 0.94121
65333 -83.60 68.75 1.24e-19 1.01449
64418 20.81 58.85 2.12e-19 1.25477
64133 -154.30 79.50 1.39e-19 1.06497
65186 91.49 65.27 1.43e-19 1.07913
64136 -154.30 78.50 1.31e-19 1.03839
65183 88.92 68.10 1.65e-19 1.14502
65180 85.70 70.89 1.84e-19 1.19722
65192 95.42 59.53 9.83e-20 0.91414
65414 164.13 84.15 1.78e-19 1.18056
65432 121.61 68.04 1.07e-19 0.94941
65435 120.51 65.03 8.93e-20 0.87510
63263 -7.85 52.53 1.61e-19 1.13587
65429 123.21 71.02 1.24e-19 1.01465
65408 -134.13 84.15 1.78e-19 1.18056
63317 110.50 70.00 1.37e-19 1.05973
63311 115.98 69.92 1.28e-19 1.02773
65009 76.59 58.92 1.34e-19 1.04844
65015 -48.69 63.02 1.56e-19 1.11884
65012 -51.77 60.39 1.32e-19 1.04333
65528 -165.00 70.00 6.79e-20 0.77181
65531 -165.00 67.00 5.05e-20 0.67260
63413 52.73 55.69 1.61e-19 1.13421
64955 -46.59 58.92 1.34e-19 1.04844
64949 68.43 59.57 1.56e-19 1.11850
65111 57.58 76.63 2.24e-19 1.26291
65168 55.98 80.83 2.24e-19 1.26290
65108 46.27 78.38 2.25e-19 1.25015
65114 66.13 74.51 2.18e-19 1.26330
65117 72.61 72.15 2.07e-19 1.24796
64862 -0.65 67.20 2.25e-19 1.25015
64835 64.18 53.14 1.20e-19 1.00161
65456 -165.00 82.00 1.57e-19 1.12349
64469 -9.17 59.48 2.03e-19 1.23958
64475 2.41 61.35 2.18e-19 1.26332
64472 -3.56 60.56 2.12e-19 1.25625
65513 -177.19 75.64 1.09e-19 0.95739
65510 -165.00 76.00 1.10e-19 0.96309
65516 171.78 74.62 1.05e-19 0.94103
64451 -34.20 48.66 8.96e-20 0.87645
64454 -30.98 50.85 1.11e-19 0.96423
63905 -159.50 78.00 1.26e-19 1.02215
64289 24.88 52.47 1.73e-19 1.16763
64295 34.25 50.90 1.54e-19 1.11222
64292 29.66 51.81 1.65e-19 1.14516
64883 50.33 63.41 2.07e-19 1.24794
64880 44.43 64.97 2.18e-19 1.26336
65498 156.21 75.54 1.20e-19 1.00139
63584 -159.50 72.00 8.14e-20 0.83872
64886 55.56 61.63 1.92e-19 1.21603
64406 -2.00 57.66 2.00e-19 1.23414
65378 113.40 65.72 1.05e-19 0.94121
64403 -7.23 56.66 1.90e-19 1.21089
64400 -12.12 55.41 1.76e-19 1.17608
64223 -3.10 47.99 1.32e-19 1.04399
64220 -7.26 46.89 1.19e-19 0.99764
64118 -154.30 82.50 1.62e-19 1.13666
64121 -154.30 81.50 1.54e-19 1.11421
64226 1.25 48.86 1.43e-19 1.07939
64124 -154.30 80.50 1.46e-19 1.09028
63161 -58.62 69.66 1.73e-19 1.16928
