65006 73.24 61.42 1.16e-19 0.82965
65000 64.69 66.09 1.32e-19 0.82059
65003 69.32 63.82 1.25e-19 0.82566
63197 -35.09 66.19 1.32e-19 0.82065
64142 -154.30 75.50 9.43e-20 0.83477
63191 -39.22 67.15 1.31e-19 0.82155
65213 -57.99 77.44 1.34e-19 0.81890
65210 -61.92 74.59 1.29e-19 0.82308
65294 86.94 86.84 1.37e-19 0.81521
65291 15.00 89.00 1.38e-19 0.81452
65288 -56.94 86.84 1.37e-19 0.81521
65075 -57.47 61.57 1.04e-19 0.83325
62987 15.00 -74.00 -1.45e-20 -0.01447
65072 81.77 60.39 1.06e-19 0.83272
65486 -149.69 78.56 1.06e-19 0.83268
65069 78.69 63.02 1.15e-19 0.82998
65420 135.13 79.58 1.19e-19 0.82849
62981 15.00 -90.00 -3.72e-20 -0.03715
65483 -136.50 77.35 1.04e-19 0.83332
65156 -25.98 80.83 1.43e-19 0.80428
65426 125.59 73.95 1.09e-19 0.83200
65480 -126.21 75.54 1.00e-19 0.83386
63281 -2.95 47.55 1.04e-19 0.83302
63287 -1.51 45.84 9.88e-20 0.83420
65150 -45.89 76.23 1.38e-19 0.81469
65390 -91.61 68.04 9.40e-20 0.83479
63227 -18.77 60.10 1.31e-19 0.82180
65393 -93.21 71.02 1.02e-19 0.83368
65396 -95.59 73.95 1.09e-19 0.83200
63221 -21.51 61.46 1.32e-19 0.82086
63443 45.48 49.24 1.03e-19 0.83333
64046 20.50 70.00 1.42e-19 0.78405
64082 20.50 48.00 1.09e-19 0.83186
64043 20.50 72.00 1.40e-19 0.77762
64040 20.50 74.00 1.39e-19 0.77364
64781 -30.59 55.29 1.10e-19 0.83155
64778 -34.18 53.14 1.00e-19 0.83396
64784 -26.57 57.31 1.19e-19 0.82847
64079 20.50 50.00 1.16e-19 0.82980
64787 -22.08 59.16 1.27e-19 0.82445
64919 -2.88 70.09 1.43e-19 0.79203
64925 15.00 71.00 1.41e-19 0.77923
64922 5.86 70.77 1.42e-19 0.78370
64439 54.68 50.43 9.99e-20 0.83397
64445 61.37 46.31 7.99e-20 0.83574
64442 58.18 48.44 9.01e-20 0.83533
63119 -95.35 67.98 9.12e-20 0.83511
63125 -90.61 68.69 9.67e-20 0.83458
63377 68.74 63.99 1.26e-19 0.82522
64544 53.49 54.84 1.15e-19 0.83015
64187 23.29 43.52 9.30e-20 0.83501
64325 -18.58 49.61 1.02e-19 0.83355
63776 -159.50 74.00 8.84e-20 0.83536
64181 15.00 44.00 9.56e-20 0.83460
64178 10.84 43.88 9.50e-20 0.83473
64184 19.16 43.88 9.50e-20 0.83473
64013 -159.50 88.00 1.32e-19 0.82061
64250 37.26 46.89 9.98e-20 0.83388
64253 41.20 45.58 9.30e-20 0.83481
64073 20.50 54.00 1.27e-19 0.82431
64070 20.50 56.00 1.32e-19 0.82087
65246 94.74 71.70 1.22e-19 0.82696
65492 179.69 78.56 1.06e-19 0.83268
65243 91.92 74.59 1.29e-19 0.82308
65495 166.50 77.35 1.04e-19 0.83332
64076 20.50 52.00 1.22e-19 0.82728
65240 87.99 77.44 1.34e-19 0.81890
64208 23.74 46.51 1.04e-19 0.83335
64457 -27.42 52.92 1.06e-19 0.83279
65177 81.53 73.61 1.33e-19 0.81988
64166 11.03 40.88 8.40e-20 0.83558
64163 15.00 38.00 7.35e-20 0.83562
65171 67.87 78.68 1.41e-19 0.80931
64094 20.50 40.00 8.05e-20 0.83571
65174 75.89 76.23 1.38e-19 0.81469
64160 15.00 35.00 6.27e-20 0.83475
65387 -90.51 65.03 8.52e-20 0.83547
63257 -9.72 54.13 1.21e-19 0.82748
65297 96.36 83.93 1.36e-19 0.81710
63251 -11.73 55.69 1.25e-19 0.82592
65381 113.36 62.69 8.35e-20 0.83573
65384 113.42 59.64 7.35e-20 0.83572
65357 139.00 86.38 1.32e-19 0.82110
65348 -94.24 83.64 1.30e-19 0.82246
65351 -109.00 86.38 1.32e-19 0.82110
64091 20.50 42.00 8.79e-20 0.83539
65354 -165.00 88.00 1.32e-19 0.82062
63179 -48.39 68.69 1.28e-19 0.82394
63185 -43.65 67.98 1.30e-19 0.82262
63323 105.02 69.92 1.11e-19 0.83134
65342 -86.22 77.76 1.22e-19 0.82689
65345 -88.82 80.73 1.27e-19 0.82453
65339 -84.82 74.77 1.17e-19 0.82937
65045 15.00 77.00 1.41e-19 0.77923
65042 1.88 76.67 1.42e-19 0.78372
65039 -10.07 75.72 1.43e-19 0.79203
63407 54.89 57.20 1.20e-19 0.82799
65423 129.24 76.82 1.15e-19 0.83022
64823 52.08 59.16 1.27e-19 0.82445
65489 -165.00 79.00 1.06e-19 0.83264
64820 47.07 60.82 1.33e-19 0.81982
64967 -29.19 68.20 1.38e-19 0.81450
64964 -34.69 66.09 1.32e-19 0.82059
63401 57.23 58.68 1.22e-19 0.82717
63095 40.40 47.00 9.85e-20 0.83418
64961 -39.32 63.82 1.25e-19 0.82566
64958 -43.24 61.42 1.16e-19 0.82965
64826 56.57 57.31 1.19e-19 0.82847
65063 70.62 68.01 1.32e-19 0.82110
65126 84.80 64.32 1.13e-19 0.83064
65060 65.21 70.32 1.37e-19 0.81523
65123 81.58 67.01 1.22e-19 0.82698
65066 75.03 65.56 1.24e-19 0.82597
65120 77.61 69.63 1.30e-19 0.82247
64592 57.42 52.92 1.06e-19 0.83279
64499 49.14 56.59 1.22e-19 0.82687
65519 -154.87 72.69 8.40e-20 0.83544
65522 -165.00 73.00 8.46e-20 0.83559
65525 -175.13 72.69 8.40e-20 0.83544
63293 -0.15 44.10 9.31e-20 0.83499
64055 20.50 64.00 1.43e-19 0.80246
64052 20.50 66.00 1.44e-19 0.79671
64466 -14.37 58.15 1.29e-19 0.82309
64049 20.50 68.00 1.43e-19 0.79054
64463 -19.14 56.59 1.22e-19 0.82687
64460 -23.49 54.84 1.15e-19 0.83015
64889 60.17 59.65 1.22e-19 0.82702
64895 67.82 55.26 1.04e-19 0.83317
64892 64.24 57.52 1.13e-19 0.83058
65225 -22.03 85.01 1.41e-19 0.80833
64376 58.87 43.83 7.36e-20 0.83573
64004 -159.50 82.00 1.16e-19 0.82964
64370 52.30 47.83 9.30e-20 0.83474
64007 -159.50 84.00 1.22e-19 0.82709
64373 55.72 45.90 8.35e-20 0.83558
64229 5.74 49.49 1.13e-19 0.83063
64235 15.00 50.00 1.16e-19 0.82967
64232 10.34 49.87 1.15e-19 0.82987
64109 -154.30 85.50 1.26e-19 0.82481
64115 -154.30 83.50 1.21e-19 0.82769
64112 -154.30 84.50 1.24e-19 0.82630
63809 -159.50 76.00 9.58e-20 0.83459
64283 15.00 53.00 1.25e-19 0.82567
64280 10.03 52.87 1.24e-19 0.82610
64286 19.97 52.87 1.24e-19 0.82610
65312 105.25 69.00 1.09e-19 0.83197
65315 106.03 66.00 9.99e-20 0.83404
65309 104.36 72.00 1.17e-19 0.82941
65306 103.29 74.99 1.24e-19 0.82633
65198 -70.10 62.89 9.58e-20 0.83447
65201 -68.64 65.84 1.06e-19 0.83274
65204 -66.90 68.78 1.15e-19 0.83023
65207 -64.74 71.70 1.22e-19 0.82696
65300 99.91 80.96 1.33e-19 0.81985
65303 101.91 77.98 1.29e-19 0.82308
65078 -54.80 64.32 1.13e-19 0.83064
65081 -51.58 67.01 1.22e-19 0.82698
65411 -165.00 85.00 1.25e-19 0.82567
65084 -47.61 69.63 1.30e-19 0.82247
65087 -42.61 72.15 1.36e-19 0.81710
64859 -7.85 66.25 1.43e-19 0.80430
64865 7.04 67.80 1.43e-19 0.79203
65417 145.34 82.12 1.22e-19 0.82704
63329 99.62 69.66 1.15e-19 0.83014
63335 94.39 69.25 1.18e-19 0.82910
63449 43.95 47.55 9.82e-20 0.83415
63455 42.51 45.84 9.31e-20 0.83500
64994 52.64 70.09 1.42e-19 0.80732
64988 35.87 72.94 1.43e-19 0.78970
64991 44.88 71.70 1.43e-19 0.79907
63215 -24.50 62.76 1.33e-19 0.82025
65153 -37.87 78.68 1.41e-19 0.80931
64997 59.19 68.20 1.38e-19 0.81450
63209 -27.74 63.99 1.33e-19 0.82005
64934 40.90 69.01 1.43e-19 0.80050
64016 14.04 90.00 1.36e-19 0.81667
64931 32.88 70.09 1.43e-19 0.79203
63431 48.85 52.53 1.11e-19 0.83130
64928 24.14 70.77 1.42e-19 0.78370
64010 -159.50 86.00 1.28e-19 0.82408
63473 -159.50 70.00 7.37e-20 0.83563
64937 48.05 67.59 1.41e-19 0.80831
63437 47.11 50.90 1.07e-19 0.83234
65132 -65.42 59.53 8.98e-20 0.83520
65135 -63.62 62.41 1.00e-19 0.83378
65129 87.47 61.57 1.04e-19 0.83325
64772 64.20 48.66 8.54e-20 0.83550
64775 -37.39 50.87 8.98e-20 0.83542
64415 15.00 59.00 1.38e-19 0.81452
64412 9.19 58.85 1.37e-19 0.81521
64409 3.49 58.40 1.36e-19 0.81712
63137 -80.38 69.66 1.07e-19 0.83238
63131 -85.61 69.25 1.02e-19 0.83353
64316 -22.30 47.83 9.30e-20 0.83474
64313 -25.72 45.90 8.35e-20 0.83558
64310 -28.87 43.83 7.36e-20 0.83573
63155 -64.02 69.92 1.19e-19 0.82845
63149 -69.50 70.00 1.16e-19 0.82986
64259 -20.22 45.15 8.52e-20 0.83548
64265 -12.75 48.42 1.02e-19 0.83354
64262 -16.62 46.88 9.40e-20 0.83490
65327 -83.36 62.69 8.35e-20 0.83573
57281 15.00 -74.00 -1.45e-20 -0.01447
64100 -154.30 88.50 1.33e-19 0.81964
64103 -154.30 87.50 1.31e-19 0.82147
65237 82.04 80.22 1.38e-19 0.81470
65234 71.87 82.83 1.40e-19 0.81096
64106 -154.30 86.50 1.29e-19 0.82319
65231 52.03 85.01 1.41e-19 0.80833
65228 15.00 86.00 1.42e-19 0.80734
65267 -76.03 66.00 9.99e-20 0.83404
64088 20.50 44.00 9.52e-20 0.83465
64193 2.01 45.89 1.00e-19 0.83376
64190 -2.11 45.05 9.58e-20 0.83463
64157 -154.30 77.50 1.01e-19 0.83366
64154 -154.30 71.50 7.96e-20 0.83572
64151 -154.30 72.50 8.33e-20 0.83564
64148 -154.30 73.50 8.70e-20 0.83546
64196 6.26 46.51 1.04e-19 0.83335
64982 15.00 74.00 1.36e-19 0.76764
64985 25.77 73.73 1.41e-19 0.77924
65369 114.82 74.77 1.17e-19 0.82937
64979 4.23 73.73 1.41e-19 0.77924
65375 113.60 68.75 1.02e-19 0.83361
65372 114.03 71.77 1.10e-19 0.83177
65366 116.22 77.76 1.22e-19 0.82689
65360 124.24 83.64 1.30e-19 0.82246
65363 118.82 80.73 1.27e-19 0.82453
65459 174.45 81.43 1.15e-19 0.82998
65462 158.42 79.90 1.13e-19 0.83060
65465 147.41 77.77 1.10e-19 0.83165
63173 -53.39 69.25 1.25e-19 0.82535
65036 -20.23 74.26 1.43e-19 0.80050
65270 -75.25 69.00 1.09e-19 0.83197
65273 -74.36 72.00 1.17e-19 0.82941
64952 71.94 57.20 1.06e-19 0.83276
65276 -73.29 74.99 1.24e-19 0.82633
65030 -35.21 70.32 1.37e-19 0.81523
65033 -28.52 72.43 1.41e-19 0.80832
64808 22.07 64.82 1.43e-19 0.80051
64811 28.94 64.29 1.43e-19 0.80429
65501 148.54 73.33 9.58e-20 0.83453
63353 80.22 67.15 1.24e-19 0.82639
64817 41.53 62.26 1.38e-19 0.81473
63005 15.00 -90.00 -3.72e-20 -0.03715
63389 62.51 61.46 1.25e-19 0.82569
62999 15.00 -74.00 -1.45e-20 -0.01447
63395 59.77 60.10 1.24e-19 0.82631
65507 -152.81 75.64 9.50e-20 0.83456
65054 50.23 74.26 1.43e-19 0.80050
65096 -16.27 78.38 1.44e-19 0.79759
65051 40.07 75.72 1.43e-19 0.79203
65048 28.12 76.67 1.42e-19 0.78372
65090 -36.13 74.51 1.40e-19 0.81095
65093 -27.58 76.63 1.43e-19 0.80428
65057 58.52 72.43 1.41e-19 0.80832
64496 44.37 58.15 1.29e-19 0.82309
64490 33.56 60.56 1.38e-19 0.81472
64493 39.17 59.48 1.34e-19 0.81889
63017 15.00 -90.00 -3.72e-20 -0.03715
63305 121.38 69.66 9.91e-20 0.83395
63011 15.00 -74.00 -1.45e-20 -0.01447
63299 126.61 69.25 9.43e-20 0.83472
64058 20.50 62.00 1.42e-19 0.80776
64061 20.50 60.00 1.39e-19 0.81259
64067 20.50 58.00 1.36e-19 0.81696
64802 7.93 64.82 1.43e-19 0.80051
64805 15.00 65.00 1.43e-19 0.79907
64799 1.06 64.29 1.43e-19 0.80429
64907 -29.72 63.95 1.32e-19 0.82112
64904 -34.39 61.83 1.24e-19 0.82598
64898 -41.94 57.20 1.06e-19 0.83276
64901 -38.43 59.57 1.15e-19 0.82984
64829 60.59 55.29 1.10e-19 0.83155
64379 -31.37 46.31 7.99e-20 0.83574
64367 48.58 49.61 1.02e-19 0.83355
64364 44.55 51.21 1.10e-19 0.83173
64361 40.23 52.61 1.17e-19 0.82937
64358 35.61 53.80 1.22e-19 0.82700
63371 72.27 65.14 1.25e-19 0.82536
63101 -146.50 74.10 9.02e-20 0.83521
63107 41.70 76.00 1.44e-19 0.79334
63968 -159.50 80.00 1.10e-19 0.83173
64343 9.65 55.86 1.32e-19 0.82114
63365 76.09 66.19 1.25e-19 0.82568
64247 33.10 47.99 1.06e-19 0.83284
64340 4.38 55.44 1.30e-19 0.82254
64244 28.75 48.86 1.10e-19 0.83168
64238 19.66 49.87 1.15e-19 0.82987
64346 15.00 56.00 1.32e-19 0.82062
64241 24.26 49.49 1.13e-19 0.83063
64268 -8.62 49.77 1.09e-19 0.83199
64271 -4.25 50.90 1.15e-19 0.83010
64274 0.34 51.81 1.19e-19 0.82850
64277 5.12 52.47 1.22e-19 0.82708
65264 -76.74 62.99 9.01e-20 0.83531
65261 -77.40 59.97 7.99e-20 0.83573
65258 101.35 59.93 8.54e-20 0.83549
65324 -83.42 59.64 7.35e-20 0.83572
65321 107.40 59.97 7.99e-20 0.83573
65318 106.74 62.99 9.01e-20 0.83531
64145 -154.30 74.50 9.07e-20 0.83517
65189 93.62 62.41 1.00e-19 0.83378
65195 -71.35 59.93 8.54e-20 0.83549
64139 -154.30 76.50 9.79e-20 0.83427
65441 -105.01 72.61 9.99e-20 0.83397
65438 -101.49 69.80 9.30e-20 0.83489
65444 -110.04 75.29 1.06e-19 0.83278
65447 -117.41 77.77 1.10e-19 0.83165
63341 89.39 68.69 1.20e-19 0.82811
63347 84.65 67.98 1.22e-19 0.82715
65018 -45.03 65.56 1.24e-19 0.82597
65027 -40.62 68.01 1.32e-19 0.82110
65159 -8.31 82.40 1.43e-19 0.80050
63239 -16.23 58.68 1.29e-19 0.82303
63245 -13.89 57.20 1.27e-19 0.82430
65165 38.31 82.40 1.43e-19 0.80050
63419 50.72 54.13 1.15e-19 0.83027
64943 59.72 63.95 1.32e-19 0.82112
64946 64.39 61.83 1.24e-19 0.82598
64847 -30.17 59.65 1.22e-19 0.82702
65141 -58.92 68.10 1.19e-19 0.82844
65138 -61.49 65.27 1.10e-19 0.83157
64838 67.39 50.87 8.98e-20 0.83542
64841 -37.82 55.26 1.04e-19 0.83317
64844 -34.24 57.52 1.13e-19 0.83058
64478 8.63 61.84 1.41e-19 0.80833
64481 15.00 62.00 1.42e-19 0.80734
64484 21.37 61.84 1.41e-19 0.80833
64487 27.59 61.35 1.40e-19 0.81096
64421 26.51 58.40 1.36e-19 0.81712
64424 32.00 57.66 1.33e-19 0.81986
64853 -20.33 63.41 1.36e-19 0.81709
64850 -25.56 61.63 1.30e-19 0.82255
64856 -14.43 64.97 1.40e-19 0.81098
63143 -74.98 69.92 1.11e-19 0.83133
64307 50.22 45.15 8.52e-20 0.83548
64298 38.62 49.77 1.09e-19 0.83199
64301 42.75 48.42 1.02e-19 0.83354
64304 46.62 46.88 9.40e-20 0.83490
64874 30.65 67.20 1.44e-19 0.79759
64868 15.00 68.00 1.43e-19 0.78970
64871 22.96 67.80 1.43e-19 0.79203
64877 37.85 66.25 1.43e-19 0.80430
64022 20.50 86.00 1.42e-19 0.80740
64025 20.50 84.00 1.43e-19 0.80207
64397 -16.66 53.94 1.17e-19 0.82948
64019 20.50 88.00 1.39e-19 0.81227
64394 -20.85 52.27 1.09e-19 0.83197
64388 -28.18 48.44 9.01e-20 0.83533
64391 -24.68 50.43 9.99e-20 0.83397
64214 32.11 45.05 9.58e-20 0.83463
64097 -154.30 89.50 1.35e-19 0.81769
64211 27.99 45.89 1.00e-19 0.83376
65219 -52.04 80.22 1.38e-19 0.81470
64217 -11.20 45.58 9.30e-20 0.83481
65222 -41.87 82.83 1.40e-19 0.81096
64427 37.23 56.66 1.29e-19 0.82312
64199 10.61 46.88 1.06e-19 0.83291
64202 15.00 47.00 1.06e-19 0.83264
64205 19.39 46.88 1.06e-19 0.83291
64976 -5.87 72.94 1.43e-19 0.78970
64973 -14.88 71.70 1.43e-19 0.79907
64970 -22.64 70.09 1.42e-19 0.80732
65450 -128.42 79.90 1.13e-19 0.83060
65453 -144.45 81.43 1.15e-19 0.82998
65162 15.00 83.00 1.43e-19 0.79907
63203 -31.27 65.14 1.33e-19 0.82020
65279 -71.91 77.98 1.29e-19 0.82308
65285 -66.36 83.93 1.36e-19 0.81710
65282 -69.91 80.96 1.33e-19 0.81985
65471 135.01 72.61 9.99e-20 0.83397
65468 140.04 75.29 1.06e-19 0.83278
65474 131.49 69.80 9.30e-20 0.83489
65477 -118.54 73.33 9.58e-20 0.83453
62993 15.00 -90.00 -3.72e-20 -0.03715
64940 54.30 65.88 1.37e-19 0.81519
65099 -1.81 79.57 1.43e-19 0.79203
65105 31.81 79.57 1.43e-19 0.79203
65102 15.00 80.00 1.43e-19 0.78970
64688 60.98 50.85 9.58e-20 0.83449
65405 -115.34 82.12 1.22e-19 0.82704
65402 -105.13 79.58 1.19e-19 0.82849
65399 -99.24 76.82 1.15e-19 0.83022
63269 -6.11 50.90 1.14e-19 0.83045
63275 -4.48 49.24 1.09e-19 0.83184
64037 20.50 76.00 1.40e-19 0.77720
64034 20.50 78.00 1.42e-19 0.78359
64028 20.50 82.00 1.44e-19 0.79629
64031 20.50 80.00 1.43e-19 0.79010
64916 -10.90 69.01 1.43e-19 0.80050
64793 -11.53 62.26 1.38e-19 0.81473
64790 -17.07 60.82 1.33e-19 0.81982
64910 -24.30 65.88 1.37e-19 0.81519
64913 -18.05 67.59 1.41e-19 0.80831
64796 -5.47 63.42 1.41e-19 0.80930
65144 -55.70 70.89 1.27e-19 0.82456
64430 42.12 55.41 1.24e-19 0.82641
64433 46.66 53.94 1.17e-19 0.82948
64349 20.35 55.86 1.32e-19 0.82114
64352 25.62 55.44 1.30e-19 0.82254
64355 30.72 54.74 1.27e-19 0.82447
63383 65.50 62.76 1.25e-19 0.82529
63113 -138.30 76.00 9.86e-20 0.83416
64436 50.85 52.27 1.09e-19 0.83197
64334 -5.61 53.80 1.22e-19 0.82700
65504 -141.78 74.62 9.30e-20 0.83478
64331 -10.23 52.61 1.17e-19 0.82937
64328 -14.55 51.21 1.10e-19 0.83173
64169 15.00 41.00 8.46e-20 0.83559
64172 18.97 40.88 8.40e-20 0.83558
64175 6.71 43.52 9.30e-20 0.83501
64337 -0.72 54.74 1.27e-19 0.82447
64814 35.47 63.42 1.41e-19 0.80930
65147 -51.53 73.61 1.33e-19 0.81988
65249 96.90 68.78 1.15e-19 0.83023
64085 20.50 46.00 1.02e-19 0.83348
65336 -84.03 71.77 1.10e-19 0.83177
65252 98.64 65.84 1.06e-19 0.83274
65255 100.10 62.89 9.58e-20 0.83447
65330 -83.40 65.72 9.30e-20 0.83487
65333 -83.60 68.75 1.02e-19 0.83361
64418 20.81 58.85 1.37e-19 0.81521
64133 -154.30 79.50 1.08e-19 0.83211
65186 91.49 65.27 1.10e-19 0.83157
64136 -154.30 78.50 1.05e-19 0.83294
65183 88.92 68.10 1.19e-19 0.82844
65180 85.70 70.89 1.27e-19 0.82456
65192 95.42 59.53 8.98e-20 0.83520
65414 164.13 84.15 1.24e-19 0.82610
65432 121.61 68.04 9.40e-20 0.83479
65435 120.51 65.03 8.52e-20 0.83547
63263 -7.85 52.53 1.18e-19 0.82897
65429 123.21 71.02 1.02e-19 0.83368
65408 -134.13 84.15 1.24e-19 0.82610
63317 110.50 70.00 1.08e-19 0.83229
63311 115.98 69.92 1.04e-19 0.83335
65009 76.59 58.92 1.06e-19 0.83251
65015 -48.69 63.02 1.15e-19 0.82998
65012 -51.77 60.39 1.06e-19 0.83272
65528 -165.00 70.00 7.35e-20 0.83562
65531 -165.00 67.00 6.27e-20 0.83475
63413 52.73 55.69 1.18e-19 0.82917
64955 -46.59 58.92 1.06e-19 0.83251
64949 68.43 59.57 1.15e-19 0.82984
65111 57.58 76.63 1.43e-19 0.80428
65168 55.98 80.83 1.43e-19 0.80428
65108 46.27 78.38 1.44e-19 0.79759
65114 66.13 74.51 1.40e-19 0.81095
65117 72.61 72.15 1.36e-19 0.81710
64862 -0.65 67.20 1.44e-19 0.79759
64835 64.18 53.14 1.00e-19 0.83396
65456 -165.00 82.00 1.16e-19 0.82967
64469 -9.17 59.48 1.34e-19 0.81889
64475 2.41 61.35 1.40e-19 0.81096
64472 -3.56 60.56 1.38e-19 0.81472
65513 -177.19 75.64 9.50e-20 0.83456
65510 -165.00 76.00 9.56e-20 0.83460
65516 171.78 74.62 9.30e-20 0.83478
64451 -34.20 48.66 8.54e-20 0.83550
64454 -30.98 50.85 9.58e-20 0.83449
63905 -159.50 78.00 1.03e-19 0.83338
64289 24.88 52.47 1.22e-19 0.82708
64295 34.25 50.90 1.15e-19 0.83010
64292 29.66 51.81 1.19e-19 0.82850
64883 50.33 63.41 1.36e-19 0.81709
64880 44.43 64.97 1.40e-19 0.81098
65498 156.21 75.54 1.00e-19 0.83386
63584 -159.50 72.00 8.11e-20 0.83570
64886 55.56 61.63 1.30e-19 0.82255
64406 -2.00 57.66 1.33e-19 0.81986
65378 113.40 65.72 9.30e-20 0.83487
64403 -7.23 56.66 1.29e-19 0.82312
64400 -12.12 55.41 1.24e-19 0.82641
64223 -3.10 47.99 1.06e-19 0.83284
64220 -7.26 46.89 9.98e-20 0.83388
64118 -154.30 82.50 1.18e-19 0.82896
64121 -154.30 81.50 1.15e-19 0.83013
64226 1.25 48.86 1.10e-19 0.83168
64124 -154.30 80.50 1.12e-19 0.83118
63161 -58.62 69.66 1.23e-19 0.82684
