   1.3077348e+09   1.6088517e+00
   1.3077357e+09   1.6098652e+00
   1.3077366e+09   1.6108783e+00
   1.3077375e+09   1.6118908e+00
   1.3077384e+09   1.6129023e+00
   1.3077393e+09   1.6139124e+00
   1.3077402e+09   1.6149209e+00
   1.3077411e+09   1.6159274e+00
   1.3077420e+09   1.6169317e+00
   1.3077429e+09   1.6179337e+00
   1.3077438e+09   1.6189331e+00
   1.3077447e+09   1.6199298e+00
   1.3077456e+09   1.6209234e+00
   1.3077465e+09   1.6219131e+00
   1.3077474e+09   1.6228981e+00
   1.3077483e+09   1.6238773e+00
   1.3077492e+09   1.6248499e+00
   1.3077501e+09   1.6258150e+00
   1.3077510e+09   1.6267717e+00
   1.3077519e+09   1.6277200e+00
   1.3077528e+09   1.6286596e+00
   1.3077537e+09   1.6295903e+00
   1.3077546e+09   1.6305120e+00
   1.3077555e+09   1.6314244e+00
   1.3077564e+09   1.6323274e+00
   1.3077573e+09   1.6332208e+00
   1.3077582e+09   1.6341045e+00
   1.3077591e+09   1.6349782e+00
   1.3077600e+09   1.6358418e+00
   1.3077609e+09   1.6366951e+00
   1.3077618e+09   1.6375378e+00
   1.3077627e+09   1.6383699e+00
   1.3077636e+09   1.6391911e+00
   1.3077645e+09   1.6400013e+00
   1.3077654e+09   1.6408003e+00
   1.3077663e+09   1.6415879e+00
   1.3077672e+09   1.6423639e+00
   1.3077681e+09   1.6431281e+00
   1.3077690e+09   1.6438804e+00
   1.3077699e+09   1.6446205e+00
   1.3077708e+09   1.6453484e+00
   1.3077717e+09   1.6460637e+00
   1.3077726e+09   1.6467664e+00
   1.3077735e+09   1.6474570e+00
   1.3077744e+09   1.6481362e+00
   1.3077753e+09   1.6488050e+00
   1.3077762e+09   1.6494643e+00
   1.3077771e+09   1.6501152e+00
   1.3077780e+09   1.6507584e+00
   1.3077789e+09   1.6513949e+00
   1.3077798e+09   1.6520257e+00
   1.3077807e+09   1.6526516e+00
   1.3077816e+09   1.6532736e+00
   1.3077825e+09   1.6538926e+00
   1.3077834e+09   1.6545096e+00
   1.3077843e+09   1.6551254e+00
   1.3077852e+09   1.6557410e+00
   1.3077861e+09   1.6563573e+00
   1.3077870e+09   1.6569752e+00
   1.3077879e+09   1.6575956e+00
   1.3077888e+09   1.6582196e+00
   1.3077897e+09   1.6588479e+00
   1.3077906e+09   1.6594815e+00
   1.3077915e+09   1.6601214e+00
   1.3077924e+09   1.6607685e+00
   1.3077933e+09   1.6614236e+00
   1.3077942e+09   1.6620878e+00
   1.3077951e+09   1.6627619e+00
   1.3077960e+09   1.6634468e+00
   1.3077969e+09   1.6641436e+00
   1.3077978e+09   1.6648530e+00
   1.3077987e+09   1.6655761e+00
   1.3077996e+09   1.6663138e+00
   1.3078005e+09   1.6670669e+00
   1.3078014e+09   1.6678358e+00
   1.3078023e+09   1.6686204e+00
   1.3078032e+09   1.6694203e+00
   1.3078041e+09   1.6702353e+00
   1.3078050e+09   1.6710652e+00
   1.3078059e+09   1.6719097e+00
   1.3078068e+09   1.6727684e+00
   1.3078077e+09   1.6736409e+00
   1.3078086e+09   1.6745266e+00
   1.3078095e+09   1.6754249e+00
   1.3078104e+09   1.6763353e+00
   1.3078113e+09   1.6772573e+00
   1.3078122e+09   1.6781898e+00
   1.3078131e+09   1.6791310e+00
   1.3078140e+09   1.6800786e+00
   1.3078149e+09   1.6810307e+00
   1.3078158e+09   1.6819850e+00
   1.3078167e+09   1.6829395e+00
   1.3078176e+09   1.6838918e+00
   1.3078185e+09   1.6848386e+00
   1.3078194e+09   1.6857763e+00
   1.3078203e+09   1.6867015e+00
   1.3078212e+09   1.6876105e+00
   1.3078221e+09   1.6884998e+00
   1.3078230e+09   1.6893658e+00
   1.3078239e+09   1.6902053e+00
   1.3078248e+09   1.6910154e+00
   1.3078257e+09   1.6917935e+00
   1.3078266e+09   1.6925367e+00
   1.3078275e+09   1.6932422e+00
   1.3078284e+09   1.6939072e+00
   1.3078293e+09   1.6945296e+00
   1.3078302e+09   1.6951076e+00
   1.3078311e+09   1.6956398e+00
   1.3078320e+09   1.6961245e+00
   1.3078329e+09   1.6965603e+00
   1.3078338e+09   1.6969456e+00
   1.3078347e+09   1.6972794e+00
   1.3078356e+09   1.6975609e+00
   1.3078365e+09   1.6977895e+00
   1.3078374e+09   1.6979643e+00
   1.3078383e+09   1.6980846e+00
   1.3078392e+09   1.6981497e+00
   1.3078401e+09   1.6981591e+00
   1.3078410e+09   1.6981126e+00
   1.3078419e+09   1.6980098e+00
   1.3078428e+09   1.6978506e+00
   1.3078437e+09   1.6976348e+00
   1.3078446e+09   1.6973620e+00
   1.3078455e+09   1.6970325e+00
   1.3078464e+09   1.6966468e+00
   1.3078473e+09   1.6962056e+00
   1.3078482e+09   1.6957094e+00
   1.3078491e+09   1.6951588e+00
   1.3078500e+09   1.6945544e+00
   1.3078509e+09   1.6938964e+00
   1.3078518e+09   1.6931842e+00
   1.3078527e+09   1.6924175e+00
   1.3078536e+09   1.6915959e+00
   1.3078545e+09   1.6907189e+00
   1.3078554e+09   1.6897861e+00
   1.3078563e+09   1.6887973e+00
   1.3078572e+09   1.6877528e+00
   1.3078581e+09   1.6866532e+00
   1.3078590e+09   1.6854988e+00
   1.3078599e+09   1.6842902e+00
   1.3078608e+09   1.6830278e+00
   1.3078617e+09   1.6817126e+00
   1.3078626e+09   1.6803456e+00
   1.3078635e+09   1.6789278e+00
   1.3078644e+09   1.6774604e+00
   1.3078653e+09   1.6759444e+00
   1.3078662e+09   1.6743809e+00
   1.3078671e+09   1.6727713e+00
   1.3078680e+09   1.6711176e+00
   1.3078689e+09   1.6694225e+00
   1.3078698e+09   1.6676884e+00
   1.3078707e+09   1.6659178e+00
   1.3078716e+09   1.6641134e+00
   1.3078725e+09   1.6622775e+00
   1.3078734e+09   1.6604127e+00
   1.3078743e+09   1.6585216e+00
   1.3078752e+09   1.6566067e+00
   1.3078761e+09   1.6546703e+00
   1.3078770e+09   1.6527152e+00
   1.3078779e+09   1.6507438e+00
   1.3078788e+09   1.6487586e+00
   1.3078797e+09   1.6467622e+00
   1.3078806e+09   1.6447570e+00
   1.3078815e+09   1.6427455e+00
   1.3078824e+09   1.6407304e+00
   1.3078833e+09   1.6387141e+00
   1.3078842e+09   1.6366991e+00
   1.3078851e+09   1.6346880e+00
   1.3078860e+09   1.6326832e+00
   1.3078869e+09   1.6306873e+00
   1.3078878e+09   1.6287028e+00
   1.3078887e+09   1.6267322e+00
   1.3078896e+09   1.6247779e+00
   1.3078905e+09   1.6228413e+00
   1.3078914e+09   1.6209240e+00
   1.3078923e+09   1.6190272e+00
   1.3078932e+09   1.6171523e+00
   1.3078941e+09   1.6153009e+00
   1.3078950e+09   1.6134739e+00
   1.3078959e+09   1.6116721e+00
   1.3078968e+09   1.6098959e+00
   1.3078977e+09   1.6081458e+00
   1.3078986e+09   1.6064223e+00
   1.3078995e+09   1.6047258e+00
   1.3079004e+09   1.6030558e+00
   1.3079013e+09   1.6014113e+00
   1.3079022e+09   1.5997913e+00
   1.3079031e+09   1.5981949e+00
   1.3079040e+09   1.5966211e+00
   1.3079049e+09   1.5950690e+00
   1.3079058e+09   1.5935375e+00
   1.3079067e+09   1.5920255e+00
   1.3079076e+09   1.5905317e+00
   1.3079085e+09   1.5890549e+00
   1.3079094e+09   1.5875939e+00
   1.3079103e+09   1.5861474e+00
   1.3079112e+09   1.5847142e+00
   1.3079121e+09   1.5832924e+00
   1.3079130e+09   1.5818801e+00
   1.3079139e+09   1.5804753e+00
   1.3079148e+09   1.5790760e+00
   1.3079157e+09   1.5776800e+00
   1.3079166e+09   1.5762856e+00
   1.3079175e+09   1.5748905e+00
   1.3079184e+09   1.5734929e+00
   1.3079193e+09   1.5720906e+00
   1.3079202e+09   1.5706818e+00
   1.3079211e+09   1.5692644e+00
   1.3079220e+09   1.5678363e+00
   1.3079229e+09   1.5663956e+00
   1.3079238e+09   1.5649403e+00
   1.3079247e+09   1.5634683e+00
   1.3079256e+09   1.5619777e+00
   1.3079265e+09   1.5604663e+00
   1.3079274e+09   1.5589324e+00
   1.3079283e+09   1.5573747e+00
   1.3079292e+09   1.5557926e+00
   1.3079301e+09   1.5541857e+00
   1.3079310e+09   1.5525534e+00
   1.3079319e+09   1.5508951e+00
   1.3079328e+09   1.5492105e+00
   1.3079337e+09   1.5474994e+00
   1.3079346e+09   1.5457625e+00
   1.3079355e+09   1.5440001e+00
   1.3079364e+09   1.5422130e+00
   1.3079373e+09   1.5404015e+00
   1.3079382e+09   1.5385662e+00
   1.3079391e+09   1.5367078e+00
   1.3079400e+09   1.5348266e+00
   1.3079409e+09   1.5329233e+00
   1.3079418e+09   1.5309983e+00
   1.3079427e+09   1.5290523e+00
   1.3079436e+09   1.5270857e+00
   1.3079445e+09   1.5250990e+00
   1.3079454e+09   1.5230929e+00
   1.3079463e+09   1.5210679e+00
   1.3079472e+09   1.5190244e+00
   1.3079481e+09   1.5169630e+00
   1.3079490e+09   1.5148843e+00
   1.3079499e+09   1.5127887e+00
   1.3079508e+09   1.5106769e+00
   1.3079517e+09   1.5085493e+00
   1.3079526e+09   1.5064065e+00
   1.3079535e+09   1.5042491e+00
   1.3079544e+09   1.5020775e+00
   1.3079553e+09   1.4998923e+00
   1.3079562e+09   1.4976940e+00
   1.3079571e+09   1.4954832e+00
   1.3079580e+09   1.4932603e+00
   1.3079589e+09   1.4910261e+00
   1.3079598e+09   1.4887808e+00
   1.3079607e+09   1.4865252e+00
   1.3079616e+09   1.4842597e+00
   1.3079625e+09   1.4819849e+00
   1.3079634e+09   1.4797013e+00
   1.3079643e+09   1.4774094e+00
   1.3079652e+09   1.4751098e+00
   1.3079661e+09   1.4728030e+00
   1.3079670e+09   1.4704895e+00
   1.3079679e+09   1.4681699e+00
   1.3079688e+09   1.4658448e+00
   1.3079697e+09   1.4635145e+00
   1.3079706e+09   1.4611798e+00
   1.3079715e+09   1.4588411e+00
   1.3079724e+09   1.4564989e+00
   1.3079733e+09   1.4541539e+00
   1.3079742e+09   1.4518068e+00
   1.3079751e+09   1.4494584e+00
