65006 73.24 61.42 1.23e-19 0.91253
65000 64.69 66.09 1.39e-19 0.92340
65003 69.32 63.82 1.32e-19 0.91971
63197 -35.09 66.19 1.39e-19 0.92337
64142 -154.30 75.50 1.02e-19 0.88627
63191 -39.22 67.15 1.38e-19 0.92311
65213 -57.99 77.44 1.41e-19 0.92388
65210 -61.92 74.59 1.36e-19 0.92214
65294 86.94 86.84 1.45e-19 0.92383
65291 15.00 89.00 1.45e-19 0.92369
65288 -56.94 86.84 1.45e-19 0.92383
65075 -57.47 61.57 1.11e-19 0.89880
62987 15.00 -74.00 4.06e-20 0.04058
65072 81.77 60.39 1.13e-19 0.90114
65486 -149.69 78.56 1.13e-19 0.90110
65069 78.69 63.02 1.22e-19 0.91200
65420 135.13 79.58 1.26e-19 0.91529
62981 15.00 -90.00 7.97e-20 0.07975
65483 -136.50 77.35 1.11e-19 0.89887
65156 -25.98 80.83 1.51e-19 0.91825
65426 125.59 73.95 1.16e-19 0.90503
65480 -126.21 75.54 1.07e-19 0.89457
63281 -2.95 47.55 1.11e-19 0.89947
63287 -1.51 45.84 1.06e-19 0.89269
65150 -45.89 76.23 1.45e-19 0.92371
65390 -91.61 68.04 1.01e-19 0.88579
63227 -18.77 60.10 1.38e-19 0.92295
65393 -93.21 71.02 1.09e-19 0.89677
65396 -95.59 73.95 1.16e-19 0.90503
63221 -21.51 61.46 1.39e-19 0.92333
63443 45.48 49.24 1.10e-19 0.89785
64046 20.50 70.00 1.54e-19 0.89646
64082 20.50 48.00 1.16e-19 0.90548
64043 20.50 72.00 1.53e-19 0.88774
64040 20.50 74.00 1.53e-19 0.88205
64781 -30.59 55.29 1.17e-19 0.90644
64778 -34.18 53.14 1.08e-19 0.89466
64784 -26.57 57.31 1.26e-19 0.91527
64079 20.50 50.00 1.22e-19 0.91221
64787 -22.08 59.16 1.33e-19 0.92086
64919 -2.88 70.09 1.54e-19 0.90626
64925 15.00 71.00 1.54e-19 0.88998
64922 5.86 70.77 1.54e-19 0.89601
64439 54.68 50.43 1.07e-19 0.89401
64445 61.37 46.31 8.78e-20 0.86306
64442 58.18 48.44 9.77e-20 0.88012
63119 -95.35 67.98 9.87e-20 0.88162
63125 -90.61 68.69 1.04e-19 0.88976
63377 68.74 63.99 1.32e-19 0.92023
64544 53.49 54.84 1.21e-19 0.91105
64187 23.29 43.52 1.00e-19 0.88446
64325 -18.58 49.61 1.09e-19 0.89665
63776 -159.50 74.00 9.61e-20 0.87739
64181 15.00 44.00 1.03e-19 0.88817
64178 10.84 43.88 1.02e-19 0.88727
64184 19.16 43.88 1.02e-19 0.88727
64013 -159.50 88.00 1.39e-19 0.92345
64250 37.26 46.89 1.07e-19 0.89392
64253 41.20 45.58 1.00e-19 0.88427
64073 20.50 54.00 1.34e-19 0.92117
64070 20.50 56.00 1.39e-19 0.92335
65246 94.74 71.70 1.29e-19 0.91803
65492 179.69 78.56 1.13e-19 0.90110
65243 91.92 74.59 1.36e-19 0.92214
65495 166.50 77.35 1.11e-19 0.89887
64076 20.50 52.00 1.28e-19 0.91745
65240 87.99 77.44 1.41e-19 0.92388
64208 23.74 46.51 1.11e-19 0.89890
64457 -27.42 52.92 1.13e-19 0.90128
65177 81.53 73.61 1.40e-19 0.92368
64166 11.03 40.88 9.17e-20 0.87005
64163 15.00 38.00 8.16e-20 0.85107
65171 67.87 78.68 1.49e-19 0.92162
64094 20.50 40.00 8.84e-20 0.86413
65174 75.89 76.23 1.45e-19 0.92371
64160 15.00 35.00 7.10e-20 0.82812
65387 -90.51 65.03 9.30e-20 0.87213
63257 -9.72 54.13 1.28e-19 0.91723
65297 96.36 83.93 1.43e-19 0.92400
63251 -11.73 55.69 1.31e-19 0.91953
65381 113.36 62.69 9.12e-20 0.86930
65384 113.42 59.64 8.16e-20 0.85116
65357 139.00 86.38 1.38e-19 0.92324
65348 -94.24 83.64 1.37e-19 0.92252
65351 -109.00 86.38 1.38e-19 0.92324
64091 20.50 42.00 9.56e-20 0.87657
65354 -165.00 88.00 1.39e-19 0.92344
63179 -48.39 68.69 1.34e-19 0.92155
63185 -43.65 67.98 1.36e-19 0.92248
63323 105.02 69.92 1.18e-19 0.90787
65342 -86.22 77.76 1.29e-19 0.91796
65345 -88.82 80.73 1.33e-19 0.92095
65339 -84.82 74.77 1.24e-19 0.91319
65045 15.00 77.00 1.54e-19 0.88998
65042 1.88 76.67 1.54e-19 0.89601
65039 -10.07 75.72 1.54e-19 0.90627
63407 54.89 57.20 1.27e-19 0.91604
65423 129.24 76.82 1.21e-19 0.91112
64823 52.08 59.16 1.33e-19 0.92086
65489 -165.00 79.00 1.13e-19 0.90201
64820 47.07 60.82 1.40e-19 0.92361
64967 -29.19 68.20 1.45e-19 0.92366
64964 -34.69 66.09 1.39e-19 0.92340
63401 57.23 58.68 1.29e-19 0.91781
63095 40.40 47.00 1.06e-19 0.89213
64961 -39.32 63.82 1.32e-19 0.91971
64958 -43.24 61.42 1.23e-19 0.91253
64826 56.57 57.31 1.26e-19 0.91527
65063 70.62 68.01 1.38e-19 0.92324
65126 84.80 64.32 1.20e-19 0.91002
65060 65.21 70.32 1.45e-19 0.92385
65123 81.58 67.01 1.29e-19 0.91786
65066 75.03 65.56 1.31e-19 0.91924
65120 77.61 69.63 1.37e-19 0.92253
64592 57.42 52.92 1.13e-19 0.90128
64499 49.14 56.59 1.29e-19 0.91794
65519 -154.87 72.69 9.17e-20 0.86991
65522 -165.00 73.00 9.23e-20 0.87114
65525 -175.13 72.69 9.17e-20 0.86991
63293 -0.15 44.10 1.01e-19 0.88464
64055 20.50 64.00 1.52e-19 0.91678
64052 20.50 66.00 1.53e-19 0.91136
64466 -14.37 58.15 1.36e-19 0.92215
64049 20.50 68.00 1.54e-19 0.90454
64463 -19.14 56.59 1.29e-19 0.91794
64460 -23.49 54.84 1.21e-19 0.91105
64889 60.17 59.65 1.29e-19 0.91790
64895 67.82 55.26 1.11e-19 0.89872
64892 64.24 57.52 1.20e-19 0.90995
65225 -22.03 85.01 1.49e-19 0.92107
64376 58.87 43.83 8.16e-20 0.85117
64004 -159.50 82.00 1.23e-19 0.91263
64370 52.30 47.83 1.00e-19 0.88420
64007 -159.50 84.00 1.29e-19 0.91776
64373 55.72 45.90 9.12e-20 0.86915
64229 5.74 49.49 1.20e-19 0.91000
64235 15.00 50.00 1.23e-19 0.91256
64232 10.34 49.87 1.22e-19 0.91189
64109 -154.30 85.50 1.33e-19 0.92068
64115 -154.30 83.50 1.28e-19 0.91676
64112 -154.30 84.50 1.30e-19 0.91891
63809 -159.50 76.00 1.03e-19 0.88835
64283 15.00 53.00 1.32e-19 0.91972
64280 10.03 52.87 1.31e-19 0.91937
64286 19.97 52.87 1.31e-19 0.91937
65312 105.25 69.00 1.16e-19 0.90501
65315 106.03 66.00 1.07e-19 0.89407
65309 104.36 72.00 1.24e-19 0.91323
65306 103.29 74.99 1.30e-19 0.91879
65198 -70.10 62.89 1.03e-19 0.88829
65201 -68.64 65.84 1.13e-19 0.90122
65204 -66.90 68.78 1.21e-19 0.91113
65207 -64.74 71.70 1.29e-19 0.91803
65300 99.91 80.96 1.40e-19 0.92365
65303 101.91 77.98 1.36e-19 0.92214
65078 -54.80 64.32 1.20e-19 0.91002
65081 -51.58 67.01 1.29e-19 0.91786
65411 -165.00 85.00 1.32e-19 0.91972
65084 -47.61 69.63 1.37e-19 0.92253
65087 -42.61 72.15 1.43e-19 0.92400
64859 -7.85 66.25 1.51e-19 0.91828
64865 7.04 67.80 1.54e-19 0.90627
65417 145.34 82.12 1.29e-19 0.91793
63329 99.62 69.66 1.21e-19 0.91114
63335 94.39 69.25 1.24e-19 0.91392
63449 43.95 47.55 1.05e-19 0.89162
63455 42.51 45.84 1.01e-19 0.88458
64994 52.64 70.09 1.50e-19 0.92041
64988 35.87 72.94 1.54e-19 0.90354
64991 44.88 71.70 1.53e-19 0.91371
63215 -24.50 62.76 1.39e-19 0.92351
65153 -37.87 78.68 1.49e-19 0.92162
64997 59.19 68.20 1.45e-19 0.92366
63209 -27.74 63.99 1.40e-19 0.92362
64934 40.90 69.01 1.53e-19 0.91505
64016 14.04 90.00 1.43e-19 0.92399
64931 32.88 70.09 1.54e-19 0.90626
63431 48.85 52.53 1.18e-19 0.90748
64928 24.14 70.77 1.54e-19 0.89601
64010 -159.50 86.00 1.34e-19 0.92137
63473 -159.50 70.00 8.17e-20 0.85138
64937 48.05 67.59 1.49e-19 0.92104
63437 47.11 50.90 1.14e-19 0.90309
65132 -65.42 59.53 9.74e-20 0.87947
65135 -63.62 62.41 1.07e-19 0.89449
65129 87.47 61.57 1.11e-19 0.89880
64772 64.20 48.66 9.31e-20 0.87241
64775 -37.39 50.87 9.74e-20 0.87967
64415 15.00 59.00 1.45e-19 0.92369
64412 9.19 58.85 1.45e-19 0.92384
64409 3.49 58.40 1.43e-19 0.92402
63137 -80.38 69.66 1.14e-19 0.90260
63131 -85.61 69.25 1.09e-19 0.89662
64316 -22.30 47.83 1.00e-19 0.88420
64313 -25.72 45.90 9.12e-20 0.86915
64310 -28.87 43.83 8.16e-20 0.85117
63155 -64.02 69.92 1.26e-19 0.91552
63149 -69.50 70.00 1.22e-19 0.91204
64259 -20.22 45.15 9.30e-20 0.87215
64265 -12.75 48.42 1.09e-19 0.89664
64262 -16.62 46.88 1.01e-19 0.88589
65327 -83.36 62.69 9.12e-20 0.86930
57281 15.00 -74.00 4.06e-20 0.04058
64100 -154.30 88.50 1.40e-19 0.92374
64103 -154.30 87.50 1.38e-19 0.92310
65237 82.04 80.22 1.45e-19 0.92372
65234 71.87 82.83 1.48e-19 0.92246
64106 -154.30 86.50 1.36e-19 0.92208
65231 52.03 85.01 1.49e-19 0.92107
65228 15.00 86.00 1.50e-19 0.92044
65267 -76.03 66.00 1.07e-19 0.89407
64088 20.50 44.00 1.03e-19 0.88763
64193 2.01 45.89 1.07e-19 0.89447
64190 -2.11 45.05 1.03e-19 0.88844
64157 -154.30 77.50 1.09e-19 0.89607
64154 -154.30 71.50 8.75e-20 0.86251
64151 -154.30 72.50 9.11e-20 0.86896
64148 -154.30 73.50 9.47e-20 0.87507
64196 6.26 46.51 1.11e-19 0.89890
64982 15.00 74.00 1.51e-19 0.87313
64985 25.77 73.73 1.54e-19 0.88999
65369 114.82 74.77 1.24e-19 0.91319
64979 4.23 73.73 1.54e-19 0.88999
65375 113.60 68.75 1.09e-19 0.89671
65372 114.03 71.77 1.17e-19 0.90630
65366 116.22 77.76 1.29e-19 0.91796
65360 124.24 83.64 1.37e-19 0.92252
65363 118.82 80.73 1.33e-19 0.92095
65459 174.45 81.43 1.22e-19 0.91200
65462 158.42 79.90 1.20e-19 0.90998
65465 147.41 77.77 1.17e-19 0.90655
63173 -53.39 69.25 1.32e-19 0.92009
65036 -20.23 74.26 1.53e-19 0.91505
65270 -75.25 69.00 1.16e-19 0.90501
65273 -74.36 72.00 1.24e-19 0.91323
64952 71.94 57.20 1.13e-19 0.90118
65276 -73.29 74.99 1.30e-19 0.91879
65030 -35.21 70.32 1.45e-19 0.92385
65033 -28.52 72.43 1.49e-19 0.92106
64808 22.07 64.82 1.53e-19 0.91506
64811 28.94 64.29 1.51e-19 0.91828
65501 148.54 73.33 1.03e-19 0.88834
63353 80.22 67.15 1.30e-19 0.91889
64817 41.53 62.26 1.45e-19 0.92376
63389 62.51 61.46 1.31e-19 0.91965
63395 59.77 60.10 1.30e-19 0.91891
65507 -152.81 75.64 1.02e-19 0.88711
65054 50.23 74.26 1.53e-19 0.91505
65096 -16.27 78.38 1.53e-19 0.91226
65051 40.07 75.72 1.54e-19 0.90627
65048 28.12 76.67 1.54e-19 0.89601
65090 -36.13 74.51 1.48e-19 0.92244
65093 -27.58 76.63 1.51e-19 0.91826
65057 58.52 72.43 1.49e-19 0.92106
64496 44.37 58.15 1.36e-19 0.92215
64490 33.56 60.56 1.45e-19 0.92375
64493 39.17 59.48 1.41e-19 0.92386
63305 121.38 69.66 1.06e-19 0.89286
63299 126.61 69.25 1.02e-19 0.88630
64058 20.50 62.00 1.50e-19 0.92071
64061 20.50 60.00 1.47e-19 0.92312
64067 20.50 58.00 1.43e-19 0.92401
64802 7.93 64.82 1.53e-19 0.91506
64805 15.00 65.00 1.53e-19 0.91371
64799 1.06 64.29 1.51e-19 0.91828
64907 -29.72 63.95 1.38e-19 0.92327
64904 -34.39 61.83 1.31e-19 0.91925
64898 -41.94 57.20 1.13e-19 0.90118
64901 -38.43 59.57 1.22e-19 0.91186
64829 60.59 55.29 1.17e-19 0.90644
64379 -31.37 46.31 8.78e-20 0.86306
64367 48.58 49.61 1.09e-19 0.89665
64364 44.55 51.21 1.17e-19 0.90627
64361 40.23 52.61 1.24e-19 0.91319
64358 35.61 53.80 1.29e-19 0.91807
63371 72.27 65.14 1.32e-19 0.92008
63101 -146.50 74.10 9.78e-20 0.88019
63107 41.70 76.00 1.54e-19 0.90775
63968 -159.50 80.00 1.17e-19 0.90600
64343 9.65 55.86 1.38e-19 0.92328
63365 76.09 66.19 1.31e-19 0.91956
64247 33.10 47.99 1.13e-19 0.90133
64340 4.38 55.44 1.37e-19 0.92260
64244 28.75 48.86 1.17e-19 0.90658
64238 19.66 49.87 1.22e-19 0.91189
64346 15.00 56.00 1.39e-19 0.92344
64241 24.26 49.49 1.20e-19 0.91000
64268 -8.62 49.77 1.16e-19 0.90503
64271 -4.25 50.90 1.21e-19 0.91100
64274 0.34 51.81 1.26e-19 0.91530
64277 5.12 52.47 1.29e-19 0.91797
65264 -76.74 62.99 9.77e-20 0.88010
65261 -77.40 59.97 8.78e-20 0.86306
65258 101.35 59.93 9.31e-20 0.87240
65324 -83.42 59.64 8.16e-20 0.85116
65321 107.40 59.97 8.78e-20 0.86306
65318 106.74 62.99 9.77e-20 0.88010
64145 -154.30 74.50 9.82e-20 0.88084
65189 93.62 62.41 1.07e-19 0.89449
65195 -71.35 59.93 9.31e-20 0.87240
64139 -154.30 76.50 1.05e-19 0.89135
65441 -105.01 72.61 1.07e-19 0.89401
65438 -101.49 69.80 1.00e-19 0.88435
65444 -110.04 75.29 1.13e-19 0.90126
65447 -117.41 77.77 1.17e-19 0.90655
63341 89.39 68.69 1.27e-19 0.91610
63347 84.65 67.98 1.29e-19 0.91769
65018 -45.03 65.56 1.31e-19 0.91924
65027 -40.62 68.01 1.38e-19 0.92324
65159 -8.31 82.40 1.53e-19 0.91505
63239 -16.23 58.68 1.36e-19 0.92229
63245 -13.89 57.20 1.34e-19 0.92106
65165 38.31 82.40 1.53e-19 0.91505
63419 50.72 54.13 1.21e-19 0.91113
64943 59.72 63.95 1.38e-19 0.92327
64946 64.39 61.83 1.31e-19 0.91925
64847 -30.17 59.65 1.29e-19 0.91790
65141 -58.92 68.10 1.26e-19 0.91524
65138 -61.49 65.27 1.17e-19 0.90647
64838 67.39 50.87 9.74e-20 0.87967
64841 -37.82 55.26 1.11e-19 0.89872
64844 -34.24 57.52 1.20e-19 0.90995
64478 8.63 61.84 1.49e-19 0.92107
64481 15.00 62.00 1.50e-19 0.92044
64484 21.37 61.84 1.49e-19 0.92107
64487 27.59 61.35 1.48e-19 0.92246
64421 26.51 58.40 1.43e-19 0.92402
64424 32.00 57.66 1.40e-19 0.92365
64853 -20.33 63.41 1.43e-19 0.92399
64850 -25.56 61.63 1.37e-19 0.92261
64856 -14.43 64.97 1.48e-19 0.92248
63143 -74.98 69.92 1.18e-19 0.90791
64307 50.22 45.15 9.30e-20 0.87215
64298 38.62 49.77 1.16e-19 0.90503
64301 42.75 48.42 1.09e-19 0.89664
64304 46.62 46.88 1.01e-19 0.88589
64874 30.65 67.20 1.53e-19 0.91225
64868 15.00 68.00 1.54e-19 0.90354
64871 22.96 67.80 1.54e-19 0.90627
64877 37.85 66.25 1.51e-19 0.91828
64022 20.50 86.00 1.50e-19 0.92048
64025 20.50 84.00 1.52e-19 0.91644
64397 -16.66 53.94 1.24e-19 0.91330
64019 20.50 88.00 1.47e-19 0.92300
64394 -20.85 52.27 1.16e-19 0.90501
64388 -28.18 48.44 9.77e-20 0.88012
64391 -24.68 50.43 1.07e-19 0.89401
64214 32.11 45.05 1.03e-19 0.88844
64097 -154.30 89.50 1.42e-19 0.92400
64211 27.99 45.89 1.07e-19 0.89447
65219 -52.04 80.22 1.45e-19 0.92372
64217 -11.20 45.58 1.00e-19 0.88427
65222 -41.87 82.83 1.48e-19 0.92246
64427 37.23 56.66 1.36e-19 0.92218
64199 10.61 46.88 1.13e-19 0.90132
64202 15.00 47.00 1.13e-19 0.90201
64205 19.39 46.88 1.13e-19 0.90132
64976 -5.87 72.94 1.54e-19 0.90354
64973 -14.88 71.70 1.53e-19 0.91371
64970 -22.64 70.09 1.50e-19 0.92041
65450 -128.42 79.90 1.20e-19 0.90998
65453 -144.45 81.43 1.22e-19 0.91200
65162 15.00 83.00 1.53e-19 0.91371
63203 -31.27 65.14 1.40e-19 0.92359
65279 -71.91 77.98 1.36e-19 0.92214
65285 -66.36 83.93 1.43e-19 0.92400
65282 -69.91 80.96 1.40e-19 0.92365
65471 135.01 72.61 1.07e-19 0.89401
65468 140.04 75.29 1.13e-19 0.90126
65474 131.49 69.80 1.00e-19 0.88435
65477 -118.54 73.33 1.03e-19 0.88834
62993 15.00 -90.00 7.97e-20 0.07975
64940 54.30 65.88 1.45e-19 0.92381
65099 -1.81 79.57 1.54e-19 0.90627
65105 31.81 79.57 1.54e-19 0.90627
65102 15.00 80.00 1.54e-19 0.90354
64688 60.98 50.85 1.03e-19 0.88831
65405 -115.34 82.12 1.29e-19 0.91793
65402 -105.13 79.58 1.26e-19 0.91529
65399 -99.24 76.82 1.21e-19 0.91112
63269 -6.11 50.90 1.21e-19 0.91019
63275 -4.48 49.24 1.16e-19 0.90536
64037 20.50 76.00 1.53e-19 0.88715
64034 20.50 78.00 1.54e-19 0.89586
64028 20.50 82.00 1.53e-19 0.91093
64031 20.50 80.00 1.54e-19 0.90401
64916 -10.90 69.01 1.53e-19 0.91505
64793 -11.53 62.26 1.45e-19 0.92376
64790 -17.07 60.82 1.40e-19 0.92361
64910 -24.30 65.88 1.45e-19 0.92381
64913 -18.05 67.59 1.49e-19 0.92104
64796 -5.47 63.42 1.49e-19 0.92160
65144 -55.70 70.89 1.33e-19 0.92099
64430 42.12 55.41 1.30e-19 0.91887
64433 46.66 53.94 1.24e-19 0.91330
64349 20.35 55.86 1.38e-19 0.92328
64352 25.62 55.44 1.37e-19 0.92260
64355 30.72 54.74 1.33e-19 0.92089
63383 65.50 62.76 1.32e-19 0.92005
63113 -138.30 76.00 1.06e-19 0.89230
64436 50.85 52.27 1.16e-19 0.90501
64334 -5.61 53.80 1.29e-19 0.91807
65504 -141.78 74.62 1.00e-19 0.88424
64331 -10.23 52.61 1.24e-19 0.91319
64328 -14.55 51.21 1.17e-19 0.90627
64169 15.00 41.00 9.23e-20 0.87114
64172 18.97 40.88 9.17e-20 0.87005
64175 6.71 43.52 1.00e-19 0.88446
64337 -0.72 54.74 1.33e-19 0.92089
64814 35.47 63.42 1.49e-19 0.92160
65147 -51.53 73.61 1.40e-19 0.92368
65249 96.90 68.78 1.21e-19 0.91113
64085 20.50 46.00 1.10e-19 0.89728
65336 -84.03 71.77 1.17e-19 0.90630
65252 98.64 65.84 1.13e-19 0.90122
65255 100.10 62.89 1.03e-19 0.88829
65330 -83.40 65.72 1.00e-19 0.88432
65333 -83.60 68.75 1.09e-19 0.89671
64418 20.81 58.85 1.45e-19 0.92384
64133 -154.30 79.50 1.15e-19 0.90443
65186 91.49 65.27 1.17e-19 0.90647
64136 -154.30 78.50 1.12e-19 0.90043
65183 88.92 68.10 1.26e-19 0.91524
65180 85.70 70.89 1.33e-19 0.92099
65192 95.42 59.53 9.74e-20 0.87947
65414 164.13 84.15 1.31e-19 0.91938
65432 121.61 68.04 1.01e-19 0.88579
65435 120.51 65.03 9.30e-20 0.87213
63263 -7.85 52.53 1.25e-19 0.91411
65429 123.21 71.02 1.09e-19 0.89677
65408 -134.13 84.15 1.31e-19 0.91938
63317 110.50 70.00 1.15e-19 0.90366
63311 115.98 69.92 1.11e-19 0.89884
65009 76.59 58.92 1.13e-19 0.90189
65015 -48.69 63.02 1.22e-19 0.91200
65012 -51.77 60.39 1.13e-19 0.90114
65528 -165.00 70.00 8.16e-20 0.85107
65531 -165.00 67.00 7.10e-20 0.82812
63413 52.73 55.69 1.24e-19 0.91397
64955 -46.59 58.92 1.13e-19 0.90189
64949 68.43 59.57 1.22e-19 0.91186
65111 57.58 76.63 1.51e-19 0.91826
65168 55.98 80.83 1.51e-19 0.91825
65108 46.27 78.38 1.53e-19 0.91226
65114 66.13 74.51 1.48e-19 0.92244
65117 72.61 72.15 1.43e-19 0.92400
64862 -0.65 67.20 1.53e-19 0.91225
64835 64.18 53.14 1.08e-19 0.89466
65456 -165.00 82.00 1.23e-19 0.91256
64469 -9.17 59.48 1.41e-19 0.92386
64475 2.41 61.35 1.48e-19 0.92246
64472 -3.56 60.56 1.45e-19 0.92375
65513 -177.19 75.64 1.02e-19 0.88711
65510 -165.00 76.00 1.03e-19 0.88817
65516 171.78 74.62 1.00e-19 0.88424
64451 -34.20 48.66 9.31e-20 0.87241
64454 -30.98 50.85 1.03e-19 0.88831
63905 -159.50 78.00 1.10e-19 0.89790
64289 24.88 52.47 1.29e-19 0.91797
64295 34.25 50.90 1.21e-19 0.91100
64292 29.66 51.81 1.26e-19 0.91530
64883 50.33 63.41 1.43e-19 0.92399
64880 44.43 64.97 1.48e-19 0.92248
65498 156.21 75.54 1.07e-19 0.89457
63584 -159.50 72.00 8.89e-20 0.86505
64886 55.56 61.63 1.37e-19 0.92261
64406 -2.00 57.66 1.40e-19 0.92365
65378 113.40 65.72 1.00e-19 0.88432
64403 -7.23 56.66 1.36e-19 0.92218
64400 -12.12 55.41 1.30e-19 0.91887
64223 -3.10 47.99 1.13e-19 0.90133
64220 -7.26 46.89 1.07e-19 0.89392
64118 -154.30 82.50 1.25e-19 0.91423
64121 -154.30 81.50 1.22e-19 0.91134
64226 1.25 48.86 1.17e-19 0.90658
64124 -154.30 80.50 1.18e-19 0.90807
63161 -58.62 69.66 1.29e-19 0.91807
