65006 73.24 61.42 1.08e-19 0.77031
65000 64.69 66.09 1.27e-19 0.78842
65003 69.32 63.82 1.18e-19 0.78029
63197 -35.09 66.19 1.27e-19 0.78832
64142 -154.30 75.50 8.40e-20 0.74330
63191 -39.22 67.15 1.26e-19 0.78730
65213 -57.99 77.44 1.29e-19 0.79055
65210 -61.92 74.59 1.23e-19 0.78489
65294 86.94 86.84 1.34e-19 0.79426
65291 15.00 89.00 1.35e-19 0.79482
65288 -56.94 86.84 1.34e-19 0.79426
65075 -57.47 61.57 9.39e-20 0.75532
62987 15.00 -74.00 1.58e-20 0.01576
65072 81.77 60.39 9.60e-20 0.75768
65486 -149.69 78.56 9.60e-20 0.75764
65069 78.69 63.02 1.07e-19 0.76965
65420 135.13 79.58 1.11e-19 0.77381
62981 15.00 -90.00 3.86e-20 0.03855
65483 -136.50 77.35 9.39e-20 0.75539
65156 -25.98 80.83 1.42e-19 0.80062
65426 125.59 73.95 9.96e-20 0.76177
65480 -126.21 75.54 9.03e-20 0.75114
63281 -2.95 47.55 9.46e-20 0.75598
63287 -1.51 45.84 8.88e-20 0.74934
65150 -45.89 76.23 1.34e-19 0.79466
65390 -91.61 68.04 8.36e-20 0.74285
63227 -18.77 60.10 1.25e-19 0.78688
65393 -93.21 71.02 9.21e-20 0.75331
65396 -95.59 73.95 9.96e-20 0.76177
63221 -21.51 61.46 1.27e-19 0.78810
63443 45.48 49.24 9.31e-20 0.75436
64046 20.50 70.00 1.45e-19 0.80267
64082 20.50 48.00 1.00e-19 0.76225
64043 20.50 72.00 1.45e-19 0.80174
64040 20.50 74.00 1.44e-19 0.80089
64781 -30.59 55.29 1.01e-19 0.76329
64778 -34.18 53.14 9.04e-20 0.75125
64784 -26.57 57.31 1.11e-19 0.77379
64079 20.50 50.00 1.07e-19 0.76992
64787 -22.08 59.16 1.20e-19 0.78237
64919 -2.88 70.09 1.45e-19 0.80292
64925 15.00 71.00 1.45e-19 0.80203
64922 5.86 70.77 1.45e-19 0.80264
64439 54.68 50.43 8.99e-20 0.75060
64445 61.37 46.31 6.91e-20 0.72285
64442 58.18 48.44 7.96e-20 0.73773
63119 -95.35 67.98 8.07e-20 0.73906
63125 -90.61 68.69 8.65e-20 0.74658
63377 68.74 63.99 1.19e-19 0.78116
64544 53.49 54.84 1.06e-19 0.76852
64187 23.29 43.52 8.26e-20 0.74166
64325 -18.58 49.61 9.21e-20 0.75318
63776 -159.50 74.00 7.78e-20 0.73527
64181 15.00 44.00 8.54e-20 0.74506
64178 10.84 43.88 8.47e-20 0.74423
64184 19.16 43.88 8.47e-20 0.74423
64013 -159.50 88.00 1.27e-19 0.78849
64250 37.26 46.89 8.99e-20 0.75050
64253 41.20 45.58 8.26e-20 0.74144
64073 20.50 54.00 1.21e-19 0.78287
64070 20.50 56.00 1.27e-19 0.78815
65246 94.74 71.70 1.15e-19 0.77764
65492 179.69 78.56 9.60e-20 0.75764
65243 91.92 74.59 1.23e-19 0.78489
65495 166.50 77.35 9.39e-20 0.75539
64076 20.50 52.00 1.14e-19 0.77679
65240 87.99 77.44 1.29e-19 0.79055
64208 23.74 46.51 9.39e-20 0.75543
64457 -27.42 52.92 9.61e-20 0.75783
65177 81.53 73.61 1.28e-19 0.78942
64166 11.03 40.88 7.32e-20 0.72883
64163 15.00 38.00 6.27e-20 0.71278
65171 67.87 78.68 1.39e-19 0.79835
64094 20.50 40.00 6.98e-20 0.72376
65174 75.89 76.23 1.34e-19 0.79466
64160 15.00 35.00 5.22e-20 0.69406
65387 -90.51 65.03 7.46e-20 0.73063
63257 -9.72 54.13 1.14e-19 0.77647
65297 96.36 83.93 1.32e-19 0.79247
63251 -11.73 55.69 1.18e-19 0.77996
65381 113.36 62.69 7.27e-20 0.72821
65384 113.42 59.64 6.27e-20 0.71288
65357 139.00 86.38 1.26e-19 0.78780
65348 -94.24 83.64 1.24e-19 0.78580
65351 -109.00 86.38 1.26e-19 0.78780
64091 20.50 42.00 7.73e-20 0.73455
65354 -165.00 88.00 1.27e-19 0.78847
63179 -48.39 68.69 1.22e-19 0.78359
63185 -43.65 67.98 1.24e-19 0.78567
63323 105.02 69.92 1.02e-19 0.76487
65342 -86.22 77.76 1.15e-19 0.77756
65345 -88.82 80.73 1.20e-19 0.78246
65339 -84.82 74.77 1.09e-19 0.77112
65045 15.00 77.00 1.45e-19 0.80203
65042 1.88 76.67 1.45e-19 0.80264
65039 -10.07 75.72 1.45e-19 0.80292
63407 54.89 57.20 1.12e-19 0.77483
65423 129.24 76.82 1.06e-19 0.76860
64823 52.08 59.16 1.20e-19 0.78237
65489 -165.00 79.00 9.68e-20 0.75858
64820 47.07 60.82 1.28e-19 0.78934
64967 -29.19 68.20 1.35e-19 0.79479
64964 -34.69 66.09 1.27e-19 0.78842
63401 57.23 58.68 1.15e-19 0.77729
63095 40.40 47.00 8.84e-20 0.74879
64961 -39.32 63.82 1.18e-19 0.78029
64958 -43.24 61.42 1.08e-19 0.77031
64826 56.57 57.31 1.11e-19 0.77379
65063 70.62 68.01 1.26e-19 0.78780
65126 84.80 64.32 1.05e-19 0.76731
65060 65.21 70.32 1.34e-19 0.79428
65123 81.58 67.01 1.15e-19 0.77740
65066 75.03 65.56 1.17e-19 0.77954
65120 77.61 69.63 1.24e-19 0.78582
64592 57.42 52.92 9.61e-20 0.75783
64499 49.14 56.59 1.15e-19 0.77754
65519 -154.87 72.69 7.32e-20 0.72868
65522 -165.00 73.00 7.39e-20 0.72979
65525 -175.13 72.69 7.32e-20 0.72868
63293 -0.15 44.10 8.28e-20 0.74182
64055 20.50 64.00 1.43e-19 0.80123
64052 20.50 66.00 1.45e-19 0.80249
64466 -14.37 58.15 1.23e-19 0.78491
64049 20.50 68.00 1.46e-19 0.80296
64463 -19.14 56.59 1.15e-19 0.77754
64460 -23.49 54.84 1.06e-19 0.76852
64889 60.17 59.65 1.15e-19 0.77745
64895 67.82 55.26 9.39e-20 0.75523
64892 64.24 57.52 1.05e-19 0.76724
65225 -22.03 85.01 1.40e-19 0.79892
64376 58.87 43.83 6.27e-20 0.71289
64004 -159.50 82.00 1.08e-19 0.77042
64370 52.30 47.83 8.26e-20 0.74137
64007 -159.50 84.00 1.15e-19 0.77724
64373 55.72 45.90 7.27e-20 0.72805
64229 5.74 49.49 1.05e-19 0.76729
64235 15.00 50.00 1.08e-19 0.77033
64232 10.34 49.87 1.07e-19 0.76952
64109 -154.30 85.50 1.20e-19 0.78196
64115 -154.30 83.50 1.13e-19 0.77581
64112 -154.30 84.50 1.17e-19 0.77899
63809 -159.50 76.00 8.55e-20 0.74523
64283 15.00 53.00 1.18e-19 0.78030
64280 10.03 52.87 1.17e-19 0.77968
64286 19.97 52.87 1.17e-19 0.77968
65312 105.25 69.00 9.96e-20 0.76174
65315 106.03 66.00 8.99e-20 0.75068
65309 104.36 72.00 1.09e-19 0.77117
65306 103.29 74.99 1.16e-19 0.77882
65198 -70.10 62.89 8.55e-20 0.74516
65201 -68.64 65.84 9.61e-20 0.75777
65204 -66.90 68.78 1.06e-19 0.76862
65207 -64.74 71.70 1.15e-19 0.77764
65300 99.91 80.96 1.28e-19 0.78938
65303 101.91 77.98 1.23e-19 0.78489
65078 -54.80 64.32 1.05e-19 0.76731
65081 -51.58 67.01 1.15e-19 0.77740
65411 -165.00 85.00 1.18e-19 0.78030
65084 -47.61 69.63 1.24e-19 0.78582
65087 -42.61 72.15 1.32e-19 0.79247
64859 -7.85 66.25 1.42e-19 0.80065
64865 7.04 67.80 1.45e-19 0.80292
65417 145.34 82.12 1.15e-19 0.77748
63329 99.62 69.66 1.06e-19 0.76863
63335 94.39 69.25 1.09e-19 0.77203
63449 43.95 47.55 8.80e-20 0.74830
63455 42.51 45.84 8.27e-20 0.74177
64994 52.64 70.09 1.40e-19 0.79933
64988 35.87 72.94 1.46e-19 0.80297
64991 44.88 71.70 1.44e-19 0.80208
63215 -24.50 62.76 1.28e-19 0.78885
65153 -37.87 78.68 1.39e-19 0.79835
64997 59.19 68.20 1.35e-19 0.79479
63209 -27.74 63.99 1.28e-19 0.78918
64934 40.90 69.01 1.44e-19 0.80174
64016 14.04 90.00 1.32e-19 0.79290
64931 32.88 70.09 1.45e-19 0.80292
63431 48.85 52.53 1.02e-19 0.76444
64928 24.14 70.77 1.45e-19 0.80264
64010 -159.50 86.00 1.21e-19 0.78326
63473 -159.50 70.00 6.29e-20 0.71303
64937 48.05 67.59 1.40e-19 0.79889
63437 47.11 50.90 9.78e-20 0.75971
65132 -65.42 59.53 7.93e-20 0.73712
65135 -63.62 62.41 9.03e-20 0.75105
65129 87.47 61.57 9.39e-20 0.75532
64772 64.20 48.66 7.47e-20 0.73088
64775 -37.39 50.87 7.93e-20 0.73734
64415 15.00 59.00 1.35e-19 0.79482
64412 9.19 58.85 1.34e-19 0.79426
64409 3.49 58.40 1.32e-19 0.79249
63137 -80.38 69.66 9.74e-20 0.75919
63131 -85.61 69.25 9.21e-20 0.75314
64316 -22.30 47.83 8.26e-20 0.74137
64313 -25.72 45.90 7.27e-20 0.72805
64310 -28.87 43.83 6.27e-20 0.71289
63155 -64.02 69.92 1.11e-19 0.77410
63149 -69.50 70.00 1.07e-19 0.76971
64259 -20.22 45.15 7.46e-20 0.73065
64265 -12.75 48.42 9.21e-20 0.75316
64262 -16.62 46.88 8.36e-20 0.74297
65327 -83.36 62.69 7.27e-20 0.72821
57281 15.00 -74.00 1.58e-20 0.01576
64100 -154.30 88.50 1.28e-19 0.78971
64103 -154.30 87.50 1.26e-19 0.78732
65237 82.04 80.22 1.34e-19 0.79467
65234 71.87 82.83 1.38e-19 0.79739
64106 -154.30 86.50 1.23e-19 0.78474
65231 52.03 85.01 1.40e-19 0.79892
65228 15.00 86.00 1.40e-19 0.79936
65267 -76.03 66.00 8.99e-20 0.75068
64088 20.50 44.00 8.50e-20 0.74456
64193 2.01 45.89 9.03e-20 0.75103
64190 -2.11 45.05 8.55e-20 0.74533
64157 -154.30 77.50 9.16e-20 0.75260
64154 -154.30 71.50 6.88e-20 0.72237
64151 -154.30 72.50 7.26e-20 0.72789
64148 -154.30 73.50 7.64e-20 0.73322
64196 6.26 46.51 9.39e-20 0.75543
64982 15.00 74.00 1.42e-19 0.79926
64985 25.77 73.73 1.45e-19 0.80203
65369 114.82 74.77 1.09e-19 0.77112
64979 4.23 73.73 1.45e-19 0.80203
65375 113.60 68.75 9.21e-20 0.75324
65372 114.03 71.77 1.01e-19 0.76314
65366 116.22 77.76 1.15e-19 0.77756
65360 124.24 83.64 1.24e-19 0.78580
65363 118.82 80.73 1.20e-19 0.78246
65459 174.45 81.43 1.07e-19 0.76965
65462 158.42 79.90 1.05e-19 0.76727
65465 147.41 77.77 1.01e-19 0.76341
63173 -53.39 69.25 1.19e-19 0.78092
65036 -20.23 74.26 1.44e-19 0.80174
65270 -75.25 69.00 9.96e-20 0.76174
65273 -74.36 72.00 1.09e-19 0.77117
64952 71.94 57.20 9.61e-20 0.75773
65276 -73.29 74.99 1.16e-19 0.77882
65030 -35.21 70.32 1.34e-19 0.79428
65033 -28.52 72.43 1.40e-19 0.79891
64808 22.07 64.82 1.44e-19 0.80176
64811 28.94 64.29 1.42e-19 0.80065
65501 148.54 73.33 8.55e-20 0.74522
63353 80.22 67.15 1.17e-19 0.77894
64817 41.53 62.26 1.34e-19 0.79472
63005 15.00 -90.00 3.86e-20 0.03855
63389 62.51 61.46 1.18e-19 0.78019
62999 15.00 -74.00 1.58e-20 0.01576
63395 59.77 60.10 1.17e-19 0.77899
65507 -152.81 75.64 8.47e-20 0.74406
65054 50.23 74.26 1.44e-19 0.80174
65096 -16.27 78.38 1.44e-19 0.80235
65051 40.07 75.72 1.45e-19 0.80292
65048 28.12 76.67 1.45e-19 0.80264
65090 -36.13 74.51 1.38e-19 0.79738
65093 -27.58 76.63 1.42e-19 0.80062
65057 58.52 72.43 1.40e-19 0.79891
64496 44.37 58.15 1.23e-19 0.78491
64490 33.56 60.56 1.34e-19 0.79470
64493 39.17 59.48 1.29e-19 0.79054
63017 15.00 -90.00 3.86e-20 0.03855
63305 121.38 69.66 8.91e-20 0.74948
63011 15.00 -74.00 1.58e-20 0.01576
63299 126.61 69.25 8.40e-20 0.74332
64058 20.50 62.00 1.40e-19 0.79916
64061 20.50 60.00 1.36e-19 0.79629
64067 20.50 58.00 1.32e-19 0.79262
64802 7.93 64.82 1.44e-19 0.80176
64805 15.00 65.00 1.44e-19 0.80208
64799 1.06 64.29 1.42e-19 0.80065
64907 -29.72 63.95 1.26e-19 0.78783
64904 -34.39 61.83 1.17e-19 0.77955
64898 -41.94 57.20 9.61e-20 0.75773
64901 -38.43 59.57 1.07e-19 0.76949
64829 60.59 55.29 1.01e-19 0.76329
64379 -31.37 46.31 6.91e-20 0.72285
64367 48.58 49.61 9.21e-20 0.75318
64364 44.55 51.21 1.01e-19 0.76310
64361 40.23 52.61 1.09e-19 0.77112
64358 35.61 53.80 1.15e-19 0.77768
63371 72.27 65.14 1.19e-19 0.78091
63101 -146.50 74.10 7.97e-20 0.73778
63107 41.70 76.00 1.45e-19 0.80285
63968 -159.50 80.00 1.01e-19 0.76281
64343 9.65 55.86 1.26e-19 0.78785
63365 76.09 66.19 1.18e-19 0.78007
64247 33.10 47.99 9.61e-20 0.75788
64340 4.38 55.44 1.24e-19 0.78590
64244 28.75 48.86 1.01e-19 0.76344
64238 19.66 49.87 1.07e-19 0.76952
64346 15.00 56.00 1.27e-19 0.78847
64241 24.26 49.49 1.05e-19 0.76729
64268 -8.62 49.77 9.96e-20 0.76176
64271 -4.25 50.90 1.06e-19 0.76847
64274 0.34 51.81 1.11e-19 0.77382
64277 5.12 52.47 1.15e-19 0.77752
65264 -76.74 62.99 7.96e-20 0.73772
65261 -77.40 59.97 6.91e-20 0.72284
65258 101.35 59.93 7.47e-20 0.73087
65324 -83.42 59.64 6.27e-20 0.71288
65321 107.40 59.97 6.91e-20 0.72284
65318 106.74 62.99 7.96e-20 0.73772
64145 -154.30 74.50 8.02e-20 0.73836
65189 93.62 62.41 9.03e-20 0.75105
65195 -71.35 59.93 7.47e-20 0.73087
64139 -154.30 76.50 8.78e-20 0.74805
65441 -105.01 72.61 8.99e-20 0.75060
65438 -101.49 69.80 8.26e-20 0.74153
65444 -110.04 75.29 9.61e-20 0.75781
65447 -117.41 77.77 1.01e-19 0.76341
63341 89.39 68.69 1.12e-19 0.77489
63347 84.65 67.98 1.15e-19 0.77713
65018 -45.03 65.56 1.17e-19 0.77954
65027 -40.62 68.01 1.26e-19 0.78780
65159 -8.31 82.40 1.44e-19 0.80175
63239 -16.23 58.68 1.23e-19 0.78516
63245 -13.89 57.20 1.21e-19 0.78271
65165 38.31 82.40 1.44e-19 0.80175
63419 50.72 54.13 1.06e-19 0.76861
64943 59.72 63.95 1.26e-19 0.78783
64946 64.39 61.83 1.17e-19 0.77955
64847 -30.17 59.65 1.15e-19 0.77745
65141 -58.92 68.10 1.11e-19 0.77375
65138 -61.49 65.27 1.01e-19 0.76332
64838 67.39 50.87 7.93e-20 0.73734
64841 -37.82 55.26 9.39e-20 0.75523
64844 -34.24 57.52 1.05e-19 0.76724
64478 8.63 61.84 1.40e-19 0.79892
64481 15.00 62.00 1.40e-19 0.79936
64484 21.37 61.84 1.40e-19 0.79892
64487 27.59 61.35 1.38e-19 0.79739
64421 26.51 58.40 1.32e-19 0.79249
64424 32.00 57.66 1.28e-19 0.78939
64853 -20.33 63.41 1.32e-19 0.79246
64850 -25.56 61.63 1.24e-19 0.78591
64856 -14.43 64.97 1.38e-19 0.79742
63143 -74.98 69.92 1.02e-19 0.76491
64307 50.22 45.15 7.46e-20 0.73065
64298 38.62 49.77 9.96e-20 0.76176
64301 42.75 48.42 9.21e-20 0.75316
64304 46.62 46.88 8.36e-20 0.74297
64874 30.65 67.20 1.44e-19 0.80234
64868 15.00 68.00 1.46e-19 0.80297
64871 22.96 67.80 1.45e-19 0.80292
64877 37.85 66.25 1.42e-19 0.80065
64022 20.50 86.00 1.40e-19 0.79933
64025 20.50 84.00 1.43e-19 0.80134
64397 -16.66 53.94 1.09e-19 0.77125
64019 20.50 88.00 1.37e-19 0.79652
64394 -20.85 52.27 9.96e-20 0.76174
64388 -28.18 48.44 7.96e-20 0.73773
64391 -24.68 50.43 8.99e-20 0.75060
64214 32.11 45.05 8.55e-20 0.74533
64097 -154.30 89.50 1.31e-19 0.79189
64211 27.99 45.89 9.03e-20 0.75103
65219 -52.04 80.22 1.34e-19 0.79467
64217 -11.20 45.58 8.26e-20 0.74144
65222 -41.87 82.83 1.38e-19 0.79739
64427 37.23 56.66 1.23e-19 0.78494
64199 10.61 46.88 9.61e-20 0.75789
64202 15.00 47.00 9.68e-20 0.75858
64205 19.39 46.88 9.61e-20 0.75789
64976 -5.87 72.94 1.46e-19 0.80297
64973 -14.88 71.70 1.44e-19 0.80208
64970 -22.64 70.09 1.40e-19 0.79933
65450 -128.42 79.90 1.05e-19 0.76727
65453 -144.45 81.43 1.07e-19 0.76965
65162 15.00 83.00 1.44e-19 0.80208
63203 -31.27 65.14 1.28e-19 0.78902
65279 -71.91 77.98 1.23e-19 0.78489
65285 -66.36 83.93 1.32e-19 0.79247
65282 -69.91 80.96 1.28e-19 0.78938
65471 135.01 72.61 8.99e-20 0.75060
65468 140.04 75.29 9.61e-20 0.75781
65474 131.49 69.80 8.26e-20 0.74153
65477 -118.54 73.33 8.55e-20 0.74522
62993 15.00 -90.00 3.86e-20 0.03855
64940 54.30 65.88 1.34e-19 0.79423
65099 -1.81 79.57 1.45e-19 0.80292
65105 31.81 79.57 1.45e-19 0.80292
65102 15.00 80.00 1.46e-19 0.80297
64688 60.98 50.85 8.55e-20 0.74518
65405 -115.34 82.12 1.15e-19 0.77748
65402 -105.13 79.58 1.11e-19 0.77381
65399 -99.24 76.82 1.06e-19 0.76860
63269 -6.11 50.90 1.05e-19 0.76752
63275 -4.48 49.24 1.00e-19 0.76211
64037 20.50 76.00 1.45e-19 0.80166
64034 20.50 78.00 1.45e-19 0.80263
64028 20.50 82.00 1.45e-19 0.80255
64031 20.50 80.00 1.46e-19 0.80297
64916 -10.90 69.01 1.44e-19 0.80174
64793 -11.53 62.26 1.34e-19 0.79472
64790 -17.07 60.82 1.28e-19 0.78934
64910 -24.30 65.88 1.34e-19 0.79423
64913 -18.05 67.59 1.40e-19 0.79889
64796 -5.47 63.42 1.39e-19 0.79833
65144 -55.70 70.89 1.20e-19 0.78250
64430 42.12 55.41 1.16e-19 0.77891
64433 46.66 53.94 1.09e-19 0.77125
64349 20.35 55.86 1.26e-19 0.78785
64352 25.62 55.44 1.24e-19 0.78590
64355 30.72 54.74 1.20e-19 0.78239
63383 65.50 62.76 1.19e-19 0.78088
63113 -138.30 76.00 8.85e-20 0.74896
64436 50.85 52.27 9.96e-20 0.76174
64334 -5.61 53.80 1.15e-19 0.77768
65504 -141.78 74.62 8.26e-20 0.74141
64331 -10.23 52.61 1.09e-19 0.77112
64328 -14.55 51.21 1.01e-19 0.76310
64169 15.00 41.00 7.39e-20 0.72979
64172 18.97 40.88 7.32e-20 0.72883
64175 6.71 43.52 8.26e-20 0.74166
64337 -0.72 54.74 1.20e-19 0.78239
64814 35.47 63.42 1.39e-19 0.79833
65147 -51.53 73.61 1.28e-19 0.78942
65249 96.90 68.78 1.06e-19 0.76862
64085 20.50 46.00 9.26e-20 0.75380
65336 -84.03 71.77 1.01e-19 0.76314
65252 98.64 65.84 9.61e-20 0.75777
65255 100.10 62.89 8.55e-20 0.74516
65330 -83.40 65.72 8.26e-20 0.74151
65333 -83.60 68.75 9.21e-20 0.75324
64418 20.81 58.85 1.34e-19 0.79426
64133 -154.30 79.50 9.91e-20 0.76113
65186 91.49 65.27 1.01e-19 0.76332
64136 -154.30 78.50 9.53e-20 0.75696
65183 88.92 68.10 1.11e-19 0.77375
65180 85.70 70.89 1.20e-19 0.78250
65192 95.42 59.53 7.93e-20 0.73712
65414 164.13 84.15 1.17e-19 0.77969
65432 121.61 68.04 8.36e-20 0.74285
65435 120.51 65.03 7.46e-20 0.73063
63263 -7.85 52.53 1.10e-19 0.77228
65429 123.21 71.02 9.21e-20 0.75331
65408 -134.13 84.15 1.17e-19 0.77969
63317 110.50 70.00 9.83e-20 0.76031
63311 115.98 69.92 9.39e-20 0.75537
65009 76.59 58.92 9.68e-20 0.75845
65015 -48.69 63.02 1.07e-19 0.76965
65012 -51.77 60.39 9.60e-20 0.75768
65528 -165.00 70.00 6.27e-20 0.71278
65531 -165.00 67.00 5.22e-20 0.69406
63413 52.73 55.69 1.09e-19 0.77209
64955 -46.59 58.92 9.68e-20 0.75845
64949 68.43 59.57 1.07e-19 0.76949
65111 57.58 76.63 1.42e-19 0.80062
65168 55.98 80.83 1.42e-19 0.80062
65108 46.27 78.38 1.44e-19 0.80235
65114 66.13 74.51 1.38e-19 0.79738
65117 72.61 72.15 1.32e-19 0.79247
64862 -0.65 67.20 1.44e-19 0.80234
64835 64.18 53.14 9.04e-20 0.75125
65456 -165.00 82.00 1.08e-19 0.77033
64469 -9.17 59.48 1.29e-19 0.79054
64475 2.41 61.35 1.38e-19 0.79739
64472 -3.56 60.56 1.34e-19 0.79470
65513 -177.19 75.64 8.47e-20 0.74406
65510 -165.00 76.00 8.54e-20 0.74506
65516 171.78 74.62 8.26e-20 0.74141
64451 -34.20 48.66 7.47e-20 0.73088
64454 -30.98 50.85 8.55e-20 0.74518
63905 -159.50 78.00 9.31e-20 0.75441
64289 24.88 52.47 1.15e-19 0.77752
64295 34.25 50.90 1.06e-19 0.76847
64292 29.66 51.81 1.11e-19 0.77382
64883 50.33 63.41 1.32e-19 0.79246
64880 44.43 64.97 1.38e-19 0.79742
65498 156.21 75.54 9.03e-20 0.75114
63584 -159.50 72.00 7.03e-20 0.72454
64886 55.56 61.63 1.24e-19 0.78591
64406 -2.00 57.66 1.28e-19 0.78939
65378 113.40 65.72 8.26e-20 0.74151
64403 -7.23 56.66 1.23e-19 0.78494
64400 -12.12 55.41 1.16e-19 0.77891
64223 -3.10 47.99 9.61e-20 0.75788
64220 -7.26 46.89 8.99e-20 0.75050
64118 -154.30 82.50 1.10e-19 0.77244
64121 -154.30 81.50 1.06e-19 0.76886
64226 1.25 48.86 1.01e-19 0.76344
64124 -154.30 80.50 1.03e-19 0.76509
63161 -58.62 69.66 1.15e-19 0.77772
