65006 73.24 61.42 1.55e-19 1.10508
65000 64.69 66.09 1.83e-19 1.13452
65003 69.32 63.82 1.70e-19 1.12257
63197 -35.09 66.19 1.83e-19 1.13439
64142 -154.30 75.50 1.19e-19 1.05083
63191 -39.22 67.15 1.81e-19 1.13307
65213 -57.99 77.44 1.86e-19 1.13709
65210 -61.92 74.59 1.77e-19 1.12969
65294 86.94 86.84 1.92e-19 1.14062
65291 15.00 89.00 1.93e-19 1.14101
65288 -56.94 86.84 1.92e-19 1.14062
65075 -57.47 61.57 1.34e-19 1.07576
62987 15.00 -74.00 -1.46e-20 -0.01464
65072 81.77 60.39 1.37e-19 1.08060
65486 -149.69 78.56 1.37e-19 1.08053
65069 78.69 63.02 1.54e-19 1.10382
65420 135.13 79.58 1.60e-19 1.11145
62981 15.00 -90.00 -4.59e-20 -0.04592
65483 -136.50 77.35 1.34e-19 1.07588
65156 -25.98 80.83 2.02e-19 1.14059
65426 125.59 73.95 1.42e-19 1.08869
65480 -126.21 75.54 1.28e-19 1.06721
63281 -2.95 47.55 1.35e-19 1.07717
63287 -1.51 45.84 1.26e-19 1.06344
65150 -45.89 76.23 1.93e-19 1.14089
65390 -91.61 68.04 1.18e-19 1.04990
63227 -18.77 60.10 1.80e-19 1.13249
65393 -93.21 71.02 1.31e-19 1.07162
65396 -95.59 73.95 1.42e-19 1.08869
63221 -21.51 61.46 1.82e-19 1.13412
63443 45.48 49.24 1.33e-19 1.07385
64046 20.50 70.00 2.03e-19 1.11831
64082 20.50 48.00 1.43e-19 1.08965
64043 20.50 72.00 2.00e-19 1.10772
64040 20.50 74.00 1.97e-19 1.10060
64781 -30.59 55.29 1.45e-19 1.09172
64778 -34.18 53.14 1.28e-19 1.06738
64784 -26.57 57.31 1.60e-19 1.11142
64079 20.50 50.00 1.54e-19 1.10434
64787 -22.08 59.16 1.73e-19 1.12589
64919 -2.88 70.09 2.05e-19 1.12946
64925 15.00 71.00 2.01e-19 1.11049
64922 5.86 70.77 2.03e-19 1.11777
64439 54.68 50.43 1.28e-19 1.06608
64445 61.37 46.31 9.63e-20 1.00684
64442 58.18 48.44 1.12e-19 1.03893
63119 -95.35 67.98 1.14e-19 1.04185
63125 -90.61 68.69 1.23e-19 1.05765
63377 68.74 63.99 1.71e-19 1.12398
64544 53.49 54.84 1.52e-19 1.10176
64187 23.29 43.52 1.17e-19 1.04730
64325 -18.58 49.61 1.31e-19 1.07141
63776 -159.50 74.00 1.09e-19 1.03373
64181 15.00 44.00 1.21e-19 1.05455
64178 10.84 43.88 1.20e-19 1.05277
64184 19.16 43.88 1.20e-19 1.05277
64013 -159.50 88.00 1.83e-19 1.13461
64250 37.26 46.89 1.28e-19 1.06593
64253 41.20 45.58 1.17e-19 1.04698
64073 20.50 54.00 1.74e-19 1.12665
64070 20.50 56.00 1.82e-19 1.13418
65246 94.74 71.70 1.66e-19 1.11814
65492 179.69 78.56 1.37e-19 1.08053
65243 91.92 74.59 1.77e-19 1.12969
65495 166.50 77.35 1.34e-19 1.07588
64076 20.50 52.00 1.64e-19 1.11670
65240 87.99 77.44 1.86e-19 1.13709
64208 23.74 46.51 1.34e-19 1.07593
64457 -27.42 52.92 1.37e-19 1.08084
65177 81.53 73.61 1.84e-19 1.13576
64166 11.03 40.88 1.02e-19 1.01987
64163 15.00 38.00 8.67e-20 0.98483
65171 67.87 78.68 1.99e-19 1.14214
64094 20.50 40.00 9.72e-20 1.00883
65174 75.89 76.23 1.93e-19 1.14089
64160 15.00 35.00 7.09e-20 0.94361
65387 -90.51 65.03 1.04e-19 1.02380
63257 -9.72 54.13 1.64e-19 1.11613
65297 96.36 83.93 1.89e-19 1.13909
63251 -11.73 55.69 1.69e-19 1.12202
65381 113.36 62.69 1.02e-19 1.01844
65384 113.42 59.64 8.67e-20 0.98497
65357 139.00 86.38 1.82e-19 1.13373
65348 -94.24 83.64 1.79e-19 1.13100
65351 -109.00 86.38 1.82e-19 1.13373
64091 20.50 42.00 1.09e-19 1.03218
65354 -165.00 88.00 1.83e-19 1.13459
63179 -48.39 68.69 1.75e-19 1.12775
63185 -43.65 67.98 1.78e-19 1.13081
63323 105.02 69.92 1.47e-19 1.09472
65342 -86.22 77.76 1.66e-19 1.11803
65345 -88.82 80.73 1.73e-19 1.12603
65339 -84.82 74.77 1.56e-19 1.10659
65045 15.00 77.00 2.01e-19 1.11049
65042 1.88 76.67 2.03e-19 1.11779
65039 -10.07 75.72 2.05e-19 1.12946
63407 54.89 57.20 1.61e-19 1.11329
65423 129.24 76.82 1.52e-19 1.10187
64823 52.08 59.16 1.73e-19 1.12589
65489 -165.00 79.00 1.38e-19 1.08237
64820 47.07 60.82 1.84e-19 1.13565
64967 -29.19 68.20 1.93e-19 1.14097
64964 -34.69 66.09 1.83e-19 1.13452
63401 57.23 58.68 1.65e-19 1.11754
63095 40.40 47.00 1.25e-19 1.06235
64961 -39.32 63.82 1.70e-19 1.12257
64958 -43.24 61.42 1.55e-19 1.10508
64826 56.57 57.31 1.60e-19 1.11142
65063 70.62 68.01 1.82e-19 1.13372
65126 84.80 64.32 1.50e-19 1.09941
65060 65.21 70.32 1.92e-19 1.14065
65123 81.58 67.01 1.65e-19 1.11776
65066 75.03 65.56 1.69e-19 1.12134
65120 77.61 69.63 1.79e-19 1.13102
64592 57.42 52.92 1.37e-19 1.08084
64499 49.14 56.59 1.66e-19 1.11799
65519 -154.87 72.69 1.02e-19 1.01965
65522 -165.00 73.00 1.03e-19 1.02193
65525 -175.13 72.69 1.02e-19 1.01965
63293 -0.15 44.10 1.17e-19 1.04765
64055 20.50 64.00 2.03e-19 1.13953
64052 20.50 66.00 2.05e-19 1.13472
64466 -14.37 58.15 1.77e-19 1.12972
64049 20.50 68.00 2.04e-19 1.12757
64463 -19.14 56.59 1.66e-19 1.11799
64460 -23.49 54.84 1.52e-19 1.10176
64889 60.17 59.65 1.65e-19 1.11783
64895 67.82 55.26 1.34e-19 1.07563
64892 64.24 57.52 1.50e-19 1.09930
65225 -22.03 85.01 2.00e-19 1.14205
64376 58.87 43.83 8.67e-20 0.98499
64004 -159.50 82.00 1.55e-19 1.10529
64370 52.30 47.83 1.17e-19 1.04687
64007 -159.50 84.00 1.65e-19 1.11747
64373 55.72 45.90 1.02e-19 1.01819
64229 5.74 49.49 1.50e-19 1.09939
64235 15.00 50.00 1.55e-19 1.10512
64232 10.34 49.87 1.54e-19 1.10363
64109 -154.30 85.50 1.72e-19 1.12525
64115 -154.30 83.50 1.63e-19 1.11500
64112 -154.30 84.50 1.68e-19 1.12042
63809 -159.50 76.00 1.21e-19 1.05490
64283 15.00 53.00 1.70e-19 1.12258
64280 10.03 52.87 1.69e-19 1.12155
64286 19.97 52.87 1.69e-19 1.12155
65312 105.25 69.00 1.42e-19 1.08864
65315 106.03 66.00 1.28e-19 1.06620
65309 104.36 72.00 1.56e-19 1.10666
65306 103.29 74.99 1.67e-19 1.12015
65198 -70.10 62.89 1.21e-19 1.05482
65201 -68.64 65.84 1.37e-19 1.08075
65204 -66.90 68.78 1.52e-19 1.10190
65207 -64.74 71.70 1.66e-19 1.11814
65300 99.91 80.96 1.84e-19 1.13571
65303 101.91 77.98 1.77e-19 1.12969
65078 -54.80 64.32 1.50e-19 1.09941
65081 -51.58 67.01 1.65e-19 1.11776
65411 -165.00 85.00 1.70e-19 1.12258
65084 -47.61 69.63 1.79e-19 1.13102
65087 -42.61 72.15 1.89e-19 1.13908
64859 -7.85 66.25 2.02e-19 1.14062
64865 7.04 67.80 2.05e-19 1.12946
65417 145.34 82.12 1.65e-19 1.11787
63329 99.62 69.66 1.52e-19 1.10196
63335 94.39 69.25 1.57e-19 1.10824
63449 43.95 47.55 1.25e-19 1.06137
63455 42.51 45.84 1.17e-19 1.04753
64994 52.64 70.09 2.00e-19 1.14176
64988 35.87 72.94 2.04e-19 1.12647
64991 44.88 71.70 2.04e-19 1.13694
63215 -24.50 62.76 1.84e-19 1.13506
65153 -37.87 78.68 1.99e-19 1.14214
64997 59.19 68.20 1.93e-19 1.14097
63209 -27.74 63.99 1.84e-19 1.13548
64934 40.90 69.01 2.04e-19 1.13811
64016 14.04 90.00 1.90e-19 1.13949
64931 32.88 70.09 2.05e-19 1.12946
63431 48.85 52.53 1.46e-19 1.09394
64928 24.14 70.77 2.03e-19 1.11777
64010 -159.50 86.00 1.74e-19 1.12726
63473 -159.50 70.00 8.69e-20 0.98538
64937 48.05 67.59 2.00e-19 1.14201
63437 47.11 50.90 1.40e-19 1.08464
65132 -65.42 59.53 1.12e-19 1.03772
65135 -63.62 62.41 1.28e-19 1.06708
65129 87.47 61.57 1.34e-19 1.07576
64772 64.20 48.66 1.05e-19 1.02432
64775 -37.39 50.87 1.12e-19 1.03806
64415 15.00 59.00 1.93e-19 1.14101
64412 9.19 58.85 1.92e-19 1.14063
64409 3.49 58.40 1.89e-19 1.13912
63137 -80.38 69.66 1.39e-19 1.08364
63131 -85.61 69.25 1.31e-19 1.07136
64316 -22.30 47.83 1.17e-19 1.04687
64313 -25.72 45.90 1.02e-19 1.01819
64310 -28.87 43.83 8.67e-20 0.98499
63155 -64.02 69.92 1.60e-19 1.11194
63149 -69.50 70.00 1.54e-19 1.10396
64259 -20.22 45.15 1.04e-19 1.02383
64265 -12.75 48.42 1.31e-19 1.07139
64262 -16.62 46.88 1.18e-19 1.05008
65327 -83.36 62.69 1.02e-19 1.01844
57281 15.00 -74.00 -1.46e-20 -0.01464
64100 -154.30 88.50 1.85e-19 1.13611
64103 -154.30 87.50 1.81e-19 1.13310
65237 82.04 80.22 1.93e-19 1.14091
65234 71.87 82.83 1.97e-19 1.14213
64106 -154.30 86.50 1.77e-19 1.12948
65231 52.03 85.01 2.00e-19 1.14205
65228 15.00 86.00 2.00e-19 1.14180
65267 -76.03 66.00 1.28e-19 1.06620
64088 20.50 44.00 1.20e-19 1.05349
64193 2.01 45.89 1.28e-19 1.06705
64190 -2.11 45.05 1.21e-19 1.05507
64157 -154.30 77.50 1.30e-19 1.07023
64154 -154.30 71.50 9.58e-20 1.00582
64151 -154.30 72.50 1.01e-19 1.01782
64148 -154.30 73.50 1.07e-19 1.02933
64196 6.26 46.51 1.34e-19 1.07593
64982 15.00 74.00 1.93e-19 1.08916
64985 25.77 73.73 2.01e-19 1.11050
65369 114.82 74.77 1.56e-19 1.10659
64979 4.23 73.73 2.01e-19 1.11050
65375 113.60 68.75 1.31e-19 1.07150
65372 114.03 71.77 1.44e-19 1.09135
65366 116.22 77.76 1.66e-19 1.11803
65360 124.24 83.64 1.79e-19 1.13100
65363 118.82 80.73 1.73e-19 1.12603
65459 174.45 81.43 1.54e-19 1.10381
65462 158.42 79.90 1.50e-19 1.09935
65465 147.41 77.77 1.45e-19 1.09189
63173 -53.39 69.25 1.71e-19 1.12359
65036 -20.23 74.26 2.04e-19 1.13812
65270 -75.25 69.00 1.42e-19 1.08864
65273 -74.36 72.00 1.56e-19 1.10666
64952 71.94 57.20 1.37e-19 1.08067
65276 -73.29 74.99 1.67e-19 1.12015
65030 -35.21 70.32 1.92e-19 1.14065
65033 -28.52 72.43 2.00e-19 1.14204
64808 22.07 64.82 2.04e-19 1.13813
64811 28.94 64.29 2.02e-19 1.14062
65501 148.54 73.33 1.21e-19 1.05490
63353 80.22 67.15 1.68e-19 1.12033
64817 41.53 62.26 1.93e-19 1.14097
63389 62.51 61.46 1.70e-19 1.12241
63395 59.77 60.10 1.68e-19 1.12042
65507 -152.81 75.64 1.20e-19 1.05251
65054 50.23 74.26 2.04e-19 1.13812
65096 -16.27 78.38 2.04e-19 1.13558
65051 40.07 75.72 2.05e-19 1.12946
65048 28.12 76.67 2.03e-19 1.11779
65090 -36.13 74.51 1.97e-19 1.14211
65093 -27.58 76.63 2.02e-19 1.14059
65057 58.52 72.43 2.00e-19 1.14204
64496 44.37 58.15 1.77e-19 1.12972
64490 33.56 60.56 1.93e-19 1.14095
64493 39.17 59.48 1.86e-19 1.13707
63305 121.38 69.66 1.26e-19 1.06385
63299 126.61 69.25 1.19e-19 1.05090
64058 20.50 62.00 2.00e-19 1.14190
64061 20.50 60.00 1.96e-19 1.14181
64067 20.50 58.00 1.90e-19 1.13923
64802 7.93 64.82 2.04e-19 1.13813
64805 15.00 65.00 2.04e-19 1.13694
64799 1.06 64.29 2.02e-19 1.14062
64907 -29.72 63.95 1.82e-19 1.13376
64904 -34.39 61.83 1.69e-19 1.12136
64898 -41.94 57.20 1.37e-19 1.08067
64901 -38.43 59.57 1.53e-19 1.10358
64829 60.59 55.29 1.45e-19 1.09172
64379 -31.37 46.31 9.63e-20 1.00684
64367 48.58 49.61 1.31e-19 1.07141
64364 44.55 51.21 1.44e-19 1.09129
64361 40.23 52.61 1.56e-19 1.10659
64358 35.61 53.80 1.66e-19 1.11820
63371 72.27 65.14 1.71e-19 1.12357
63101 -146.50 74.10 1.12e-19 1.03910
63107 41.70 76.00 2.05e-19 1.13104
63968 -159.50 80.00 1.44e-19 1.09075
64343 9.65 55.86 1.82e-19 1.13379
63365 76.09 66.19 1.70e-19 1.12222
64247 33.10 47.99 1.37e-19 1.08093
64340 4.38 55.44 1.79e-19 1.13114
64244 28.75 48.86 1.45e-19 1.09195
64238 19.66 49.87 1.54e-19 1.10363
64346 15.00 56.00 1.83e-19 1.13459
64241 24.26 49.49 1.50e-19 1.09939
64268 -8.62 49.77 1.42e-19 1.08868
64271 -4.25 50.90 1.52e-19 1.10168
64274 0.34 51.81 1.60e-19 1.11147
64277 5.12 52.47 1.65e-19 1.11793
65264 -76.74 62.99 1.12e-19 1.03891
65261 -77.40 59.97 9.63e-20 1.00683
65258 101.35 59.93 1.05e-19 1.02431
65324 -83.42 59.64 8.67e-20 0.98497
65321 107.40 59.97 9.63e-20 1.00683
65318 106.74 62.99 1.12e-19 1.03891
64145 -154.30 74.50 1.13e-19 1.04034
65189 93.62 62.41 1.28e-19 1.06708
65195 -71.35 59.93 1.05e-19 1.02431
64139 -154.30 76.50 1.24e-19 1.06080
65441 -105.01 72.61 1.28e-19 1.06609
65438 -101.49 69.80 1.17e-19 1.04711
65444 -110.04 75.29 1.37e-19 1.08082
65447 -117.41 77.77 1.45e-19 1.09189
63341 89.39 68.69 1.61e-19 1.11336
63347 84.65 67.98 1.65e-19 1.11729
65018 -45.03 65.56 1.69e-19 1.12134
65027 -40.62 68.01 1.82e-19 1.13372
65159 -8.31 82.40 2.04e-19 1.13812
63239 -16.23 58.68 1.77e-19 1.13008
63245 -13.89 57.20 1.74e-19 1.12642
65165 38.31 82.40 2.04e-19 1.13812
63419 50.72 54.13 1.52e-19 1.10187
64943 59.72 63.95 1.82e-19 1.13376
64946 64.39 61.83 1.69e-19 1.12136
64847 -30.17 59.65 1.65e-19 1.11783
65141 -58.92 68.10 1.60e-19 1.11137
65138 -61.49 65.27 1.45e-19 1.09176
64838 67.39 50.87 1.12e-19 1.03806
64841 -37.82 55.26 1.34e-19 1.07563
64844 -34.24 57.52 1.50e-19 1.09930
64478 8.63 61.84 2.00e-19 1.14205
64481 15.00 62.00 2.00e-19 1.14180
64484 21.37 61.84 2.00e-19 1.14205
64487 27.59 61.35 1.97e-19 1.14213
64421 26.51 58.40 1.89e-19 1.13912
64424 32.00 57.66 1.84e-19 1.13572
64853 -20.33 63.41 1.89e-19 1.13907
64850 -25.56 61.63 1.79e-19 1.13115
64856 -14.43 64.97 1.97e-19 1.14216
63143 -74.98 69.92 1.47e-19 1.09479
64307 50.22 45.15 1.04e-19 1.02383
64298 38.62 49.77 1.42e-19 1.08868
64301 42.75 48.42 1.31e-19 1.07139
64304 46.62 46.88 1.18e-19 1.05008
64874 30.65 67.20 2.04e-19 1.13557
64868 15.00 68.00 2.04e-19 1.12647
64871 22.96 67.80 2.05e-19 1.12946
64877 37.85 66.25 2.02e-19 1.14062
64022 20.50 86.00 2.00e-19 1.14182
64025 20.50 84.00 2.03e-19 1.13927
64397 -16.66 53.94 1.56e-19 1.10678
64019 20.50 88.00 1.96e-19 1.14190
64394 -20.85 52.27 1.42e-19 1.08864
64388 -28.18 48.44 1.12e-19 1.03893
64391 -24.68 50.43 1.28e-19 1.06608
64214 32.11 45.05 1.21e-19 1.05507
64097 -154.30 89.50 1.88e-19 1.13852
64211 27.99 45.89 1.28e-19 1.06705
65219 -52.04 80.22 1.93e-19 1.14091
64217 -11.20 45.58 1.17e-19 1.04698
65222 -41.87 82.83 1.97e-19 1.14213
64427 37.23 56.66 1.77e-19 1.12976
64199 10.61 46.88 1.37e-19 1.08091
64202 15.00 47.00 1.38e-19 1.08237
64205 19.39 46.88 1.37e-19 1.08091
64976 -5.87 72.94 2.04e-19 1.12647
64973 -14.88 71.70 2.04e-19 1.13694
64970 -22.64 70.09 2.00e-19 1.14176
65450 -128.42 79.90 1.50e-19 1.09935
65453 -144.45 81.43 1.54e-19 1.10381
65162 15.00 83.00 2.04e-19 1.13694
63203 -31.27 65.14 1.84e-19 1.13528
65279 -71.91 77.98 1.77e-19 1.12969
65285 -66.36 83.93 1.89e-19 1.13909
65282 -69.91 80.96 1.84e-19 1.13571
65471 135.01 72.61 1.28e-19 1.06609
65468 140.04 75.29 1.37e-19 1.08082
65474 131.49 69.80 1.17e-19 1.04711
65477 -118.54 73.33 1.21e-19 1.05490
62993 15.00 -90.00 -4.59e-20 -0.04592
64940 54.30 65.88 1.92e-19 1.14058
65099 -1.81 79.57 2.05e-19 1.12946
65105 31.81 79.57 2.05e-19 1.12946
65102 15.00 80.00 2.04e-19 1.12647
64688 60.98 50.85 1.21e-19 1.05485
65405 -115.34 82.12 1.65e-19 1.11787
65402 -105.13 79.58 1.60e-19 1.11145
65399 -99.24 76.82 1.52e-19 1.10187
63269 -6.11 50.90 1.51e-19 1.09985
63275 -4.48 49.24 1.43e-19 1.08940
64037 20.50 76.00 2.00e-19 1.10700
64034 20.50 78.00 2.03e-19 1.11760
64028 20.50 82.00 2.05e-19 1.13429
64031 20.50 80.00 2.04e-19 1.12699
64916 -10.90 69.01 2.04e-19 1.13811
64793 -11.53 62.26 1.93e-19 1.14097
64790 -17.07 60.82 1.84e-19 1.13565
64910 -24.30 65.88 1.92e-19 1.14058
64913 -18.05 67.59 2.00e-19 1.14201
64796 -5.47 63.42 1.99e-19 1.14211
65144 -55.70 70.89 1.73e-19 1.12609
64430 42.12 55.41 1.68e-19 1.12027
64433 46.66 53.94 1.56e-19 1.10678
64349 20.35 55.86 1.82e-19 1.13379
64352 25.62 55.44 1.79e-19 1.13114
64355 30.72 54.74 1.73e-19 1.12592
63383 65.50 62.76 1.71e-19 1.12354
63113 -138.30 76.00 1.26e-19 1.06269
64436 50.85 52.27 1.42e-19 1.08864
64334 -5.61 53.80 1.66e-19 1.11820
65504 -141.78 74.62 1.17e-19 1.04693
64331 -10.23 52.61 1.56e-19 1.10659
64328 -14.55 51.21 1.44e-19 1.09129
64169 15.00 41.00 1.03e-19 1.02193
64172 18.97 40.88 1.02e-19 1.01987
64175 6.71 43.52 1.17e-19 1.04730
64337 -0.72 54.74 1.73e-19 1.12592
64814 35.47 63.42 1.99e-19 1.14211
65147 -51.53 73.61 1.84e-19 1.13576
65249 96.90 68.78 1.52e-19 1.10190
64085 20.50 46.00 1.32e-19 1.07267
65336 -84.03 71.77 1.44e-19 1.09135
65252 98.64 65.84 1.37e-19 1.08075
65255 100.10 62.89 1.21e-19 1.05482
65330 -83.40 65.72 1.17e-19 1.04707
65333 -83.60 68.75 1.31e-19 1.07150
64418 20.81 58.85 1.92e-19 1.14063
64133 -154.30 79.50 1.42e-19 1.08743
65186 91.49 65.27 1.45e-19 1.09176
64136 -154.30 78.50 1.36e-19 1.07911
65183 88.92 68.10 1.60e-19 1.11137
65180 85.70 70.89 1.73e-19 1.12609
65192 95.42 59.53 1.12e-19 1.03772
65414 164.13 84.15 1.69e-19 1.12156
65432 121.61 68.04 1.18e-19 1.04990
65435 120.51 65.03 1.04e-19 1.02380
63263 -7.85 52.53 1.58e-19 1.10872
65429 123.21 71.02 1.31e-19 1.07162
65408 -134.13 84.15 1.69e-19 1.12156
63317 110.50 70.00 1.40e-19 1.08580
63311 115.98 69.92 1.34e-19 1.07582
65009 76.59 58.92 1.38e-19 1.08216
65015 -48.69 63.02 1.54e-19 1.10382
65012 -51.77 60.39 1.37e-19 1.08060
65528 -165.00 70.00 8.67e-20 0.98483
65531 -165.00 67.00 7.09e-20 0.94361
63413 52.73 55.69 1.57e-19 1.10832
64955 -46.59 58.92 1.38e-19 1.08216
64949 68.43 59.57 1.53e-19 1.10358
65111 57.58 76.63 2.02e-19 1.14059
65168 55.98 80.83 2.02e-19 1.14059
65108 46.27 78.38 2.04e-19 1.13558
65114 66.13 74.51 1.97e-19 1.14211
65117 72.61 72.15 1.89e-19 1.13908
64862 -0.65 67.20 2.04e-19 1.13557
64835 64.18 53.14 1.28e-19 1.06738
65456 -165.00 82.00 1.55e-19 1.10512
64469 -9.17 59.48 1.86e-19 1.13707
64475 2.41 61.35 1.97e-19 1.14213
64472 -3.56 60.56 1.93e-19 1.14095
65513 -177.19 75.64 1.20e-19 1.05251
65510 -165.00 76.00 1.21e-19 1.05455
65516 171.78 74.62 1.17e-19 1.04693
64451 -34.20 48.66 1.05e-19 1.02432
64454 -30.98 50.85 1.21e-19 1.05485
63905 -159.50 78.00 1.33e-19 1.07393
64289 24.88 52.47 1.65e-19 1.11793
64295 34.25 50.90 1.52e-19 1.10168
64292 29.66 51.81 1.60e-19 1.11147
64883 50.33 63.41 1.89e-19 1.13907
64880 44.43 64.97 1.97e-19 1.14216
65498 156.21 75.54 1.28e-19 1.06721
63584 -159.50 72.00 9.80e-20 1.01053
64886 55.56 61.63 1.79e-19 1.13115
64406 -2.00 57.66 1.84e-19 1.13572
65378 113.40 65.72 1.17e-19 1.04707
64403 -7.23 56.66 1.77e-19 1.12976
64400 -12.12 55.41 1.68e-19 1.12027
64223 -3.10 47.99 1.37e-19 1.08093
64220 -7.26 46.89 1.28e-19 1.06593
64118 -154.30 82.50 1.58e-19 1.10898
64121 -154.30 81.50 1.52e-19 1.10237
64226 1.25 48.86 1.45e-19 1.09195
64124 -154.30 80.50 1.47e-19 1.09519
63161 -58.62 69.66 1.66e-19 1.11829
