65006 73.24 61.42 4.21e-19 3.00906
65000 64.69 66.09 5.17e-19 3.20847
65003 69.32 63.82 4.75e-19 3.13857
63197 -35.09 66.19 5.17e-19 3.20795
64142 -154.30 75.50 2.91e-19 2.57256
63191 -39.22 67.15 5.11e-19 3.20171
65213 -57.99 77.44 5.27e-19 3.21743
65210 -61.92 74.59 4.99e-19 3.18385
65294 86.94 86.84 5.42e-19 3.21788
65291 15.00 89.00 5.44e-19 3.21559
65288 -56.94 86.84 5.42e-19 3.21788
65075 -57.47 61.57 3.45e-19 2.77359
62987 15.00 -74.00 9.03e-21 0.00903
65072 81.77 60.39 3.57e-19 2.81350
65486 -149.69 78.56 3.57e-19 2.81326
65069 78.69 63.02 4.17e-19 2.99851
65420 135.13 79.58 4.40e-19 3.05780
62981 15.00 -90.00 1.08e-19 0.10777
65483 -136.50 77.35 3.45e-19 2.77401
65156 -25.98 80.83 5.54e-19 3.12074
65426 125.59 73.95 3.77e-19 2.87827
65480 -126.21 75.54 3.25e-19 2.70451
63281 -2.95 47.55 3.48e-19 2.78569
63287 -1.51 45.84 3.17e-19 2.67340
65150 -45.89 76.23 5.44e-19 3.21620
65390 -91.61 68.04 2.89e-19 2.56525
63227 -18.77 60.10 5.09e-19 3.19895
65393 -93.21 71.02 3.35e-19 2.73937
65396 -95.59 73.95 3.77e-19 2.87827
63221 -21.51 61.46 5.15e-19 3.20671
63443 45.48 49.24 3.41e-19 2.75862
64046 20.50 70.00 4.99e-19 2.75541
64082 20.50 48.00 3.79e-19 2.88616
64043 20.50 72.00 4.72e-19 2.61878
64040 20.50 74.00 4.54e-19 2.53258
64781 -30.59 55.29 3.85e-19 2.90325
64778 -34.18 53.14 3.25e-19 2.70511
64784 -26.57 57.31 4.40e-19 3.05769
64079 20.50 50.00 4.19e-19 3.00315
64787 -22.08 59.16 4.86e-19 3.16098
64919 -2.88 70.09 5.28e-19 2.91572
64925 15.00 71.00 4.79e-19 2.65343
64922 5.86 70.77 4.98e-19 2.74818
64439 54.68 50.43 3.23e-19 2.69515
64445 61.37 46.31 2.13e-19 2.23057
64442 58.18 48.44 2.67e-19 2.47720
63119 -95.35 67.98 2.73e-19 2.50113
63125 -90.61 68.69 3.04e-19 2.62636
63377 68.74 63.99 4.79e-19 3.14809
64544 53.49 54.84 4.12e-19 2.98326
64187 23.29 43.52 2.83e-19 2.54377
64325 -18.58 49.61 3.35e-19 2.73861
63776 -159.50 74.00 2.58e-19 2.43713
64181 15.00 44.00 2.98e-19 2.60229
64178 10.84 43.88 2.94e-19 2.58780
64184 19.16 43.88 2.94e-19 2.58780
64013 -159.50 88.00 5.17e-19 3.20878
64250 37.26 46.89 3.23e-19 2.69461
64253 41.20 45.58 2.83e-19 2.54261
64073 20.50 54.00 4.88e-19 3.16542
64070 20.50 56.00 5.15e-19 3.20692
65246 94.74 71.70 4.60e-19 3.10724
65492 179.69 78.56 3.57e-19 2.81326
65243 91.92 74.59 4.99e-19 3.18385
65495 166.50 77.35 3.45e-19 2.77401
64076 20.50 52.00 4.56e-19 3.09697
65240 87.99 77.44 5.27e-19 3.21743
64208 23.74 46.51 3.45e-19 2.77419
64457 -27.42 52.92 3.57e-19 2.81490
65177 81.53 73.61 5.22e-19 3.21328
64166 11.03 40.88 2.34e-19 2.32983
64163 15.00 38.00 1.82e-19 2.06874
65171 67.87 78.68 5.54e-19 3.17972
64094 20.50 40.00 2.16e-19 2.24565
65174 75.89 76.23 5.44e-19 3.21620
64160 15.00 35.00 1.34e-19 1.78451
65387 -90.51 65.03 2.41e-19 2.36047
63257 -9.72 54.13 4.54e-19 3.09253
65297 96.36 83.93 5.35e-19 3.22048
63251 -11.73 55.69 4.73e-19 3.13443
65381 113.36 62.69 2.32e-19 2.31797
65384 113.42 59.64 1.82e-19 2.06920
65357 139.00 86.38 5.14e-19 3.20494
65348 -94.24 83.64 5.04e-19 3.19127
65351 -109.00 86.38 5.14e-19 3.20494
64091 20.50 42.00 2.55e-19 2.42494
65354 -165.00 88.00 5.17e-19 3.20868
63179 -48.39 68.69 4.92e-19 3.17211
63185 -43.65 67.98 5.03e-19 3.19007
63323 105.02 69.92 3.92e-19 2.92628
65342 -86.22 77.76 4.60e-19 3.10685
65345 -88.82 80.73 4.86e-19 3.16146
65339 -84.82 74.77 4.25e-19 3.02082
65045 15.00 77.00 4.79e-19 2.65343
65042 1.88 76.67 4.98e-19 2.74837
65039 -10.07 75.72 5.28e-19 2.91557
63407 54.89 57.20 4.45e-19 3.07216
65423 129.24 76.82 4.12e-19 2.98367
64823 52.08 59.16 4.86e-19 3.16098
65489 -165.00 79.00 3.61e-19 2.82728
64820 47.07 60.82 5.22e-19 3.21296
64967 -29.19 68.20 5.44e-19 3.21551
64964 -34.69 66.09 5.17e-19 3.20847
63401 57.23 58.68 4.58e-19 3.10263
63095 40.40 47.00 3.15e-19 2.66510
64961 -39.32 63.82 4.75e-19 3.13857
64958 -43.24 61.42 4.21e-19 3.00906
64826 56.57 57.31 4.40e-19 3.05769
65063 70.62 68.01 5.14e-19 3.20492
65126 84.80 64.32 4.05e-19 2.96396
65060 65.21 70.32 5.42e-19 3.21795
65123 81.58 67.01 4.59e-19 3.10484
65066 75.03 65.56 4.71e-19 3.13034
65120 77.61 69.63 5.04e-19 3.19131
64592 57.42 52.92 3.57e-19 2.81490
64499 49.14 56.59 4.60e-19 3.10672
65519 -154.87 72.69 2.34e-19 2.32906
65522 -165.00 73.00 2.38e-19 2.34540
65525 -175.13 72.69 2.34e-19 2.32906
63293 -0.15 44.10 2.84e-19 2.54655
64055 20.50 64.00 5.52e-19 3.09486
64052 20.50 66.00 5.41e-19 3.00159
64466 -14.37 58.15 4.99e-19 3.18394
64049 20.50 68.00 5.23e-19 2.88683
64463 -19.14 56.59 4.60e-19 3.10672
64460 -23.49 54.84 4.12e-19 2.98326
64889 60.17 59.65 4.59e-19 3.10508
64895 67.82 55.26 3.45e-19 2.77310
64892 64.24 57.52 4.05e-19 2.96356
65225 -22.03 85.01 5.54e-19 3.16960
64376 58.87 43.83 1.82e-19 2.06925
64004 -159.50 82.00 4.22e-19 3.01049
64370 52.30 47.83 2.83e-19 2.54223
64007 -159.50 84.00 4.58e-19 3.10260
64373 55.72 45.90 2.31e-19 2.31714
64229 5.74 49.49 4.05e-19 2.96386
64235 15.00 50.00 4.21e-19 3.00919
64232 10.34 49.87 4.17e-19 2.99781
64109 -154.30 85.50 4.84e-19 3.15640
64115 -154.30 83.50 4.50e-19 3.08446
64112 -154.30 84.50 4.68e-19 3.12365
63809 -159.50 76.00 2.99e-19 2.60514
64283 15.00 53.00 4.75e-19 3.13861
64280 10.03 52.87 4.71e-19 3.13107
64286 19.97 52.87 4.71e-19 3.13107
65312 105.25 69.00 3.76e-19 2.87811
65315 106.03 66.00 3.23e-19 2.69556
65309 104.36 72.00 4.25e-19 3.02109
65306 103.29 74.99 4.67e-19 3.12191
65198 -70.10 62.89 2.99e-19 2.60524
65201 -68.64 65.84 3.57e-19 2.81458
65204 -66.90 68.78 4.12e-19 2.98378
65207 -64.74 71.70 4.60e-19 3.10724
65300 99.91 80.96 5.22e-19 3.21313
65303 101.91 77.98 4.99e-19 3.18386
65078 -54.80 64.32 4.05e-19 2.96396
65081 -51.58 67.01 4.59e-19 3.10484
65411 -165.00 85.00 4.75e-19 3.13861
65084 -47.61 69.63 5.04e-19 3.19131
65087 -42.61 72.15 5.35e-19 3.22045
64859 -7.85 66.25 5.54e-19 3.12069
64865 7.04 67.80 5.28e-19 2.91549
65417 145.34 82.12 4.59e-19 3.10523
63329 99.62 69.66 4.12e-19 2.98476
63335 94.39 69.25 4.30e-19 3.03340
63449 43.95 47.55 3.13e-19 2.65786
63455 42.51 45.84 2.84e-19 2.54565
64994 52.64 70.09 5.55e-19 3.15896
64988 35.87 72.94 5.20e-19 2.87029
64991 44.88 71.70 5.46e-19 3.04179
63215 -24.50 62.76 5.19e-19 3.21068
65153 -37.87 78.68 5.54e-19 3.17972
64997 59.19 68.20 5.44e-19 3.21551
63209 -27.74 63.99 5.21e-19 3.21225
64934 40.90 69.01 5.49e-19 3.06515
64016 14.04 90.00 5.37e-19 3.22040
64931 32.88 70.09 5.28e-19 2.91572
63431 48.85 52.53 3.90e-19 2.92091
64928 24.14 70.77 4.98e-19 2.74818
64010 -159.50 86.00 4.90e-19 3.16922
63473 -159.50 70.00 1.83e-19 2.07273
64937 48.05 67.59 5.54e-19 3.16958
63437 47.11 50.90 3.67e-19 2.84616
65132 -65.42 59.53 2.65e-19 2.46875
65135 -63.62 62.41 3.25e-19 2.70403
65129 87.47 61.57 3.45e-19 2.77359
64772 64.20 48.66 2.42e-19 2.36423
64775 -37.39 50.87 2.66e-19 2.46992
64415 15.00 59.00 5.44e-19 3.21559
64412 9.19 58.85 5.42e-19 3.21790
64409 3.49 58.40 5.35e-19 3.22056
63137 -80.38 69.66 3.64e-19 2.83838
63131 -85.61 69.25 3.35e-19 2.73835
64316 -22.30 47.83 2.83e-19 2.54223
64313 -25.72 45.90 2.31e-19 2.31714
64310 -28.87 43.83 1.82e-19 2.06925
63155 -64.02 69.92 4.41e-19 3.06120
63149 -69.50 70.00 4.18e-19 3.00015
64259 -20.22 45.15 2.41e-19 2.36056
64265 -12.75 48.42 3.35e-19 2.73852
64262 -16.62 46.88 2.89e-19 2.56590
65327 -83.36 62.69 2.32e-19 2.31797
57281 15.00 -74.00 9.03e-21 0.00903
64100 -154.30 88.50 5.23e-19 3.21449
64103 -154.30 87.50 5.11e-19 3.20194
65237 82.04 80.22 5.44e-19 3.21624
65234 71.87 82.83 5.52e-19 3.19429
64106 -154.30 86.50 4.98e-19 3.18255
65231 52.03 85.01 5.54e-19 3.16960
65228 15.00 86.00 5.55e-19 3.15896
65267 -76.03 66.00 3.23e-19 2.69556
64088 20.50 44.00 2.96e-19 2.59381
64193 2.01 45.89 3.25e-19 2.70392
64190 -2.11 45.05 2.99e-19 2.60615
64157 -154.30 77.50 3.32e-19 2.72885
64154 -154.30 71.50 2.12e-19 2.22299
64151 -154.30 72.50 2.31e-19 2.31389
64148 -154.30 73.50 2.50e-19 2.40276
64196 6.26 46.51 3.45e-19 2.77419
64982 15.00 74.00 4.27e-19 2.40197
64985 25.77 73.73 4.79e-19 2.65352
65369 114.82 74.77 4.25e-19 3.02082
64979 4.23 73.73 4.79e-19 2.65352
65375 113.60 68.75 3.35e-19 2.73894
65372 114.03 71.77 3.83e-19 2.89922
65366 116.22 77.76 4.60e-19 3.10685
65360 124.24 83.64 5.04e-19 3.19127
65363 118.82 80.73 4.86e-19 3.16146
65459 174.45 81.43 4.17e-19 2.99849
65462 158.42 79.90 4.05e-19 2.96373
65465 147.41 77.77 3.85e-19 2.90388
63173 -53.39 69.25 4.78e-19 3.14544
65036 -20.23 74.26 5.49e-19 3.06513
65270 -75.25 69.00 3.76e-19 2.87811
65273 -74.36 72.00 4.25e-19 3.02109
64952 71.94 57.20 3.57e-19 2.81376
65276 -73.29 74.99 4.67e-19 3.12191
65030 -35.21 70.32 5.42e-19 3.21795
65033 -28.52 72.43 5.54e-19 3.16960
64808 22.07 64.82 5.49e-19 3.06508
64811 28.94 64.29 5.54e-19 3.12069
65501 148.54 73.33 2.99e-19 2.60555
63353 80.22 67.15 4.67e-19 3.12275
64817 41.53 62.26 5.44e-19 3.21637
63389 62.51 61.46 4.74e-19 3.13758
63395 59.77 60.10 4.68e-19 3.12359
65507 -152.81 75.64 2.94e-19 2.58687
65054 50.23 74.26 5.49e-19 3.06513
65096 -16.27 78.38 5.43e-19 3.01683
65051 40.07 75.72 5.28e-19 2.91557
65048 28.12 76.67 4.98e-19 2.74837
65090 -36.13 74.51 5.52e-19 3.19427
65093 -27.58 76.63 5.54e-19 3.12073
65057 58.52 72.43 5.54e-19 3.16960
64496 44.37 58.15 4.99e-19 3.18394
64490 33.56 60.56 5.44e-19 3.21634
64493 39.17 59.48 5.27e-19 3.21739
63305 121.38 69.66 3.18e-19 2.67812
63299 126.61 69.25 2.91e-19 2.57348
64058 20.50 62.00 5.54e-19 3.16364
64061 20.50 60.00 5.49e-19 3.20592
64067 20.50 58.00 5.36e-19 3.22051
64802 7.93 64.82 5.49e-19 3.06508
64805 15.00 65.00 5.46e-19 3.04181
64799 1.06 64.29 5.54e-19 3.12069
64907 -29.72 63.95 5.14e-19 3.20504
64904 -34.39 61.83 4.71e-19 3.13040
64898 -41.94 57.20 3.57e-19 2.81376
64901 -38.43 59.57 4.17e-19 2.99765
64829 60.59 55.29 3.85e-19 2.90325
64379 -31.37 46.31 2.13e-19 2.23057
64367 48.58 49.61 3.35e-19 2.73861
64364 44.55 51.21 3.83e-19 2.89900
64361 40.23 52.61 4.25e-19 3.02083
64358 35.61 53.80 4.60e-19 3.10746
63371 72.27 65.14 4.78e-19 3.14529
63101 -146.50 74.10 2.68e-19 2.47928
63107 41.70 76.00 5.32e-19 2.94042
63968 -159.50 80.00 3.82e-19 2.89504
64343 9.65 55.86 5.14e-19 3.20512
63365 76.09 66.19 4.74e-19 3.13654
64247 33.10 47.99 3.57e-19 2.81521
64340 4.38 55.44 5.04e-19 3.19170
64244 28.75 48.86 3.85e-19 2.90408
64238 19.66 49.87 4.17e-19 2.99781
64346 15.00 56.00 5.17e-19 3.20868
64241 24.26 49.49 4.05e-19 2.96386
64268 -8.62 49.77 3.77e-19 2.87825
64271 -4.25 50.90 4.12e-19 2.98298
64274 0.34 51.81 4.40e-19 3.05786
64277 5.12 52.47 4.59e-19 3.10545
65264 -76.74 62.99 2.67e-19 2.47712
65261 -77.40 59.97 2.13e-19 2.23053
65258 101.35 59.93 2.42e-19 2.36418
65324 -83.42 59.64 1.82e-19 2.06920
65321 107.40 59.97 2.13e-19 2.23053
65318 106.74 62.99 2.67e-19 2.47712
64145 -154.30 74.50 2.70e-19 2.48913
65189 93.62 62.41 3.25e-19 2.70403
65195 -71.35 59.93 2.42e-19 2.36418
64139 -154.30 76.50 3.11e-19 2.65261
65441 -105.01 72.61 3.23e-19 2.69517
65438 -101.49 69.80 2.83e-19 2.54309
65444 -110.04 75.29 3.57e-19 2.81481
65447 -117.41 77.77 3.85e-19 2.90388
63341 89.39 68.69 4.45e-19 3.07205
63347 84.65 67.98 4.58e-19 3.10119
65018 -45.03 65.56 4.71e-19 3.13034
65027 -40.62 68.01 5.14e-19 3.20492
65159 -8.31 82.40 5.49e-19 3.06511
63239 -16.23 58.68 5.00e-19 3.18578
63245 -13.89 57.20 4.88e-19 3.16422
65165 38.31 82.40 5.49e-19 3.06511
63419 50.72 54.13 4.12e-19 2.98340
64943 59.72 63.95 5.14e-19 3.20504
64946 64.39 61.83 4.71e-19 3.13040
64847 -30.17 59.65 4.59e-19 3.10508
65141 -58.92 68.10 4.40e-19 3.05751
65138 -61.49 65.27 3.85e-19 2.90340
64838 67.39 50.87 2.66e-19 2.46992
64841 -37.82 55.26 3.45e-19 2.77310
64844 -34.24 57.52 4.05e-19 2.96356
64478 8.63 61.84 5.54e-19 3.16961
64481 15.00 62.00 5.55e-19 3.15896
64484 21.37 61.84 5.54e-19 3.16961
64487 27.59 61.35 5.52e-19 3.19429
64421 26.51 58.40 5.35e-19 3.22056
64424 32.00 57.66 5.22e-19 3.21316
64853 -20.33 63.41 5.35e-19 3.22043
64850 -25.56 61.63 5.04e-19 3.19173
64856 -14.43 64.97 5.52e-19 3.19434
63143 -74.98 69.92 3.92e-19 2.92683
64307 50.22 45.15 2.41e-19 2.36056
64298 38.62 49.77 3.77e-19 2.87825
64301 42.75 48.42 3.35e-19 2.73852
64304 46.62 46.88 2.89e-19 2.56590
64874 30.65 67.20 5.43e-19 3.01695
64868 15.00 68.00 5.20e-19 2.87034
64871 22.96 67.80 5.28e-19 2.91549
64877 37.85 66.25 5.54e-19 3.12069
64022 20.50 86.00 5.55e-19 3.15967
64025 20.50 84.00 5.51e-19 3.08911
64397 -16.66 53.94 4.26e-19 3.02151
64019 20.50 88.00 5.50e-19 3.20386
64394 -20.85 52.27 3.76e-19 2.87811
64388 -28.18 48.44 2.67e-19 2.47720
64391 -24.68 50.43 3.23e-19 2.69515
64214 32.11 45.05 2.99e-19 2.60615
64097 -154.30 89.50 5.33e-19 3.22015
64211 27.99 45.89 3.25e-19 2.70392
65219 -52.04 80.22 5.44e-19 3.21624
64217 -11.20 45.58 2.83e-19 2.54261
65222 -41.87 82.83 5.52e-19 3.19429
64427 37.23 56.66 4.99e-19 3.18406
64199 10.61 46.88 3.57e-19 2.81463
64202 15.00 47.00 3.61e-19 2.82728
64205 19.39 46.88 3.57e-19 2.81463
64976 -5.87 72.94 5.20e-19 2.87029
64973 -14.88 71.70 5.46e-19 3.04179
64970 -22.64 70.09 5.55e-19 3.15896
65450 -128.42 79.90 4.05e-19 2.96373
65453 -144.45 81.43 4.17e-19 2.99849
65162 15.00 83.00 5.46e-19 3.04181
63203 -31.27 65.14 5.20e-19 3.21148
65279 -71.91 77.98 4.99e-19 3.18386
65285 -66.36 83.93 5.35e-19 3.22048
65282 -69.91 80.96 5.22e-19 3.21313
65471 135.01 72.61 3.23e-19 2.69517
65468 140.04 75.29 3.57e-19 2.81481
65474 131.49 69.80 2.83e-19 2.54309
65477 -118.54 73.33 2.99e-19 2.60555
62993 15.00 -90.00 1.08e-19 0.10777
64940 54.30 65.88 5.42e-19 3.21779
65099 -1.81 79.57 5.28e-19 2.91552
65105 31.81 79.57 5.28e-19 2.91552
65102 15.00 80.00 5.20e-19 2.87034
64688 60.98 50.85 2.99e-19 2.60536
65405 -115.34 82.12 4.59e-19 3.10523
65402 -105.13 79.58 4.40e-19 3.05780
65399 -99.24 76.82 4.12e-19 2.98367
63269 -6.11 50.90 4.06e-19 2.96820
63275 -4.48 49.24 3.79e-19 2.88452
64037 20.50 76.00 4.70e-19 2.60980
64034 20.50 78.00 4.98e-19 2.74581
64028 20.50 82.00 5.40e-19 2.99422
64031 20.50 80.00 5.22e-19 2.87811
64916 -10.90 69.01 5.49e-19 3.06515
64793 -11.53 62.26 5.44e-19 3.21637
64790 -17.07 60.82 5.22e-19 3.21296
64910 -24.30 65.88 5.42e-19 3.21779
64913 -18.05 67.59 5.54e-19 3.16958
64796 -5.47 63.42 5.54e-19 3.17970
65144 -55.70 70.89 4.86e-19 3.16166
64430 42.12 55.41 4.67e-19 3.12235
64433 46.66 53.94 4.26e-19 3.02151
64349 20.35 55.86 5.14e-19 3.20512
64352 25.62 55.44 5.04e-19 3.19170
64355 30.72 54.74 4.86e-19 3.16110
63383 65.50 62.76 4.78e-19 3.14539
63113 -138.30 76.00 3.15e-19 2.66785
64436 50.85 52.27 3.76e-19 2.87811
64334 -5.61 53.80 4.60e-19 3.10746
65504 -141.78 74.62 2.83e-19 2.54246
64331 -10.23 52.61 4.25e-19 3.02083
64328 -14.55 51.21 3.83e-19 2.89900
64169 15.00 41.00 2.38e-19 2.34540
64172 18.97 40.88 2.34e-19 2.32983
64175 6.71 43.52 2.83e-19 2.54377
64337 -0.72 54.74 4.86e-19 3.16110
64814 35.47 63.42 5.54e-19 3.17970
65147 -51.53 73.61 5.22e-19 3.21328
65249 96.90 68.78 4.12e-19 2.98378
64085 20.50 46.00 3.38e-19 2.74868
65336 -84.03 71.77 3.83e-19 2.89922
65252 98.64 65.84 3.57e-19 2.81458
65255 100.10 62.89 2.99e-19 2.60524
65330 -83.40 65.72 2.83e-19 2.54295
65333 -83.60 68.75 3.35e-19 2.73894
64418 20.81 58.85 5.42e-19 3.21790
64133 -154.30 79.50 3.73e-19 2.86825
65186 91.49 65.27 3.85e-19 2.90340
64136 -154.30 78.50 3.53e-19 2.80086
65183 88.92 68.10 4.40e-19 3.05751
65180 85.70 70.89 4.86e-19 3.16166
65192 95.42 59.53 2.65e-19 2.46875
65414 164.13 84.15 4.71e-19 3.13111
65432 121.61 68.04 2.89e-19 2.56525
65435 120.51 65.03 2.41e-19 2.36047
63263 -7.85 52.53 4.32e-19 3.03727
65429 123.21 71.02 3.35e-19 2.73937
65408 -134.13 84.15 4.71e-19 3.13111
63317 110.50 70.00 3.69e-19 2.85511
63311 115.98 69.92 3.45e-19 2.77341
65009 76.59 58.92 3.61e-19 2.82654
65015 -48.69 63.02 4.17e-19 2.99851
65012 -51.77 60.39 3.57e-19 2.81350
65528 -165.00 70.00 1.82e-19 2.06874
65531 -165.00 67.00 1.34e-19 1.78451
63413 52.73 55.69 4.30e-19 3.03360
64955 -46.59 58.92 3.61e-19 2.82654
64949 68.43 59.57 4.17e-19 2.99765
65111 57.58 76.63 5.54e-19 3.12073
65168 55.98 80.83 5.54e-19 3.12074
65108 46.27 78.38 5.43e-19 3.01683
65114 66.13 74.51 5.52e-19 3.19427
65117 72.61 72.15 5.35e-19 3.22045
64862 -0.65 67.20 5.43e-19 3.01695
64835 64.18 53.14 3.25e-19 2.70511
65456 -165.00 82.00 4.21e-19 3.00919
64469 -9.17 59.48 5.27e-19 3.21739
64475 2.41 61.35 5.52e-19 3.19429
64472 -3.56 60.56 5.44e-19 3.21634
65513 -177.19 75.64 2.94e-19 2.58687
65510 -165.00 76.00 2.98e-19 2.60229
65516 171.78 74.62 2.83e-19 2.54246
64451 -34.20 48.66 2.42e-19 2.36423
64454 -30.98 50.85 2.99e-19 2.60536
63905 -159.50 78.00 3.41e-19 2.75890
64289 24.88 52.47 4.59e-19 3.10545
64295 34.25 50.90 4.12e-19 2.98298
64292 29.66 51.81 4.40e-19 3.05786
64883 50.33 63.41 5.35e-19 3.22043
64880 44.43 64.97 5.52e-19 3.19434
65498 156.21 75.54 3.25e-19 2.70451
63584 -159.50 72.00 2.19e-19 2.25845
64886 55.56 61.63 5.04e-19 3.19173
64406 -2.00 57.66 5.22e-19 3.21316
65378 113.40 65.72 2.83e-19 2.54295
64403 -7.23 56.66 4.99e-19 3.18406
64400 -12.12 55.41 4.67e-19 3.12235
64223 -3.10 47.99 3.57e-19 2.81521
64220 -7.26 46.89 3.23e-19 2.69461
64118 -154.30 82.50 4.32e-19 3.03905
64121 -154.30 81.50 4.13e-19 2.98768
64226 1.25 48.86 3.85e-19 2.90408
64124 -154.30 80.50 3.94e-19 2.93064
63161 -58.62 69.66 4.61e-19 3.10869
