65006 73.24 61.42 1.35e-19 0.96790
65000 64.69 66.09 1.51e-19 0.93752
65003 69.32 63.82 1.44e-19 0.94978
63197 -35.09 66.19 1.51e-19 0.93763
64142 -154.30 75.50 1.16e-19 1.02801
63191 -39.22 67.15 1.50e-19 0.93920
65213 -57.99 77.44 1.53e-19 0.93500
65210 -61.92 74.59 1.48e-19 0.94250
65294 86.94 86.84 1.57e-19 0.93141
65291 15.00 89.00 1.58e-19 0.93097
65288 -56.94 86.84 1.57e-19 0.93141
65075 -57.47 61.57 1.24e-19 0.99970
62987 15.00 -74.00 -3.13e-20 -0.03127
65072 81.77 60.39 1.26e-19 0.99410
65486 -149.69 78.56 1.26e-19 0.99407
65069 78.69 63.02 1.35e-19 0.96949
65420 135.13 79.58 1.38e-19 0.96132
62981 15.00 -90.00 -4.26e-20 -0.04262
65483 -136.50 77.35 1.24e-19 0.99977
65156 -25.98 80.83 1.65e-19 0.93090
65426 125.59 73.95 1.29e-19 0.98552
65480 -126.21 75.54 1.21e-19 1.00920
63281 -2.95 47.55 1.25e-19 0.99788
63287 -1.51 45.84 1.20e-19 1.01370
65150 -45.89 76.23 1.57e-19 0.93107
65390 -91.61 68.04 1.16e-19 1.02904
63227 -18.77 60.10 1.50e-19 0.93971
65393 -93.21 71.02 1.23e-19 1.00456
65396 -95.59 73.95 1.29e-19 0.98552
63221 -21.51 61.46 1.51e-19 0.93798
63443 45.48 49.24 1.24e-19 1.00163
64046 20.50 70.00 1.73e-19 0.95217
64082 20.50 48.00 1.29e-19 0.98443
64043 20.50 72.00 1.74e-19 0.96276
64040 20.50 74.00 1.74e-19 0.97003
64781 -30.59 55.29 1.30e-19 0.98204
64778 -34.18 53.14 1.21e-19 1.00928
64784 -26.57 57.31 1.38e-19 0.96131
64079 20.50 50.00 1.35e-19 0.96873
64787 -22.08 59.16 1.46e-19 0.94618
64919 -2.88 70.09 1.70e-19 0.94130
64925 15.00 71.00 1.73e-19 0.95996
64922 5.86 70.77 1.73e-19 0.95270
64439 54.68 50.43 1.21e-19 1.01056
64445 61.37 46.31 1.03e-19 1.08168
64442 58.18 48.44 1.12e-19 1.04236
63119 -95.35 67.98 1.13e-19 1.03855
63125 -90.61 68.69 1.18e-19 1.02045
63377 68.74 63.99 1.44e-19 0.94833
64544 53.49 54.84 1.34e-19 0.97131
64187 23.29 43.52 1.15e-19 1.03238
64325 -18.58 49.61 1.23e-19 1.00445
63776 -159.50 74.00 1.11e-19 1.04829
64181 15.00 44.00 1.17e-19 1.02370
64178 10.84 43.88 1.17e-19 1.02586
64184 19.16 43.88 1.17e-19 1.02586
64013 -159.50 88.00 1.51e-19 0.93754
64250 37.26 46.89 1.21e-19 1.01047
64253 41.20 45.58 1.15e-19 1.03220
64073 20.50 54.00 1.46e-19 0.94563
64070 20.50 56.00 1.51e-19 0.93798
65246 94.74 71.70 1.41e-19 0.95443
65492 179.69 78.56 1.26e-19 0.99407
65243 91.92 74.59 1.48e-19 0.94250
65495 166.50 77.35 1.24e-19 0.99977
64076 20.50 52.00 1.41e-19 0.95584
65240 87.99 77.44 1.53e-19 0.93500
64208 23.74 46.51 1.24e-19 0.99979
64457 -27.42 52.92 1.26e-19 0.99405
65177 81.53 73.61 1.52e-19 0.93638
64166 11.03 40.88 1.07e-19 1.06516
64163 15.00 38.00 9.77e-20 1.11035
65171 67.87 78.68 1.62e-19 0.92963
64094 20.50 40.00 1.04e-19 1.07910
65174 75.89 76.23 1.57e-19 0.93107
64160 15.00 35.00 8.78e-20 1.16792
65387 -90.51 65.03 1.08e-19 1.06014
63257 -9.72 54.13 1.40e-19 0.95655
65297 96.36 83.93 1.55e-19 0.93296
63251 -11.73 55.69 1.43e-19 0.95051
65381 113.36 62.69 1.07e-19 1.06731
65384 113.42 59.64 9.77e-20 1.11044
65357 139.00 86.38 1.50e-19 0.93841
65348 -94.24 83.64 1.49e-19 0.94112
65351 -109.00 86.38 1.50e-19 0.93841
64091 20.50 42.00 1.11e-19 1.05017
65354 -165.00 88.00 1.51e-19 0.93757
63179 -48.39 68.69 1.47e-19 0.94459
63185 -43.65 67.98 1.48e-19 0.94142
63323 105.02 69.92 1.31e-19 0.97919
65342 -86.22 77.76 1.41e-19 0.95437
65345 -88.82 80.73 1.46e-19 0.94626
65339 -84.82 74.77 1.36e-19 0.96629
65045 15.00 77.00 1.73e-19 0.95996
65042 1.88 76.67 1.73e-19 0.95269
65039 -10.07 75.72 1.70e-19 0.94132
63407 54.89 57.20 1.39e-19 0.95921
65423 129.24 76.82 1.34e-19 0.97137
64823 52.08 59.16 1.46e-19 0.94618
65489 -165.00 79.00 1.27e-19 0.99236
64820 47.07 60.82 1.52e-19 0.93631
64967 -29.19 68.20 1.58e-19 0.93095
64964 -34.69 66.09 1.51e-19 0.93752
63401 57.23 58.68 1.41e-19 0.95516
63095 40.40 47.00 1.20e-19 1.01474
64961 -39.32 63.82 1.44e-19 0.94978
64958 -43.24 61.42 1.35e-19 0.96790
64826 56.57 57.31 1.38e-19 0.96131
65063 70.62 68.01 1.50e-19 0.93840
65126 84.80 64.32 1.33e-19 0.97408
65060 65.21 70.32 1.57e-19 0.93143
65123 81.58 67.01 1.41e-19 0.95468
65066 75.03 65.56 1.43e-19 0.95094
65120 77.61 69.63 1.49e-19 0.94113
64592 57.42 52.92 1.26e-19 0.99405
64499 49.14 56.59 1.41e-19 0.95435
65519 -154.87 72.69 1.07e-19 1.06503
65522 -165.00 73.00 1.08e-19 1.06270
65525 -175.13 72.69 1.07e-19 1.06503
63293 -0.15 44.10 1.15e-19 1.03196
64055 20.50 64.00 1.66e-19 0.93187
64052 20.50 66.00 1.69e-19 0.93632
64466 -14.37 58.15 1.48e-19 0.94251
64049 20.50 68.00 1.71e-19 0.94313
64463 -19.14 56.59 1.41e-19 0.95435
64460 -23.49 54.84 1.34e-19 0.97131
64889 60.17 59.65 1.41e-19 0.95471
64895 67.82 55.26 1.24e-19 0.99963
64892 64.24 57.52 1.33e-19 0.97402
65225 -22.03 85.01 1.63e-19 0.92974
64376 58.87 43.83 9.77e-20 1.11045
64004 -159.50 82.00 1.36e-19 0.96774
64370 52.30 47.83 1.15e-19 1.03214
64007 -159.50 84.00 1.41e-19 0.95504
64373 55.72 45.90 1.07e-19 1.06716
64229 5.74 49.49 1.33e-19 0.97407
64235 15.00 50.00 1.35e-19 0.96792
64232 10.34 49.87 1.35e-19 0.96938
64109 -154.30 85.50 1.45e-19 0.94706
64115 -154.30 83.50 1.40e-19 0.95760
64112 -154.30 84.50 1.43e-19 0.95201
63809 -159.50 76.00 1.17e-19 1.02329
64283 15.00 53.00 1.44e-19 0.94979
64280 10.03 52.87 1.43e-19 0.95106
64286 19.97 52.87 1.43e-19 0.95106
65312 105.25 69.00 1.29e-19 0.98549
65315 106.03 66.00 1.21e-19 1.01062
65309 104.36 72.00 1.36e-19 0.96633
65306 103.29 74.99 1.42e-19 0.95220
65198 -70.10 62.89 1.17e-19 1.02310
65201 -68.64 65.84 1.26e-19 0.99400
65204 -66.90 68.78 1.34e-19 0.97138
65207 -64.74 71.70 1.41e-19 0.95443
65300 99.91 80.96 1.52e-19 0.93635
65303 101.91 77.98 1.48e-19 0.94250
65078 -54.80 64.32 1.33e-19 0.97408
65081 -51.58 67.01 1.41e-19 0.95468
65411 -165.00 85.00 1.44e-19 0.94979
65084 -47.61 69.63 1.49e-19 0.94113
65087 -42.61 72.15 1.55e-19 0.93295
64859 -7.85 66.25 1.65e-19 0.93094
64865 7.04 67.80 1.70e-19 0.94133
65417 145.34 82.12 1.41e-19 0.95474
63329 99.62 69.66 1.34e-19 0.97113
63335 94.39 69.25 1.37e-19 0.96463
63449 43.95 47.55 1.20e-19 1.01562
63455 42.51 45.84 1.15e-19 1.03209
64994 52.64 70.09 1.63e-19 0.92984
64988 35.87 72.94 1.71e-19 0.94420
64991 44.88 71.70 1.68e-19 0.93425
63215 -24.50 62.76 1.51e-19 0.93697
65153 -37.87 78.68 1.62e-19 0.92963
64997 59.19 68.20 1.58e-19 0.93095
63209 -27.74 63.99 1.52e-19 0.93664
64934 40.90 69.01 1.67e-19 0.93312
64016 14.04 90.00 1.56e-19 0.93256
64931 32.88 70.09 1.70e-19 0.94130
63431 48.85 52.53 1.31e-19 0.97971
64928 24.14 70.77 1.73e-19 0.95270
64010 -159.50 86.00 1.46e-19 0.94501
63473 -159.50 70.00 9.79e-20 1.10961
64937 48.05 67.59 1.63e-19 0.92971
63437 47.11 50.90 1.27e-19 0.98971
65132 -65.42 59.53 1.12e-19 1.04338
65135 -63.62 62.41 1.21e-19 1.00912
65129 87.47 61.57 1.24e-19 0.99970
64772 64.20 48.66 1.08e-19 1.05960
64775 -37.39 50.87 1.12e-19 1.04357
64415 15.00 59.00 1.58e-19 0.93097
64412 9.19 58.85 1.57e-19 0.93142
64409 3.49 58.40 1.55e-19 0.93298
63137 -80.38 69.66 1.27e-19 0.99067
63131 -85.61 69.25 1.23e-19 1.00444
64316 -22.30 47.83 1.15e-19 1.03214
64313 -25.72 45.90 1.07e-19 1.06716
64310 -28.87 43.83 9.77e-20 1.11045
63155 -64.02 69.92 1.38e-19 0.96095
63149 -69.50 70.00 1.35e-19 0.96914
64259 -20.22 45.15 1.08e-19 1.06015
64265 -12.75 48.42 1.23e-19 1.00443
64262 -16.62 46.88 1.16e-19 1.02914
65327 -83.36 62.69 1.07e-19 1.06731
57281 15.00 -74.00 -3.13e-20 -0.03127
64100 -154.30 88.50 1.52e-19 0.93601
64103 -154.30 87.50 1.50e-19 0.93908
65237 82.04 80.22 1.57e-19 0.93108
65234 71.87 82.83 1.61e-19 0.92973
64106 -154.30 86.50 1.48e-19 0.94276
65231 52.03 85.01 1.63e-19 0.92974
65228 15.00 86.00 1.63e-19 0.92987
65267 -76.03 66.00 1.21e-19 1.01062
64088 20.50 44.00 1.17e-19 1.02493
64193 2.01 45.89 1.21e-19 1.00911
64190 -2.11 45.05 1.17e-19 1.02323
64157 -154.30 77.50 1.22e-19 1.00583
64154 -154.30 71.50 1.03e-19 1.08294
64151 -154.30 72.50 1.06e-19 1.06779
64148 -154.30 73.50 1.10e-19 1.05362
64196 6.26 46.51 1.24e-19 0.99979
64982 15.00 74.00 1.74e-19 0.98192
64985 25.77 73.73 1.73e-19 0.95996
65369 114.82 74.77 1.36e-19 0.96629
64979 4.23 73.73 1.73e-19 0.95996
65375 113.60 68.75 1.23e-19 1.00450
65372 114.03 71.77 1.30e-19 0.98283
65366 116.22 77.76 1.41e-19 0.95437
65360 124.24 83.64 1.49e-19 0.94112
65363 118.82 80.73 1.46e-19 0.94626
65459 174.45 81.43 1.35e-19 0.96948
65462 158.42 79.90 1.33e-19 0.97405
65465 147.41 77.77 1.30e-19 0.98213
63173 -53.39 69.25 1.44e-19 0.94875
65036 -20.23 74.26 1.67e-19 0.93313
65270 -75.25 69.00 1.29e-19 0.98549
65273 -74.36 72.00 1.36e-19 0.96633
64952 71.94 57.20 1.26e-19 0.99414
65276 -73.29 74.99 1.42e-19 0.95220
65030 -35.21 70.32 1.57e-19 0.93143
65033 -28.52 72.43 1.63e-19 0.92973
64808 22.07 64.82 1.67e-19 0.93314
64811 28.94 64.29 1.65e-19 0.93094
65501 148.54 73.33 1.17e-19 1.02314
63353 80.22 67.15 1.42e-19 0.95222
64817 41.53 62.26 1.57e-19 0.93112
63005 15.00 -90.00 -4.26e-20 -0.04262
63389 62.51 61.46 1.44e-19 0.94990
62999 15.00 -74.00 -3.13e-20 -0.03127
63395 59.77 60.10 1.42e-19 0.95203
65507 -152.81 75.64 1.17e-19 1.02572
65054 50.23 74.26 1.67e-19 0.93313
65096 -16.27 78.38 1.68e-19 0.93551
65051 40.07 75.72 1.70e-19 0.94132
65048 28.12 76.67 1.73e-19 0.95269
65090 -36.13 74.51 1.61e-19 0.92972
65093 -27.58 76.63 1.65e-19 0.93090
65057 58.52 72.43 1.63e-19 0.92973
64496 44.37 58.15 1.48e-19 0.94251
64490 33.56 60.56 1.57e-19 0.93111
64493 39.17 59.48 1.53e-19 0.93499
63017 15.00 -90.00 -4.26e-20 -0.04262
63305 121.38 69.66 1.20e-19 1.01269
63011 15.00 -74.00 -3.13e-20 -0.03127
63299 126.61 69.25 1.16e-19 1.02779
64058 20.50 62.00 1.63e-19 0.92979
64061 20.50 60.00 1.59e-19 0.93011
64067 20.50 58.00 1.55e-19 0.93283
64802 7.93 64.82 1.67e-19 0.93314
64805 15.00 65.00 1.68e-19 0.93424
64799 1.06 64.29 1.65e-19 0.93094
64907 -29.72 63.95 1.50e-19 0.93843
64904 -34.39 61.83 1.43e-19 0.95095
64898 -41.94 57.20 1.26e-19 0.99414
64901 -38.43 59.57 1.35e-19 0.96936
64829 60.59 55.29 1.30e-19 0.98204
64379 -31.37 46.31 1.03e-19 1.08168
64367 48.58 49.61 1.23e-19 1.00445
64364 44.55 51.21 1.30e-19 0.98279
64361 40.23 52.61 1.36e-19 0.96629
64358 35.61 53.80 1.41e-19 0.95446
63371 72.27 65.14 1.44e-19 0.94878
63101 -146.50 74.10 1.13e-19 1.04186
63107 41.70 76.00 1.70e-19 0.93980
63968 -159.50 80.00 1.30e-19 0.98323
64343 9.65 55.86 1.50e-19 0.93844
63365 76.09 66.19 1.43e-19 0.94998
64247 33.10 47.99 1.26e-19 0.99410
64340 4.38 55.44 1.49e-19 0.94120
64244 28.75 48.86 1.30e-19 0.98216
64238 19.66 49.87 1.35e-19 0.96938
64346 15.00 56.00 1.51e-19 0.93757
64241 24.26 49.49 1.33e-19 0.97407
64268 -8.62 49.77 1.29e-19 0.98551
64271 -4.25 50.90 1.34e-19 0.97127
64274 0.34 51.81 1.38e-19 0.96133
64277 5.12 52.47 1.41e-19 0.95477
65264 -76.74 62.99 1.12e-19 1.04235
65261 -77.40 59.97 1.03e-19 1.08168
65258 101.35 59.93 1.08e-19 1.05959
65324 -83.42 59.64 9.77e-20 1.11044
65321 107.40 59.97 1.03e-19 1.08168
65318 106.74 62.99 1.12e-19 1.04235
64145 -154.30 74.50 1.13e-19 1.04037
65189 93.62 62.41 1.21e-19 1.00912
65195 -71.35 59.93 1.08e-19 1.05959
64139 -154.30 76.50 1.19e-19 1.01651
65441 -105.01 72.61 1.21e-19 1.01056
65438 -101.49 69.80 1.15e-19 1.03227
65444 -110.04 75.29 1.26e-19 0.99404
65447 -117.41 77.77 1.30e-19 0.98213
63341 89.39 68.69 1.39e-19 0.95940
63347 84.65 67.98 1.41e-19 0.95526
65018 -45.03 65.56 1.43e-19 0.95094
65027 -40.62 68.01 1.50e-19 0.93840
65159 -8.31 82.40 1.67e-19 0.93313
63239 -16.23 58.68 1.48e-19 0.94230
63245 -13.89 57.20 1.46e-19 0.94571
65165 38.31 82.40 1.67e-19 0.93313
63419 50.72 54.13 1.34e-19 0.97147
64943 59.72 63.95 1.50e-19 0.93843
64946 64.39 61.83 1.43e-19 0.95095
64847 -30.17 59.65 1.41e-19 0.95471
65141 -58.92 68.10 1.38e-19 0.96128
65138 -61.49 65.27 1.30e-19 0.98206
64838 67.39 50.87 1.12e-19 1.04357
64841 -37.82 55.26 1.24e-19 0.99963
64844 -34.24 57.52 1.33e-19 0.97402
64478 8.63 61.84 1.63e-19 0.92975
64481 15.00 62.00 1.63e-19 0.92987
64484 21.37 61.84 1.63e-19 0.92975
64487 27.59 61.35 1.61e-19 0.92973
64421 26.51 58.40 1.55e-19 0.93298
64424 32.00 57.66 1.52e-19 0.93635
64853 -20.33 63.41 1.55e-19 0.93294
64850 -25.56 61.63 1.49e-19 0.94121
64856 -14.43 64.97 1.61e-19 0.92976
63143 -74.98 69.92 1.31e-19 0.97912
64307 50.22 45.15 1.08e-19 1.06015
64298 38.62 49.77 1.29e-19 0.98551
64301 42.75 48.42 1.23e-19 1.00443
64304 46.62 46.88 1.16e-19 1.02914
64874 30.65 67.20 1.68e-19 0.93549
64868 15.00 68.00 1.71e-19 0.94420
64871 22.96 67.80 1.70e-19 0.94133
64877 37.85 66.25 1.65e-19 0.93094
64022 20.50 86.00 1.63e-19 0.92986
64025 20.50 84.00 1.66e-19 0.93210
64397 -16.66 53.94 1.36e-19 0.96639
64019 20.50 88.00 1.60e-19 0.93001
64394 -20.85 52.27 1.29e-19 0.98549
64388 -28.18 48.44 1.12e-19 1.04236
64391 -24.68 50.43 1.21e-19 1.01056
64214 32.11 45.05 1.17e-19 1.02323
64097 -154.30 89.50 1.54e-19 0.93356
64211 27.99 45.89 1.21e-19 1.00911
65219 -52.04 80.22 1.57e-19 0.93108
64217 -11.20 45.58 1.15e-19 1.03220
65222 -41.87 82.83 1.61e-19 0.92973
64427 37.23 56.66 1.48e-19 0.94254
64199 10.61 46.88 1.26e-19 0.99427
64202 15.00 47.00 1.27e-19 0.99236
64205 19.39 46.88 1.26e-19 0.99427
64976 -5.87 72.94 1.71e-19 0.94420
64973 -14.88 71.70 1.68e-19 0.93425
64970 -22.64 70.09 1.63e-19 0.92984
65450 -128.42 79.90 1.33e-19 0.97405
65453 -144.45 81.43 1.35e-19 0.96948
65162 15.00 83.00 1.68e-19 0.93424
63203 -31.27 65.14 1.52e-19 0.93686
65279 -71.91 77.98 1.48e-19 0.94250
65285 -66.36 83.93 1.55e-19 0.93296
65282 -69.91 80.96 1.52e-19 0.93635
65471 135.01 72.61 1.21e-19 1.01056
65468 140.04 75.29 1.26e-19 0.99404
65474 131.49 69.80 1.15e-19 1.03227
65477 -118.54 73.33 1.17e-19 1.02314
62993 15.00 -90.00 -4.26e-20 -0.04262
64940 54.30 65.88 1.57e-19 0.93138
65099 -1.81 79.57 1.70e-19 0.94132
65105 31.81 79.57 1.70e-19 0.94132
65102 15.00 80.00 1.71e-19 0.94420
64688 60.98 50.85 1.17e-19 1.02311
65405 -115.34 82.12 1.41e-19 0.95474
65402 -105.13 79.58 1.38e-19 0.96132
65399 -99.24 76.82 1.34e-19 0.97137
63269 -6.11 50.90 1.33e-19 0.97334
63275 -4.48 49.24 1.29e-19 0.98457
64037 20.50 76.00 1.74e-19 0.96349
64034 20.50 78.00 1.73e-19 0.95288
64028 20.50 82.00 1.69e-19 0.93672
64031 20.50 80.00 1.71e-19 0.94369
64916 -10.90 69.01 1.67e-19 0.93312
64793 -11.53 62.26 1.57e-19 0.93112
64790 -17.07 60.82 1.52e-19 0.93631
64910 -24.30 65.88 1.57e-19 0.93138
64913 -18.05 67.59 1.63e-19 0.92971
64796 -5.47 63.42 1.62e-19 0.92961
65144 -55.70 70.89 1.46e-19 0.94629
64430 42.12 55.41 1.42e-19 0.95228
64433 46.66 53.94 1.36e-19 0.96639
64349 20.35 55.86 1.50e-19 0.93844
64352 25.62 55.44 1.49e-19 0.94120
64355 30.72 54.74 1.46e-19 0.94620
63383 65.50 62.76 1.44e-19 0.94867
63113 -138.30 76.00 1.20e-19 1.01435
64436 50.85 52.27 1.29e-19 0.98549
64334 -5.61 53.80 1.41e-19 0.95446
65504 -141.78 74.62 1.15e-19 1.03217
64331 -10.23 52.61 1.36e-19 0.96629
64328 -14.55 51.21 1.30e-19 0.98279
64169 15.00 41.00 1.08e-19 1.06270
64172 18.97 40.88 1.07e-19 1.06516
64175 6.71 43.52 1.15e-19 1.03238
64337 -0.72 54.74 1.46e-19 0.94620
64814 35.47 63.42 1.62e-19 0.92961
65147 -51.53 73.61 1.52e-19 0.93638
65249 96.90 68.78 1.34e-19 0.97138
64085 20.50 46.00 1.23e-19 1.00309
65336 -84.03 71.77 1.30e-19 0.98283
65252 98.64 65.84 1.26e-19 0.99400
65255 100.10 62.89 1.17e-19 1.02310
65330 -83.40 65.72 1.15e-19 1.03225
65333 -83.60 68.75 1.23e-19 1.00450
64418 20.81 58.85 1.57e-19 0.93142
64133 -154.30 79.50 1.28e-19 0.98683
65186 91.49 65.27 1.30e-19 0.98206
64136 -154.30 78.50 1.25e-19 0.99595
65183 88.92 68.10 1.38e-19 0.96128
65180 85.70 70.89 1.46e-19 0.94629
65192 95.42 59.53 1.12e-19 1.04338
65414 164.13 84.15 1.43e-19 0.95106
65432 121.61 68.04 1.16e-19 1.02904
65435 120.51 65.03 1.08e-19 1.06014
63263 -7.85 52.53 1.37e-19 0.96405
65429 123.21 71.02 1.23e-19 1.00456
65408 -134.13 84.15 1.43e-19 0.95106
63317 110.50 70.00 1.28e-19 0.98860
63311 115.98 69.92 1.24e-19 0.99987
65009 76.59 58.92 1.27e-19 0.99225
65015 -48.69 63.02 1.35e-19 0.96949
65012 -51.77 60.39 1.26e-19 0.99410
65528 -165.00 70.00 9.77e-20 1.11035
65531 -165.00 67.00 8.78e-20 1.16792
63413 52.73 55.69 1.37e-19 0.96471
64955 -46.59 58.92 1.27e-19 0.99225
64949 68.43 59.57 1.35e-19 0.96936
65111 57.58 76.63 1.65e-19 0.93090
65168 55.98 80.83 1.65e-19 0.93090
65108 46.27 78.38 1.68e-19 0.93551
65114 66.13 74.51 1.61e-19 0.92972
65117 72.61 72.15 1.55e-19 0.93295
64862 -0.65 67.20 1.68e-19 0.93549
64835 64.18 53.14 1.21e-19 1.00928
65456 -165.00 82.00 1.35e-19 0.96792
64469 -9.17 59.48 1.53e-19 0.93499
64475 2.41 61.35 1.61e-19 0.92973
64472 -3.56 60.56 1.57e-19 0.93111
65513 -177.19 75.64 1.17e-19 1.02572
65510 -165.00 76.00 1.17e-19 1.02370
65516 171.78 74.62 1.15e-19 1.03217
64451 -34.20 48.66 1.08e-19 1.05960
64454 -30.98 50.85 1.17e-19 1.02311
63905 -159.50 78.00 1.24e-19 1.00169
64289 24.88 52.47 1.41e-19 0.95477
64295 34.25 50.90 1.34e-19 0.97127
64292 29.66 51.81 1.38e-19 0.96133
64883 50.33 63.41 1.55e-19 0.93294
64880 44.43 64.97 1.61e-19 0.92976
65498 156.21 75.54 1.21e-19 1.00920
63584 -159.50 72.00 1.04e-19 1.07695
64886 55.56 61.63 1.49e-19 0.94121
64406 -2.00 57.66 1.52e-19 0.93635
65378 113.40 65.72 1.15e-19 1.03225
64403 -7.23 56.66 1.48e-19 0.94254
64400 -12.12 55.41 1.42e-19 0.95228
64223 -3.10 47.99 1.26e-19 0.99410
64220 -7.26 46.89 1.21e-19 1.01047
64118 -154.30 82.50 1.37e-19 0.96387
64121 -154.30 81.50 1.34e-19 0.97081
64226 1.25 48.86 1.30e-19 0.98216
64124 -154.30 80.50 1.31e-19 0.97846
63161 -58.62 69.66 1.41e-19 0.95412
