65006 73.24 61.42 1.08e-19 0.77430
65000 64.69 66.09 1.22e-19 0.75535
65003 69.32 63.82 1.15e-19 0.76253
63197 -35.09 66.19 1.22e-19 0.75541
64142 -154.30 75.50 9.22e-20 0.81598
63191 -39.22 67.15 1.21e-19 0.75627
65213 -57.99 77.44 1.24e-19 0.75412
65210 -61.92 74.59 1.19e-19 0.75812
65294 86.94 86.84 1.27e-19 0.75282
65291 15.00 89.00 1.27e-19 0.75274
65288 -56.94 86.84 1.27e-19 0.75282
65075 -57.47 61.57 9.90e-20 0.79610
62987 15.00 -74.00 -9.18e-21 -0.00918
65072 81.77 60.39 1.00e-19 0.79219
65486 -149.69 78.56 1.00e-19 0.79216
65069 78.69 63.02 1.08e-19 0.77538
65420 135.13 79.58 1.11e-19 0.76995
62981 15.00 -90.00 -1.21e-20 -0.01211
65483 -136.50 77.35 9.90e-20 0.79615
65156 -25.98 80.83 1.34e-19 0.75643
65426 125.59 73.95 1.03e-19 0.78628
65480 -126.21 75.54 9.66e-20 0.80273
63281 -2.95 47.55 9.94e-20 0.79482
63287 -1.51 45.84 9.55e-20 0.80590
65150 -45.89 76.23 1.27e-19 0.75274
65390 -91.61 68.04 9.19e-20 0.81671
63227 -18.77 60.10 1.20e-19 0.75655
65393 -93.21 71.02 9.77e-20 0.79950
65396 -95.59 73.95 1.03e-19 0.78628
63221 -21.51 61.46 1.21e-19 0.75560
63443 45.48 49.24 9.84e-20 0.79744
64046 20.50 70.00 1.41e-19 0.77996
64082 20.50 48.00 1.03e-19 0.78552
64043 20.50 72.00 1.43e-19 0.79043
64040 20.50 74.00 1.43e-19 0.79749
64781 -30.59 55.29 1.04e-19 0.78388
64778 -34.18 53.14 9.66e-20 0.80280
64784 -26.57 57.31 1.11e-19 0.76993
64079 20.50 50.00 1.08e-19 0.77486
64787 -22.08 59.16 1.17e-19 0.76029
64919 -2.88 70.09 1.39e-19 0.76876
64925 15.00 71.00 1.42e-19 0.78770
64922 5.86 70.77 1.41e-19 0.78049
64439 54.68 50.43 9.62e-20 0.80369
64445 61.37 46.31 8.17e-20 0.85420
64442 58.18 48.44 8.91e-20 0.82616
63119 -95.35 67.98 8.99e-20 0.82344
63125 -90.61 68.69 9.39e-20 0.81066
63377 68.74 63.99 1.16e-19 0.76163
64544 53.49 54.84 1.07e-19 0.77659
64187 23.29 43.52 9.12e-20 0.81908
64325 -18.58 49.61 9.77e-20 0.79940
63776 -159.50 74.00 8.79e-20 0.83036
64181 15.00 44.00 9.31e-20 0.81294
64178 10.84 43.88 9.27e-20 0.81446
64184 19.16 43.88 9.27e-20 0.81446
64013 -159.50 88.00 1.22e-19 0.75538
64250 37.26 46.89 9.62e-20 0.80362
64253 41.20 45.58 9.12e-20 0.81893
64073 20.50 54.00 1.17e-19 0.75998
64070 20.50 56.00 1.21e-19 0.75561
65246 94.74 71.70 1.13e-19 0.76547
65492 179.69 78.56 1.00e-19 0.79216
65243 91.92 74.59 1.19e-19 0.75812
65495 166.50 77.35 9.90e-20 0.79615
64076 20.50 52.00 1.13e-19 0.76638
65240 87.99 77.44 1.24e-19 0.75412
64208 23.74 46.51 9.90e-20 0.79617
64457 -27.42 52.92 1.00e-19 0.79217
65177 81.53 73.61 1.23e-19 0.75479
64166 11.03 40.88 8.47e-20 0.84238
64163 15.00 38.00 7.70e-20 0.87474
65171 67.87 78.68 1.31e-19 0.75364
64094 20.50 40.00 8.21e-20 0.85235
65174 75.89 76.23 1.27e-19 0.75274
64160 15.00 35.00 6.88e-20 0.91607
65387 -90.51 65.03 8.56e-20 0.83879
63257 -9.72 54.13 1.13e-19 0.76684
65297 96.36 83.93 1.25e-19 0.75327
63251 -11.73 55.69 1.15e-19 0.76300
65381 113.36 62.69 8.43e-20 0.84393
65384 113.42 59.64 7.70e-20 0.87481
65357 139.00 86.38 1.21e-19 0.75583
65348 -94.24 83.64 1.20e-19 0.75732
65351 -109.00 86.38 1.21e-19 0.75583
64091 20.50 42.00 8.75e-20 0.83170
65354 -165.00 88.00 1.22e-19 0.75539
63179 -48.39 68.69 1.18e-19 0.75936
63185 -43.65 67.98 1.19e-19 0.75751
63323 105.02 69.92 1.05e-19 0.78195
65342 -86.22 77.76 1.13e-19 0.76542
65345 -88.82 80.73 1.17e-19 0.76036
65339 -84.82 74.77 1.09e-19 0.77323
65045 15.00 77.00 1.42e-19 0.78770
65042 1.88 76.67 1.41e-19 0.78048
65039 -10.07 75.72 1.39e-19 0.76877
63407 54.89 57.20 1.11e-19 0.76855
65423 129.24 76.82 1.07e-19 0.77664
64823 52.08 59.16 1.17e-19 0.76029
65489 -165.00 79.00 1.01e-19 0.79100
64820 47.07 60.82 1.23e-19 0.75473
64967 -29.19 68.20 1.27e-19 0.75272
64964 -34.69 66.09 1.22e-19 0.75535
63401 57.23 58.68 1.13e-19 0.76595
63095 40.40 47.00 9.52e-20 0.80663
64961 -39.32 63.82 1.15e-19 0.76253
64958 -43.24 61.42 1.08e-19 0.77430
64826 56.57 57.31 1.11e-19 0.76993
65063 70.62 68.01 1.21e-19 0.75583
65126 84.80 64.32 1.06e-19 0.77847
65060 65.21 70.32 1.27e-19 0.75284
65123 81.58 67.01 1.13e-19 0.76562
65066 75.03 65.56 1.15e-19 0.76325
65120 77.61 69.63 1.20e-19 0.75733
64592 57.42 52.92 1.00e-19 0.79217
64499 49.14 56.59 1.13e-19 0.76541
65519 -154.87 72.69 8.46e-20 0.84228
65522 -165.00 73.00 8.51e-20 0.84063
65525 -175.13 72.69 8.46e-20 0.84228
63293 -0.15 44.10 9.13e-20 0.81878
64055 20.50 64.00 1.35e-19 0.75782
64052 20.50 66.00 1.38e-19 0.76328
64466 -14.37 58.15 1.19e-19 0.75813
64049 20.50 68.00 1.40e-19 0.77069
64463 -19.14 56.59 1.13e-19 0.76541
64460 -23.49 54.84 1.07e-19 0.77659
64889 60.17 59.65 1.13e-19 0.76565
64895 67.82 55.26 9.90e-20 0.79604
64892 64.24 57.52 1.06e-19 0.77842
65225 -22.03 85.01 1.32e-19 0.75410
64376 58.87 43.83 7.70e-20 0.87482
64004 -159.50 82.00 1.08e-19 0.77420
64370 52.30 47.83 9.12e-20 0.81888
64007 -159.50 84.00 1.13e-19 0.76586
64373 55.72 45.90 8.43e-20 0.84381
64229 5.74 49.49 1.06e-19 0.77846
64235 15.00 50.00 1.08e-19 0.77432
64232 10.34 49.87 1.08e-19 0.77530
64109 -154.30 85.50 1.17e-19 0.76085
64115 -154.30 83.50 1.12e-19 0.76751
64112 -154.30 84.50 1.14e-19 0.76393
63809 -159.50 76.00 9.32e-20 0.81265
64283 15.00 53.00 1.15e-19 0.76253
64280 10.03 52.87 1.15e-19 0.76335
64286 19.97 52.87 1.15e-19 0.76335
65312 105.25 69.00 1.03e-19 0.78626
65315 106.03 66.00 9.62e-20 0.80374
65309 104.36 72.00 1.09e-19 0.77326
65306 103.29 74.99 1.14e-19 0.76404
65198 -70.10 62.89 9.32e-20 0.81250
65201 -68.64 65.84 1.00e-19 0.79213
65204 -66.90 68.78 1.07e-19 0.77665
65207 -64.74 71.70 1.13e-19 0.76547
65300 99.91 80.96 1.23e-19 0.75476
65303 101.91 77.98 1.19e-19 0.75812
65078 -54.80 64.32 1.06e-19 0.77847
65081 -51.58 67.01 1.13e-19 0.76562
65411 -165.00 85.00 1.15e-19 0.76253
65084 -47.61 69.63 1.20e-19 0.75733
65087 -42.61 72.15 1.25e-19 0.75326
64859 -7.85 66.25 1.34e-19 0.75647
64865 7.04 67.80 1.39e-19 0.76878
65417 145.34 82.12 1.13e-19 0.76567
63329 99.62 69.66 1.07e-19 0.77647
63335 94.39 69.25 1.09e-19 0.77213
63449 43.95 47.55 9.50e-20 0.80723
63455 42.51 45.84 9.13e-20 0.81888
64994 52.64 70.09 1.32e-19 0.75452
64988 35.87 72.94 1.40e-19 0.77182
64991 44.88 71.70 1.37e-19 0.76085
63215 -24.50 62.76 1.22e-19 0.75507
65153 -37.87 78.68 1.31e-19 0.75364
64997 59.19 68.20 1.27e-19 0.75272
63209 -27.74 63.99 1.22e-19 0.75491
64934 40.90 69.01 1.36e-19 0.75948
64016 14.04 90.00 1.26e-19 0.75313
64931 32.88 70.09 1.39e-19 0.76876
63431 48.85 52.53 1.05e-19 0.78229
64928 24.14 70.77 1.41e-19 0.78049
64010 -159.50 86.00 1.18e-19 0.75961
63473 -159.50 70.00 7.71e-20 0.87421
64937 48.05 67.59 1.32e-19 0.75407
63437 47.11 50.90 1.02e-19 0.78915
65132 -65.42 59.53 8.89e-20 0.82687
65135 -63.62 62.41 9.65e-20 0.80267
65129 87.47 61.57 9.90e-20 0.79610
64772 64.20 48.66 8.57e-20 0.83842
64775 -37.39 50.87 8.89e-20 0.82702
64415 15.00 59.00 1.27e-19 0.75274
64412 9.19 58.85 1.27e-19 0.75282
64409 3.49 58.40 1.25e-19 0.75329
63137 -80.38 69.66 1.01e-19 0.78981
63131 -85.61 69.25 9.77e-20 0.79940
64316 -22.30 47.83 9.12e-20 0.81888
64313 -25.72 45.90 8.43e-20 0.84381
64310 -28.87 43.83 7.70e-20 0.87482
63155 -64.02 69.92 1.11e-19 0.76971
63149 -69.50 70.00 1.08e-19 0.77514
64259 -20.22 45.15 8.56e-20 0.83881
64265 -12.75 48.42 9.77e-20 0.79939
64262 -16.62 46.88 9.20e-20 0.81679
65327 -83.36 62.69 8.43e-20 0.84393
57281 15.00 -74.00 -9.18e-21 -0.00918
64100 -154.30 88.50 1.23e-19 0.75461
64103 -154.30 87.50 1.21e-19 0.75620
65237 82.04 80.22 1.27e-19 0.75275
65234 71.87 82.83 1.30e-19 0.75312
64106 -154.30 86.50 1.19e-19 0.75827
65231 52.03 85.01 1.32e-19 0.75410
65228 15.00 86.00 1.32e-19 0.75455
65267 -76.03 66.00 9.62e-20 0.80374
64088 20.50 44.00 9.29e-20 0.81380
64193 2.01 45.89 9.65e-20 0.80266
64190 -2.11 45.05 9.33e-20 0.81261
64157 -154.30 77.50 9.74e-20 0.80037
64154 -154.30 71.50 8.15e-20 0.85510
64151 -154.30 72.50 8.42e-20 0.84427
64148 -154.30 73.50 8.69e-20 0.83416
64196 6.26 46.51 9.90e-20 0.79617
64982 15.00 74.00 1.44e-19 0.80889
64985 25.77 73.73 1.42e-19 0.78769
65369 114.82 74.77 1.09e-19 0.77323
64979 4.23 73.73 1.42e-19 0.78769
65375 113.60 68.75 9.77e-20 0.79944
65372 114.03 71.77 1.04e-19 0.78444
65366 116.22 77.76 1.13e-19 0.76542
65360 124.24 83.64 1.20e-19 0.75732
65363 118.82 80.73 1.17e-19 0.76036
65459 174.45 81.43 1.08e-19 0.77538
65462 158.42 79.90 1.06e-19 0.77845
65465 147.41 77.77 1.04e-19 0.78395
63173 -53.39 69.25 1.16e-19 0.76189
65036 -20.23 74.26 1.36e-19 0.75948
65270 -75.25 69.00 1.03e-19 0.78626
65273 -74.36 72.00 1.09e-19 0.77326
64952 71.94 57.20 1.00e-19 0.79222
65276 -73.29 74.99 1.14e-19 0.76404
65030 -35.21 70.32 1.27e-19 0.75284
65033 -28.52 72.43 1.32e-19 0.75409
64808 22.07 64.82 1.36e-19 0.75949
64811 28.94 64.29 1.34e-19 0.75646
65501 148.54 73.33 9.33e-20 0.81254
63353 80.22 67.15 1.14e-19 0.76407
64817 41.53 62.26 1.27e-19 0.75279
63005 15.00 -90.00 -1.21e-20 -0.01211
63389 62.51 61.46 1.15e-19 0.76260
62999 15.00 -74.00 -9.18e-21 -0.00918
63395 59.77 60.10 1.14e-19 0.76394
65507 -152.81 75.64 9.27e-20 0.81435
65054 50.23 74.26 1.36e-19 0.75948
65096 -16.27 78.38 1.37e-19 0.76235
65051 40.07 75.72 1.39e-19 0.76877
65048 28.12 76.67 1.41e-19 0.78048
65090 -36.13 74.51 1.30e-19 0.75311
65093 -27.58 76.63 1.34e-19 0.75643
65057 58.52 72.43 1.32e-19 0.75409
64496 44.37 58.15 1.19e-19 0.75813
64490 33.56 60.56 1.27e-19 0.75278
64493 39.17 59.48 1.24e-19 0.75411
63017 15.00 -90.00 -1.21e-20 -0.01211
63305 121.38 69.66 9.57e-20 0.80517
63011 15.00 -74.00 -9.18e-21 -0.00918
63299 126.61 69.25 9.22e-20 0.81582
64058 20.50 62.00 1.32e-19 0.75433
64061 20.50 60.00 1.29e-19 0.75280
64067 20.50 58.00 1.25e-19 0.75322
64802 7.93 64.82 1.36e-19 0.75949
64805 15.00 65.00 1.37e-19 0.76085
64799 1.06 64.29 1.34e-19 0.75646
64907 -29.72 63.95 1.21e-19 0.75585
64904 -34.39 61.83 1.15e-19 0.76325
64898 -41.94 57.20 1.00e-19 0.79222
64901 -38.43 59.57 1.08e-19 0.77528
64829 60.59 55.29 1.04e-19 0.78388
64379 -31.37 46.31 8.17e-20 0.85420
64367 48.58 49.61 9.77e-20 0.79940
64364 44.55 51.21 1.04e-19 0.78441
64361 40.23 52.61 1.09e-19 0.77323
64358 35.61 53.80 1.13e-19 0.76550
63371 72.27 65.14 1.16e-19 0.76191
63101 -146.50 74.10 8.92e-20 0.82579
63107 41.70 76.00 1.39e-19 0.76715
63968 -159.50 80.00 1.04e-19 0.78471
64343 9.65 55.86 1.21e-19 0.75586
63365 76.09 66.19 1.15e-19 0.76264
64247 33.10 47.99 1.00e-19 0.79221
64340 4.38 55.44 1.20e-19 0.75739
64244 28.75 48.86 1.04e-19 0.78398
64238 19.66 49.87 1.08e-19 0.77530
64346 15.00 56.00 1.22e-19 0.75539
64241 24.26 49.49 1.06e-19 0.77846
64268 -8.62 49.77 1.03e-19 0.78627
64271 -4.25 50.90 1.07e-19 0.77655
64274 0.34 51.81 1.11e-19 0.76996
64277 5.12 52.47 1.13e-19 0.76570
65264 -76.74 62.99 8.91e-20 0.82615
65261 -77.40 59.97 8.17e-20 0.85419
65258 101.35 59.93 8.57e-20 0.83841
65324 -83.42 59.64 7.70e-20 0.87481
65321 107.40 59.97 8.17e-20 0.85419
65318 106.74 62.99 8.91e-20 0.82615
64145 -154.30 74.50 8.95e-20 0.82474
65189 93.62 62.41 9.65e-20 0.80267
65195 -71.35 59.93 8.57e-20 0.83841
64139 -154.30 76.50 9.48e-20 0.80787
65441 -105.01 72.61 9.62e-20 0.80369
65438 -101.49 69.80 9.12e-20 0.81899
65444 -110.04 75.29 1.00e-19 0.79216
65447 -117.41 77.77 1.04e-19 0.78395
63341 89.39 68.69 1.11e-19 0.76869
63347 84.65 67.98 1.13e-19 0.76600
65018 -45.03 65.56 1.15e-19 0.76325
65027 -40.62 68.01 1.21e-19 0.75583
65159 -8.31 82.40 1.36e-19 0.75949
63239 -16.23 58.68 1.19e-19 0.75802
63245 -13.89 57.20 1.17e-19 0.76002
65165 38.31 82.40 1.36e-19 0.75949
63419 50.72 54.13 1.07e-19 0.77671
64943 59.72 63.95 1.21e-19 0.75585
64946 64.39 61.83 1.15e-19 0.76325
64847 -30.17 59.65 1.13e-19 0.76565
65141 -58.92 68.10 1.11e-19 0.76991
65138 -61.49 65.27 1.04e-19 0.78389
64838 67.39 50.87 8.89e-20 0.82702
64841 -37.82 55.26 9.90e-20 0.79604
64844 -34.24 57.52 1.06e-19 0.77842
64478 8.63 61.84 1.32e-19 0.75410
64481 15.00 62.00 1.32e-19 0.75455
64484 21.37 61.84 1.32e-19 0.75410
64487 27.59 61.35 1.30e-19 0.75312
64421 26.51 58.40 1.25e-19 0.75329
64424 32.00 57.66 1.23e-19 0.75477
64853 -20.33 63.41 1.25e-19 0.75326
64850 -25.56 61.63 1.20e-19 0.75740
64856 -14.43 64.97 1.30e-19 0.75314
63143 -74.98 69.92 1.05e-19 0.78191
64307 50.22 45.15 8.56e-20 0.83881
64298 38.62 49.77 1.03e-19 0.78627
64301 42.75 48.42 9.77e-20 0.79939
64304 46.62 46.88 9.20e-20 0.81679
64874 30.65 67.20 1.37e-19 0.76233
64868 15.00 68.00 1.40e-19 0.77181
64871 22.96 67.80 1.39e-19 0.76878
64877 37.85 66.25 1.34e-19 0.75647
64022 20.50 86.00 1.32e-19 0.75451
64025 20.50 84.00 1.35e-19 0.75814
64397 -16.66 53.94 1.09e-19 0.77331
64019 20.50 88.00 1.29e-19 0.75285
64394 -20.85 52.27 1.03e-19 0.78626
64388 -28.18 48.44 8.91e-20 0.82616
64391 -24.68 50.43 9.62e-20 0.80369
64214 32.11 45.05 9.33e-20 0.81261
64097 -154.30 89.50 1.25e-19 0.75350
64211 27.99 45.89 9.65e-20 0.80266
65219 -52.04 80.22 1.27e-19 0.75275
64217 -11.20 45.58 9.12e-20 0.81893
65222 -41.87 82.83 1.30e-19 0.75312
64427 37.23 56.66 1.19e-19 0.75815
64199 10.61 46.88 1.00e-19 0.79233
64202 15.00 47.00 1.01e-19 0.79100
64205 19.39 46.88 1.00e-19 0.79233
64976 -5.87 72.94 1.40e-19 0.77182
64973 -14.88 71.70 1.37e-19 0.76085
64970 -22.64 70.09 1.32e-19 0.75452
65450 -128.42 79.90 1.06e-19 0.77845
65453 -144.45 81.43 1.08e-19 0.77538
65162 15.00 83.00 1.37e-19 0.76085
63203 -31.27 65.14 1.22e-19 0.75503
65279 -71.91 77.98 1.19e-19 0.75812
65285 -66.36 83.93 1.25e-19 0.75327
65282 -69.91 80.96 1.23e-19 0.75476
65471 135.01 72.61 9.62e-20 0.80369
65468 140.04 75.29 1.00e-19 0.79216
65474 131.49 69.80 9.12e-20 0.81899
65477 -118.54 73.33 9.33e-20 0.81254
62993 15.00 -90.00 -1.21e-20 -0.01211
64940 54.30 65.88 1.27e-19 0.75279
65099 -1.81 79.57 1.39e-19 0.76878
65105 31.81 79.57 1.39e-19 0.76878
65102 15.00 80.00 1.40e-19 0.77181
64688 60.98 50.85 9.33e-20 0.81251
65405 -115.34 82.12 1.13e-19 0.76567
65402 -105.13 79.58 1.11e-19 0.76995
65399 -99.24 76.82 1.07e-19 0.77664
63269 -6.11 50.90 1.07e-19 0.77795
63275 -4.48 49.24 1.03e-19 0.78561
64037 20.50 76.00 1.43e-19 0.79115
64034 20.50 78.00 1.41e-19 0.78067
64028 20.50 82.00 1.38e-19 0.76373
64031 20.50 80.00 1.40e-19 0.77128
64916 -10.90 69.01 1.36e-19 0.75948
64793 -11.53 62.26 1.27e-19 0.75279
64790 -17.07 60.82 1.23e-19 0.75473
64910 -24.30 65.88 1.27e-19 0.75279
64913 -18.05 67.59 1.32e-19 0.75407
64796 -5.47 63.42 1.31e-19 0.75362
65144 -55.70 70.89 1.17e-19 0.76039
64430 42.12 55.41 1.14e-19 0.76411
64433 46.66 53.94 1.09e-19 0.77331
64349 20.35 55.86 1.21e-19 0.75586
64352 25.62 55.44 1.20e-19 0.75739
64355 30.72 54.74 1.17e-19 0.76031
63383 65.50 62.76 1.16e-19 0.76182
63113 -138.30 76.00 9.53e-20 0.80635
64436 50.85 52.27 1.03e-19 0.78626
64334 -5.61 53.80 1.13e-19 0.76550
65504 -141.78 74.62 9.12e-20 0.81891
64331 -10.23 52.61 1.09e-19 0.77323
64328 -14.55 51.21 1.04e-19 0.78441
64169 15.00 41.00 8.51e-20 0.84063
64172 18.97 40.88 8.47e-20 0.84238
64175 6.71 43.52 9.12e-20 0.81908
64337 -0.72 54.74 1.17e-19 0.76031
64814 35.47 63.42 1.31e-19 0.75362
65147 -51.53 73.61 1.23e-19 0.75479
65249 96.90 68.78 1.07e-19 0.77665
64085 20.50 46.00 9.81e-20 0.79846
65336 -84.03 71.77 1.04e-19 0.78444
65252 98.64 65.84 1.00e-19 0.79213
65255 100.10 62.89 9.32e-20 0.81250
65330 -83.40 65.72 9.12e-20 0.81897
65333 -83.60 68.75 9.77e-20 0.79944
64418 20.81 58.85 1.27e-19 0.75282
64133 -154.30 79.50 1.02e-19 0.78718
65186 91.49 65.27 1.04e-19 0.78389
64136 -154.30 78.50 9.99e-20 0.79348
65183 88.92 68.10 1.11e-19 0.76991
65180 85.70 70.89 1.17e-19 0.76039
65192 95.42 59.53 8.89e-20 0.82687
65414 164.13 84.15 1.15e-19 0.76335
65432 121.61 68.04 9.19e-20 0.81671
65435 120.51 65.03 8.56e-20 0.83879
63263 -7.85 52.53 1.10e-19 0.77174
65429 123.21 71.02 9.77e-20 0.79950
65408 -134.13 84.15 1.15e-19 0.76335
63317 110.50 70.00 1.02e-19 0.78840
63311 115.98 69.92 9.89e-20 0.79623
65009 76.59 58.92 1.01e-19 0.79090
65015 -48.69 63.02 1.08e-19 0.77538
65012 -51.77 60.39 1.00e-19 0.79219
65528 -165.00 70.00 7.70e-20 0.87474
65531 -165.00 67.00 6.88e-20 0.91607
63413 52.73 55.69 1.09e-19 0.77219
64955 -46.59 58.92 1.01e-19 0.79090
64949 68.43 59.57 1.08e-19 0.77528
65111 57.58 76.63 1.34e-19 0.75643
65168 55.98 80.83 1.34e-19 0.75643
65108 46.27 78.38 1.37e-19 0.76235
65114 66.13 74.51 1.30e-19 0.75311
65117 72.61 72.15 1.25e-19 0.75326
64862 -0.65 67.20 1.37e-19 0.76233
64835 64.18 53.14 9.66e-20 0.80280
65456 -165.00 82.00 1.08e-19 0.77432
64469 -9.17 59.48 1.24e-19 0.75411
64475 2.41 61.35 1.30e-19 0.75312
64472 -3.56 60.56 1.27e-19 0.75278
65513 -177.19 75.64 9.27e-20 0.81435
65510 -165.00 76.00 9.31e-20 0.81294
65516 171.78 74.62 9.12e-20 0.81891
64451 -34.20 48.66 8.57e-20 0.83842
64454 -30.98 50.85 9.33e-20 0.81251
63905 -159.50 78.00 9.84e-20 0.79748
64289 24.88 52.47 1.13e-19 0.76570
64295 34.25 50.90 1.07e-19 0.77655
64292 29.66 51.81 1.11e-19 0.76996
64883 50.33 63.41 1.25e-19 0.75326
64880 44.43 64.97 1.30e-19 0.75314
65498 156.21 75.54 9.66e-20 0.80273
63584 -159.50 72.00 8.25e-20 0.85081
64886 55.56 61.63 1.20e-19 0.75740
64406 -2.00 57.66 1.23e-19 0.75477
65378 113.40 65.72 9.12e-20 0.81897
64403 -7.23 56.66 1.19e-19 0.75815
64400 -12.12 55.41 1.14e-19 0.76411
64223 -3.10 47.99 1.00e-19 0.79221
64220 -7.26 46.89 9.62e-20 0.80362
64118 -154.30 82.50 1.10e-19 0.77162
64121 -154.30 81.50 1.07e-19 0.77626
64226 1.25 48.86 1.04e-19 0.78398
64124 -154.30 80.50 1.05e-19 0.78144
63161 -58.62 69.66 1.13e-19 0.76526
