65006 73.24 61.42 1.34e-19 0.95530
65000 64.69 66.09 1.52e-19 0.94539
65003 69.32 63.82 1.44e-19 0.95158
63197 -35.09 66.19 1.52e-19 0.94547
64142 -154.30 75.50 1.08e-19 0.95524
63191 -39.22 67.15 1.51e-19 0.94664
65213 -57.99 77.44 1.54e-19 0.94311
65210 -61.92 74.59 1.49e-19 0.94857
65294 86.94 86.84 1.58e-19 0.93786
65291 15.00 89.00 1.59e-19 0.93685
65288 -56.94 86.84 1.58e-19 0.93786
65075 -57.47 61.57 1.19e-19 0.95660
62987 15.00 -74.00 2.83e-20 0.02830
65072 81.77 60.39 1.21e-19 0.95654
65486 -149.69 78.56 1.21e-19 0.95649
65069 78.69 63.02 1.33e-19 0.95558
65420 135.13 79.58 1.37e-19 0.95438
62981 15.00 -90.00 8.25e-20 0.08252
65483 -136.50 77.35 1.19e-19 0.95668
65156 -25.98 80.83 1.63e-19 0.92098
65426 125.59 73.95 1.25e-19 0.95654
65480 -126.21 75.54 1.15e-19 0.95629
63281 -2.95 47.55 1.20e-19 0.95651
63287 -1.51 45.84 1.13e-19 0.95620
65150 -45.89 76.23 1.58e-19 0.93710
65390 -91.61 68.04 1.08e-19 0.95513
63227 -18.77 60.10 1.51e-19 0.94697
65393 -93.21 71.02 1.17e-19 0.95659
65396 -95.59 73.95 1.25e-19 0.95654
63221 -21.51 61.46 1.52e-19 0.94575
63443 45.48 49.24 1.18e-19 0.95647
64046 20.50 70.00 1.61e-19 0.88704
64082 20.50 48.00 1.26e-19 0.95649
64043 20.50 72.00 1.58e-19 0.87588
64040 20.50 74.00 1.56e-19 0.86892
64781 -30.59 55.29 1.27e-19 0.95634
64778 -34.18 53.14 1.15e-19 0.95641
64784 -26.57 57.31 1.37e-19 0.95436
64079 20.50 50.00 1.33e-19 0.95542
64787 -22.08 59.16 1.46e-19 0.95021
64919 -2.88 70.09 1.63e-19 0.90070
64925 15.00 71.00 1.59e-19 0.87869
64922 5.86 70.77 1.61e-19 0.88644
64439 54.68 50.43 1.14e-19 0.95627
64445 61.37 46.31 9.09e-20 0.94994
64442 58.18 48.44 1.03e-19 0.95422
63119 -95.35 67.98 1.04e-19 0.95440
63125 -90.61 68.69 1.11e-19 0.95588
63377 68.74 63.99 1.45e-19 0.95109
64544 53.49 54.84 1.32e-19 0.95562
64187 23.29 43.52 1.06e-19 0.95502
64325 -18.58 49.61 1.17e-19 0.95644
63776 -159.50 74.00 1.01e-19 0.95353
64181 15.00 44.00 1.09e-19 0.95553
64178 10.84 43.88 1.09e-19 0.95543
64184 19.16 43.88 1.09e-19 0.95543
64013 -159.50 88.00 1.52e-19 0.94542
64250 37.26 46.89 1.14e-19 0.95616
64253 41.20 45.58 1.06e-19 0.95478
64073 20.50 54.00 1.47e-19 0.95005
64070 20.50 56.00 1.52e-19 0.94576
65246 94.74 71.70 1.41e-19 0.95295
65492 179.69 78.56 1.21e-19 0.95649
65243 91.92 74.59 1.49e-19 0.94857
65495 166.50 77.35 1.19e-19 0.95668
64076 20.50 52.00 1.40e-19 0.95327
65240 87.99 77.44 1.54e-19 0.94311
64208 23.74 46.51 1.19e-19 0.95672
64457 -27.42 52.92 1.21e-19 0.95664
65177 81.53 73.61 1.53e-19 0.94444
64166 11.03 40.88 9.57e-20 0.95177
64163 15.00 38.00 8.33e-20 0.94629
65171 67.87 78.68 1.62e-19 0.92895
64094 20.50 40.00 9.16e-20 0.95022
65174 75.89 76.23 1.58e-19 0.93710
64160 15.00 35.00 7.05e-20 0.93826
65387 -90.51 65.03 9.72e-20 0.95223
63257 -9.72 54.13 1.40e-19 0.95347
65297 96.36 83.93 1.56e-19 0.94059
63251 -11.73 55.69 1.43e-19 0.95187
65381 113.36 62.69 9.51e-20 0.95170
65384 113.42 59.64 8.33e-20 0.94641
65357 139.00 86.38 1.52e-19 0.94607
65348 -94.24 83.64 1.50e-19 0.94781
65351 -109.00 86.38 1.52e-19 0.94607
64091 20.50 42.00 1.00e-19 0.95335
65354 -165.00 88.00 1.52e-19 0.94544
63179 -48.39 68.69 1.47e-19 0.94962
63185 -43.65 67.98 1.49e-19 0.94800
63323 105.02 69.92 1.28e-19 0.95636
65342 -86.22 77.76 1.41e-19 0.95288
65345 -88.82 80.73 1.46e-19 0.95031
65339 -84.82 74.77 1.35e-19 0.95509
65045 15.00 77.00 1.59e-19 0.87869
65042 1.88 76.67 1.61e-19 0.88646
65039 -10.07 75.72 1.63e-19 0.90069
63407 54.89 57.20 1.38e-19 0.95392
65423 129.24 76.82 1.32e-19 0.95570
64823 52.08 59.16 1.46e-19 0.95021
65489 -165.00 79.00 1.22e-19 0.95663
64820 47.07 60.82 1.53e-19 0.94438
64967 -29.19 68.20 1.59e-19 0.93683
64964 -34.69 66.09 1.52e-19 0.94539
63401 57.23 58.68 1.41e-19 0.95317
63095 40.40 47.00 1.13e-19 0.95605
64961 -39.32 63.82 1.44e-19 0.95158
64958 -43.24 61.42 1.34e-19 0.95530
64826 56.57 57.31 1.37e-19 0.95436
65063 70.62 68.01 1.52e-19 0.94606
65126 84.80 64.32 1.31e-19 0.95598
65060 65.21 70.32 1.58e-19 0.93788
65123 81.58 67.01 1.41e-19 0.95296
65066 75.03 65.56 1.43e-19 0.95192
65120 77.61 69.63 1.50e-19 0.94782
64592 57.42 52.92 1.21e-19 0.95664
64499 49.14 56.59 1.41e-19 0.95285
65519 -154.87 72.69 9.56e-20 0.95159
65522 -165.00 73.00 9.64e-20 0.95207
65525 -175.13 72.69 9.56e-20 0.95159
63293 -0.15 44.10 1.07e-19 0.95504
64055 20.50 64.00 1.64e-19 0.91803
64052 20.50 66.00 1.64e-19 0.90855
64466 -14.37 58.15 1.49e-19 0.94859
64049 20.50 68.00 1.63e-19 0.89816
64463 -19.14 56.59 1.41e-19 0.95285
64460 -23.49 54.84 1.32e-19 0.95562
64889 60.17 59.65 1.41e-19 0.95301
64895 67.82 55.26 1.19e-19 0.95650
64892 64.24 57.52 1.31e-19 0.95590
65225 -22.03 85.01 1.62e-19 0.92740
64376 58.87 43.83 8.33e-20 0.94642
64004 -159.50 82.00 1.34e-19 0.95530
64370 52.30 47.83 1.06e-19 0.95470
64007 -159.50 84.00 1.41e-19 0.95308
64373 55.72 45.90 9.50e-20 0.95151
64229 5.74 49.49 1.31e-19 0.95596
64235 15.00 50.00 1.34e-19 0.95532
64232 10.34 49.87 1.33e-19 0.95545
64109 -154.30 85.50 1.46e-19 0.95063
64115 -154.30 83.50 1.39e-19 0.95366
64112 -154.30 84.50 1.43e-19 0.95227
63809 -159.50 76.00 1.10e-19 0.95556
64283 15.00 53.00 1.44e-19 0.95159
64280 10.03 52.87 1.43e-19 0.95206
64286 19.97 52.87 1.43e-19 0.95206
65312 105.25 69.00 1.25e-19 0.95651
65315 106.03 66.00 1.15e-19 0.95635
65309 104.36 72.00 1.35e-19 0.95514
65306 103.29 74.99 1.42e-19 0.95230
65198 -70.10 62.89 1.10e-19 0.95544
65201 -68.64 65.84 1.21e-19 0.95657
65204 -66.90 68.78 1.32e-19 0.95572
65207 -64.74 71.70 1.41e-19 0.95295
65300 99.91 80.96 1.53e-19 0.94441
65303 101.91 77.98 1.49e-19 0.94858
65078 -54.80 64.32 1.31e-19 0.95598
65081 -51.58 67.01 1.41e-19 0.95296
65411 -165.00 85.00 1.44e-19 0.95159
65084 -47.61 69.63 1.50e-19 0.94782
65087 -42.61 72.15 1.56e-19 0.94059
64859 -7.85 66.25 1.63e-19 0.92099
64865 7.04 67.80 1.63e-19 0.90068
65417 145.34 82.12 1.41e-19 0.95304
63329 99.62 69.66 1.32e-19 0.95562
63335 94.39 69.25 1.35e-19 0.95489
63449 43.95 47.55 1.12e-19 0.95590
63455 42.51 45.84 1.06e-19 0.95503
64994 52.64 70.09 1.63e-19 0.92584
64988 35.87 72.94 1.63e-19 0.89673
64991 44.88 71.70 1.64e-19 0.91247
63215 -24.50 62.76 1.53e-19 0.94494
65153 -37.87 78.68 1.62e-19 0.92895
64997 59.19 68.20 1.59e-19 0.93683
63209 -27.74 63.99 1.53e-19 0.94467
64934 40.90 69.01 1.64e-19 0.91484
64016 14.04 90.00 1.57e-19 0.93998
64931 32.88 70.09 1.63e-19 0.90070
63431 48.85 52.53 1.28e-19 0.95626
64928 24.14 70.77 1.61e-19 0.88644
64010 -159.50 86.00 1.47e-19 0.94978
63473 -159.50 70.00 8.35e-20 0.94639
64937 48.05 67.59 1.62e-19 0.92738
63437 47.11 50.90 1.23e-19 0.95653
65132 -65.42 59.53 1.03e-19 0.95393
65135 -63.62 62.41 1.15e-19 0.95619
65129 87.47 61.57 1.19e-19 0.95660
64772 64.20 48.66 9.73e-20 0.95233
64775 -37.39 50.87 1.03e-19 0.95419
64415 15.00 59.00 1.59e-19 0.93685
64412 9.19 58.85 1.58e-19 0.93787
64409 3.49 58.40 1.56e-19 0.94061
63137 -80.38 69.66 1.23e-19 0.95649
63131 -85.61 69.25 1.17e-19 0.95641
64316 -22.30 47.83 1.06e-19 0.95470
64313 -25.72 45.90 9.50e-20 0.95151
64310 -28.87 43.83 8.33e-20 0.94642
63155 -64.02 69.92 1.37e-19 0.95437
63149 -69.50 70.00 1.33e-19 0.95546
64259 -20.22 45.15 9.72e-20 0.95225
64265 -12.75 48.42 1.17e-19 0.95642
64262 -16.62 46.88 1.08e-19 0.95527
65327 -83.36 62.69 9.51e-20 0.95170
57281 15.00 -74.00 2.83e-20 0.02830
64100 -154.30 88.50 1.54e-19 0.94411
64103 -154.30 87.50 1.51e-19 0.94654
65237 82.04 80.22 1.58e-19 0.93711
65234 71.87 82.83 1.61e-19 0.93150
64106 -154.30 86.50 1.49e-19 0.94871
65231 52.03 85.01 1.62e-19 0.92740
65228 15.00 86.00 1.63e-19 0.92586
65267 -76.03 66.00 1.15e-19 0.95635
64088 20.50 44.00 1.09e-19 0.95545
64193 2.01 45.89 1.15e-19 0.95617
64190 -2.11 45.05 1.10e-19 0.95563
64157 -154.30 77.50 1.16e-19 0.95642
64154 -154.30 71.50 9.05e-20 0.94976
64151 -154.30 72.50 9.49e-20 0.95151
64148 -154.30 73.50 9.92e-20 0.95301
64196 6.26 46.51 1.19e-19 0.95672
64982 15.00 74.00 1.52e-19 0.85839
64985 25.77 73.73 1.59e-19 0.87870
65369 114.82 74.77 1.35e-19 0.95509
64979 4.23 73.73 1.59e-19 0.87870
65375 113.60 68.75 1.17e-19 0.95651
65372 114.03 71.77 1.26e-19 0.95654
65366 116.22 77.76 1.41e-19 0.95288
65360 124.24 83.64 1.50e-19 0.94781
65363 118.82 80.73 1.46e-19 0.95031
65459 174.45 81.43 1.33e-19 0.95558
65462 158.42 79.90 1.31e-19 0.95594
65465 147.41 77.77 1.27e-19 0.95646
63173 -53.39 69.25 1.45e-19 0.95124
65036 -20.23 74.26 1.64e-19 0.91484
65270 -75.25 69.00 1.25e-19 0.95651
65273 -74.36 72.00 1.35e-19 0.95514
64952 71.94 57.20 1.21e-19 0.95659
65276 -73.29 74.99 1.42e-19 0.95230
65030 -35.21 70.32 1.58e-19 0.93788
65033 -28.52 72.43 1.62e-19 0.92739
64808 22.07 64.82 1.64e-19 0.91484
64811 28.94 64.29 1.63e-19 0.92099
65501 148.54 73.33 1.10e-19 0.95550
63353 80.22 67.15 1.42e-19 0.95237
64817 41.53 62.26 1.58e-19 0.93715
63005 15.00 -90.00 8.25e-20 0.08252
63389 62.51 61.46 1.44e-19 0.95161
62999 15.00 -74.00 2.83e-20 0.02830
63395 59.77 60.10 1.43e-19 0.95229
65507 -152.81 75.64 1.09e-19 0.95524
65054 50.23 74.26 1.64e-19 0.91484
65096 -16.27 78.38 1.64e-19 0.91002
65051 40.07 75.72 1.63e-19 0.90069
65048 28.12 76.67 1.61e-19 0.88646
65090 -36.13 74.51 1.61e-19 0.93149
65093 -27.58 76.63 1.63e-19 0.92098
65057 58.52 72.43 1.62e-19 0.92739
64496 44.37 58.15 1.49e-19 0.94859
64490 33.56 60.56 1.58e-19 0.93714
64493 39.17 59.48 1.54e-19 0.94310
63017 15.00 -90.00 8.25e-20 0.08252
63305 121.38 69.66 1.14e-19 0.95600
63011 15.00 -74.00 2.83e-20 0.02830
63299 126.61 69.25 1.08e-19 0.95519
64058 20.50 62.00 1.62e-19 0.92652
64061 20.50 60.00 1.60e-19 0.93398
64067 20.50 58.00 1.57e-19 0.94040
64802 7.93 64.82 1.64e-19 0.91484
64805 15.00 65.00 1.64e-19 0.91247
64799 1.06 64.29 1.63e-19 0.92099
64907 -29.72 63.95 1.52e-19 0.94609
64904 -34.39 61.83 1.43e-19 0.95193
64898 -41.94 57.20 1.21e-19 0.95659
64901 -38.43 59.57 1.33e-19 0.95542
64829 60.59 55.29 1.27e-19 0.95634
64379 -31.37 46.31 9.09e-20 0.94994
64367 48.58 49.61 1.17e-19 0.95644
64364 44.55 51.21 1.26e-19 0.95650
64361 40.23 52.61 1.35e-19 0.95509
64358 35.61 53.80 1.41e-19 0.95299
63371 72.27 65.14 1.45e-19 0.95126
63101 -146.50 74.10 1.03e-19 0.95412
63107 41.70 76.00 1.63e-19 0.90290
63968 -159.50 80.00 1.26e-19 0.95645
64343 9.65 55.86 1.52e-19 0.94611
63365 76.09 66.19 1.44e-19 0.95160
64247 33.10 47.99 1.21e-19 0.95670
64340 4.38 55.44 1.50e-19 0.94790
64244 28.75 48.86 1.27e-19 0.95650
64238 19.66 49.87 1.33e-19 0.95545
64346 15.00 56.00 1.52e-19 0.94544
64241 24.26 49.49 1.31e-19 0.95596
64268 -8.62 49.77 1.25e-19 0.95654
64271 -4.25 50.90 1.32e-19 0.95557
64274 0.34 51.81 1.37e-19 0.95440
64277 5.12 52.47 1.41e-19 0.95308
65264 -76.74 62.99 1.03e-19 0.95420
65261 -77.40 59.97 9.09e-20 0.94993
65258 101.35 59.93 9.73e-20 0.95232
65324 -83.42 59.64 8.33e-20 0.94641
65321 107.40 59.97 9.09e-20 0.94993
65318 106.74 62.99 1.03e-19 0.95420
64145 -154.30 74.50 1.04e-19 0.95425
65189 93.62 62.41 1.15e-19 0.95619
65195 -71.35 59.93 9.73e-20 0.95232
64139 -154.30 76.50 1.12e-19 0.95596
65441 -105.01 72.61 1.15e-19 0.95627
65438 -101.49 69.80 1.06e-19 0.95488
65444 -110.04 75.29 1.21e-19 0.95662
65447 -117.41 77.77 1.27e-19 0.95646
63341 89.39 68.69 1.38e-19 0.95406
63347 84.65 67.98 1.41e-19 0.95314
65018 -45.03 65.56 1.43e-19 0.95192
65027 -40.62 68.01 1.52e-19 0.94606
65159 -8.31 82.40 1.64e-19 0.91484
63239 -16.23 58.68 1.49e-19 0.94851
63245 -13.89 57.20 1.46e-19 0.95004
65165 38.31 82.40 1.64e-19 0.91484
63419 50.72 54.13 1.32e-19 0.95575
64943 59.72 63.95 1.52e-19 0.94609
64946 64.39 61.83 1.43e-19 0.95193
64847 -30.17 59.65 1.41e-19 0.95301
65141 -58.92 68.10 1.37e-19 0.95433
65138 -61.49 65.27 1.27e-19 0.95637
64838 67.39 50.87 1.03e-19 0.95419
64841 -37.82 55.26 1.19e-19 0.95650
64844 -34.24 57.52 1.31e-19 0.95590
64478 8.63 61.84 1.62e-19 0.92740
64481 15.00 62.00 1.63e-19 0.92586
64484 21.37 61.84 1.62e-19 0.92740
64487 27.59 61.35 1.61e-19 0.93150
64421 26.51 58.40 1.56e-19 0.94061
64424 32.00 57.66 1.53e-19 0.94442
64853 -20.33 63.41 1.56e-19 0.94058
64850 -25.56 61.63 1.50e-19 0.94791
64856 -14.43 64.97 1.61e-19 0.93152
63143 -74.98 69.92 1.28e-19 0.95636
64307 50.22 45.15 9.72e-20 0.95225
64298 38.62 49.77 1.25e-19 0.95654
64301 42.75 48.42 1.17e-19 0.95642
64304 46.62 46.88 1.08e-19 0.95527
64874 30.65 67.20 1.64e-19 0.91002
64868 15.00 68.00 1.63e-19 0.89674
64871 22.96 67.80 1.63e-19 0.90068
64877 37.85 66.25 1.63e-19 0.92099
64022 20.50 86.00 1.63e-19 0.92595
64025 20.50 84.00 1.64e-19 0.91740
64397 -16.66 53.94 1.35e-19 0.95522
64019 20.50 88.00 1.60e-19 0.93349
64394 -20.85 52.27 1.25e-19 0.95651
64388 -28.18 48.44 1.03e-19 0.95422
64391 -24.68 50.43 1.14e-19 0.95627
64214 32.11 45.05 1.10e-19 0.95563
64097 -154.30 89.50 1.56e-19 0.94142
64211 27.99 45.89 1.15e-19 0.95617
65219 -52.04 80.22 1.58e-19 0.93711
64217 -11.20 45.58 1.06e-19 0.95478
65222 -41.87 82.83 1.61e-19 0.93150
64427 37.23 56.66 1.49e-19 0.94862
64199 10.61 46.88 1.21e-19 0.95676
64202 15.00 47.00 1.22e-19 0.95663
64205 19.39 46.88 1.21e-19 0.95676
64976 -5.87 72.94 1.63e-19 0.89673
64973 -14.88 71.70 1.64e-19 0.91247
64970 -22.64 70.09 1.63e-19 0.92584
65450 -128.42 79.90 1.31e-19 0.95594
65453 -144.45 81.43 1.33e-19 0.95558
65162 15.00 83.00 1.64e-19 0.91247
63203 -31.27 65.14 1.53e-19 0.94486
65279 -71.91 77.98 1.49e-19 0.94858
65285 -66.36 83.93 1.56e-19 0.94059
65282 -69.91 80.96 1.53e-19 0.94441
65471 135.01 72.61 1.15e-19 0.95627
65468 140.04 75.29 1.21e-19 0.95662
65474 131.49 69.80 1.06e-19 0.95488
65477 -118.54 73.33 1.10e-19 0.95550
62993 15.00 -90.00 8.25e-20 0.08252
64940 54.30 65.88 1.58e-19 0.93784
65099 -1.81 79.57 1.63e-19 0.90068
65105 31.81 79.57 1.63e-19 0.90068
65102 15.00 80.00 1.63e-19 0.89674
64688 60.98 50.85 1.10e-19 0.95546
65405 -115.34 82.12 1.41e-19 0.95304
65402 -105.13 79.58 1.37e-19 0.95438
65399 -99.24 76.82 1.32e-19 0.95570
63269 -6.11 50.90 1.31e-19 0.95581
63275 -4.48 49.24 1.26e-19 0.95644
64037 20.50 76.00 1.58e-19 0.87515
64034 20.50 78.00 1.61e-19 0.88625
64028 20.50 82.00 1.64e-19 0.90786
64031 20.50 80.00 1.63e-19 0.89741
64916 -10.90 69.01 1.64e-19 0.91484
64793 -11.53 62.26 1.58e-19 0.93715
64790 -17.07 60.82 1.53e-19 0.94438
64910 -24.30 65.88 1.58e-19 0.93784
64913 -18.05 67.59 1.62e-19 0.92738
64796 -5.47 63.42 1.62e-19 0.92894
65144 -55.70 70.89 1.46e-19 0.95034
64430 42.12 55.41 1.42e-19 0.95239
64433 46.66 53.94 1.35e-19 0.95522
64349 20.35 55.86 1.52e-19 0.94611
64352 25.62 55.44 1.50e-19 0.94790
64355 30.72 54.74 1.46e-19 0.95024
63383 65.50 62.76 1.45e-19 0.95117
63113 -138.30 76.00 1.13e-19 0.95607
64436 50.85 52.27 1.25e-19 0.95651
64334 -5.61 53.80 1.41e-19 0.95299
65504 -141.78 74.62 1.06e-19 0.95474
64331 -10.23 52.61 1.35e-19 0.95509
64328 -14.55 51.21 1.26e-19 0.95650
64169 15.00 41.00 9.64e-20 0.95207
64172 18.97 40.88 9.57e-20 0.95177
64175 6.71 43.52 1.06e-19 0.95502
64337 -0.72 54.74 1.46e-19 0.95024
64814 35.47 63.42 1.62e-19 0.92894
65147 -51.53 73.61 1.53e-19 0.94444
65249 96.90 68.78 1.32e-19 0.95572
64085 20.50 46.00 1.17e-19 0.95650
65336 -84.03 71.77 1.26e-19 0.95654
65252 98.64 65.84 1.21e-19 0.95657
65255 100.10 62.89 1.10e-19 0.95544
65330 -83.40 65.72 1.06e-19 0.95485
65333 -83.60 68.75 1.17e-19 0.95651
64418 20.81 58.85 1.58e-19 0.93787
64133 -154.30 79.50 1.25e-19 0.95656
65186 91.49 65.27 1.27e-19 0.95637
64136 -154.30 78.50 1.20e-19 0.95662
65183 88.92 68.10 1.37e-19 0.95433
65180 85.70 70.89 1.46e-19 0.95034
65192 95.42 59.53 1.03e-19 0.95393
65414 164.13 84.15 1.43e-19 0.95207
65432 121.61 68.04 1.08e-19 0.95513
65435 120.51 65.03 9.72e-20 0.95223
63263 -7.85 52.53 1.36e-19 0.95477
65429 123.21 71.02 1.17e-19 0.95659
65408 -134.13 84.15 1.43e-19 0.95207
63317 110.50 70.00 1.24e-19 0.95659
63311 115.98 69.92 1.19e-19 0.95670
65009 76.59 58.92 1.22e-19 0.95648
65015 -48.69 63.02 1.33e-19 0.95558
65012 -51.77 60.39 1.21e-19 0.95654
65528 -165.00 70.00 8.33e-20 0.94629
65531 -165.00 67.00 7.05e-20 0.93826
63413 52.73 55.69 1.35e-19 0.95497
64955 -46.59 58.92 1.22e-19 0.95648
64949 68.43 59.57 1.33e-19 0.95542
65111 57.58 76.63 1.63e-19 0.92098
65168 55.98 80.83 1.63e-19 0.92098
65108 46.27 78.38 1.64e-19 0.91002
65114 66.13 74.51 1.61e-19 0.93149
65117 72.61 72.15 1.56e-19 0.94059
64862 -0.65 67.20 1.64e-19 0.91002
64835 64.18 53.14 1.15e-19 0.95641
65456 -165.00 82.00 1.34e-19 0.95532
64469 -9.17 59.48 1.54e-19 0.94310
64475 2.41 61.35 1.61e-19 0.93150
64472 -3.56 60.56 1.58e-19 0.93714
65513 -177.19 75.64 1.09e-19 0.95524
65510 -165.00 76.00 1.09e-19 0.95553
65516 171.78 74.62 1.06e-19 0.95474
64451 -34.20 48.66 9.73e-20 0.95233
64454 -30.98 50.85 1.10e-19 0.95546
63905 -159.50 78.00 1.18e-19 0.95653
64289 24.88 52.47 1.41e-19 0.95308
64295 34.25 50.90 1.32e-19 0.95557
64292 29.66 51.81 1.37e-19 0.95440
64883 50.33 63.41 1.56e-19 0.94058
64880 44.43 64.97 1.61e-19 0.93152
65498 156.21 75.54 1.15e-19 0.95629
63584 -159.50 72.00 9.22e-20 0.95047
64886 55.56 61.63 1.50e-19 0.94791
64406 -2.00 57.66 1.53e-19 0.94442
65378 113.40 65.72 1.06e-19 0.95485
64403 -7.23 56.66 1.49e-19 0.94862
64400 -12.12 55.41 1.42e-19 0.95239
64223 -3.10 47.99 1.21e-19 0.95670
64220 -7.26 46.89 1.14e-19 0.95616
64118 -154.30 82.50 1.36e-19 0.95478
64121 -154.30 81.50 1.32e-19 0.95564
64226 1.25 48.86 1.27e-19 0.95650
64124 -154.30 80.50 1.28e-19 0.95623
63161 -58.62 69.66 1.41e-19 0.95282
