65006 73.24 61.42 1.39e-19 0.99328
65000 64.69 66.09 1.63e-19 1.01197
65003 69.32 63.82 1.52e-19 1.00560
63197 -35.09 66.19 1.63e-19 1.01191
64142 -154.30 75.50 1.07e-19 0.94855
63191 -39.22 67.15 1.61e-19 1.01144
65213 -57.99 77.44 1.66e-19 1.01278
65210 -61.92 74.59 1.58e-19 1.00978
65294 86.94 86.84 1.71e-19 1.01271
65291 15.00 89.00 1.71e-19 1.01247
65288 -56.94 86.84 1.71e-19 1.01271
65075 -57.47 61.57 1.21e-19 0.96981
62987 15.00 -74.00 -2.55e-20 -0.02549
65072 81.77 60.39 1.23e-19 0.97382
65486 -149.69 78.56 1.23e-19 0.97376
65069 78.69 63.02 1.38e-19 0.99234
65420 135.13 79.58 1.43e-19 0.99799
62981 15.00 -90.00 -9.09e-20 -0.09089
65483 -136.50 77.35 1.21e-19 0.96992
65156 -25.98 80.83 1.78e-19 1.00320
65426 125.59 73.95 1.28e-19 0.98044
65480 -126.21 75.54 1.16e-19 0.96262
63281 -2.95 47.55 1.21e-19 0.97097
63287 -1.51 45.84 1.14e-19 0.95942
65150 -45.89 76.23 1.71e-19 1.01252
65390 -91.61 68.04 1.07e-19 0.94774
63227 -18.77 60.10 1.61e-19 1.01117
65393 -93.21 71.02 1.18e-19 0.96635
65396 -95.59 73.95 1.28e-19 0.98044
63221 -21.51 61.46 1.63e-19 1.01183
63443 45.48 49.24 1.20e-19 0.96821
64046 20.50 70.00 1.75e-19 0.96627
64082 20.50 48.00 1.29e-19 0.98121
64043 20.50 72.00 1.72e-19 0.95164
64040 20.50 74.00 1.69e-19 0.94214
64781 -30.59 55.29 1.30e-19 0.98287
64778 -34.18 53.14 1.16e-19 0.96276
64784 -26.57 57.31 1.43e-19 0.99797
64079 20.50 50.00 1.38e-19 0.99273
64787 -22.08 59.16 1.55e-19 1.00761
64919 -2.88 70.09 1.78e-19 0.98283
64925 15.00 71.00 1.73e-19 0.95540
64922 5.86 70.77 1.75e-19 0.96551
64439 54.68 50.43 1.15e-19 0.96166
64445 61.37 46.31 8.70e-20 0.90952
64442 58.18 48.44 1.01e-19 0.93814
63119 -95.35 67.98 1.03e-19 0.94070
63125 -90.61 68.69 1.11e-19 0.95445
63377 68.74 63.99 1.53e-19 1.00649
64544 53.49 54.84 1.37e-19 0.99074
64187 23.29 43.52 1.05e-19 0.94548
64325 -18.58 49.61 1.18e-19 0.96616
63776 -159.50 74.00 9.88e-20 0.93356
64181 15.00 44.00 1.09e-19 0.95177
64178 10.84 43.88 1.08e-19 0.95023
64184 19.16 43.88 1.08e-19 0.95023
64013 -159.50 88.00 1.63e-19 1.01204
64250 37.26 46.89 1.15e-19 0.96153
64253 41.20 45.58 1.05e-19 0.94519
64073 20.50 54.00 1.56e-19 1.00810
64070 20.50 56.00 1.63e-19 1.01187
65246 94.74 71.70 1.48e-19 1.00270
65492 179.69 78.56 1.23e-19 0.97376
65243 91.92 74.59 1.58e-19 1.00978
65495 166.50 77.35 1.21e-19 0.96992
64076 20.50 52.00 1.47e-19 1.00170
65240 87.99 77.44 1.66e-19 1.01278
64208 23.74 46.51 1.21e-19 0.96996
64457 -27.42 52.92 1.24e-19 0.97403
65177 81.53 73.61 1.64e-19 1.01243
64166 11.03 40.88 9.26e-20 0.92123
64163 15.00 38.00 7.83e-20 0.88954
65171 67.87 78.68 1.76e-19 1.00894
64094 20.50 40.00 8.78e-20 0.91131
65174 75.89 76.23 1.71e-19 1.01252
64160 15.00 35.00 6.40e-20 0.85164
65387 -90.51 65.03 9.44e-20 0.92474
63257 -9.72 54.13 1.47e-19 1.00132
65297 96.36 83.93 1.68e-19 1.01300
63251 -11.73 55.69 1.52e-19 1.00527
65381 113.36 62.69 9.19e-20 0.91995
65384 113.42 59.64 7.83e-20 0.88967
65357 139.00 86.38 1.62e-19 1.01169
65348 -94.24 83.64 1.60e-19 1.01043
65351 -109.00 86.38 1.62e-19 1.01169
64091 20.50 42.00 9.81e-20 0.93218
65354 -165.00 88.00 1.63e-19 1.01203
63179 -48.39 68.69 1.56e-19 1.00874
63185 -43.65 67.98 1.59e-19 1.01036
63323 105.02 69.92 1.32e-19 0.98527
65342 -86.22 77.76 1.48e-19 1.00260
65345 -88.82 80.73 1.55e-19 1.00773
65339 -84.82 74.77 1.40e-19 0.99441
65045 15.00 77.00 1.73e-19 0.95540
65042 1.88 76.67 1.75e-19 0.96553
65039 -10.07 75.72 1.78e-19 0.98282
63407 54.89 57.20 1.45e-19 0.99930
65423 129.24 76.82 1.37e-19 0.99084
64823 52.08 59.16 1.55e-19 1.00761
65489 -165.00 79.00 1.24e-19 0.97528
64820 47.07 60.82 1.64e-19 1.01234
64967 -29.19 68.20 1.71e-19 1.01244
64964 -34.69 66.09 1.63e-19 1.01197
63401 57.23 58.68 1.48e-19 1.00230
63095 40.40 47.00 1.13e-19 0.95847
64961 -39.32 63.82 1.52e-19 1.00560
64958 -43.24 61.42 1.39e-19 0.99328
64826 56.57 57.31 1.43e-19 0.99797
65063 70.62 68.01 1.62e-19 1.01168
65126 84.80 64.32 1.35e-19 0.98895
65060 65.21 70.32 1.71e-19 1.01274
65123 81.58 67.01 1.48e-19 1.00242
65066 75.03 65.56 1.51e-19 1.00480
65120 77.61 69.63 1.60e-19 1.01045
64592 57.42 52.92 1.24e-19 0.97403
64499 49.14 56.59 1.48e-19 1.00257
65519 -154.87 72.69 9.26e-20 0.92102
65522 -165.00 73.00 9.35e-20 0.92306
65525 -175.13 72.69 9.26e-20 0.92102
63293 -0.15 44.10 1.06e-19 0.94578
64055 20.50 64.00 1.78e-19 1.00067
64052 20.50 66.00 1.79e-19 0.99147
64466 -14.37 58.15 1.58e-19 1.00980
64049 20.50 68.00 1.78e-19 0.97990
64463 -19.14 56.59 1.48e-19 1.00257
64460 -23.49 54.84 1.37e-19 0.99074
64889 60.17 59.65 1.48e-19 1.00248
64895 67.82 55.26 1.21e-19 0.96969
64892 64.24 57.52 1.35e-19 0.98885
65225 -22.03 85.01 1.76e-19 1.00798
64376 58.87 43.83 7.83e-20 0.88969
64004 -159.50 82.00 1.39e-19 0.99344
64370 52.30 47.83 1.05e-19 0.94509
64007 -159.50 84.00 1.48e-19 1.00224
64373 55.72 45.90 9.19e-20 0.91972
64229 5.74 49.49 1.35e-19 0.98893
64235 15.00 50.00 1.39e-19 0.99331
64232 10.34 49.87 1.38e-19 0.99217
64109 -154.30 85.50 1.54e-19 1.00726
64115 -154.30 83.50 1.46e-19 1.00052
64112 -154.30 84.50 1.50e-19 1.00421
63809 -159.50 76.00 1.09e-19 0.95207
64283 15.00 53.00 1.52e-19 1.00561
64280 10.03 52.87 1.51e-19 1.00498
64286 19.97 52.87 1.51e-19 1.00498
65312 105.25 69.00 1.28e-19 0.98040
65315 106.03 66.00 1.15e-19 0.96176
65309 104.36 72.00 1.40e-19 0.99447
65306 103.29 74.99 1.50e-19 1.00402
65198 -70.10 62.89 1.09e-19 0.95200
65201 -68.64 65.84 1.24e-19 0.97395
65204 -66.90 68.78 1.37e-19 0.99087
65207 -64.74 71.70 1.48e-19 1.00270
65300 99.91 80.96 1.64e-19 1.01239
65303 101.91 77.98 1.58e-19 1.00978
65078 -54.80 64.32 1.35e-19 0.98895
65081 -51.58 67.01 1.48e-19 1.00242
65411 -165.00 85.00 1.52e-19 1.00561
65084 -47.61 69.63 1.60e-19 1.01045
65087 -42.61 72.15 1.68e-19 1.01299
64859 -7.85 66.25 1.78e-19 1.00322
64865 7.04 67.80 1.78e-19 0.98282
65417 145.34 82.12 1.48e-19 1.00252
63329 99.62 69.66 1.37e-19 0.99090
63335 94.39 69.25 1.41e-19 0.99564
63449 43.95 47.55 1.13e-19 0.95764
63455 42.51 45.84 1.05e-19 0.94568
64994 52.64 70.09 1.77e-19 1.00690
64988 35.87 72.94 1.77e-19 0.97821
64991 44.88 71.70 1.79e-19 0.99546
63215 -24.50 62.76 1.64e-19 1.01216
65153 -37.87 78.68 1.76e-19 1.00894
64997 59.19 68.20 1.71e-19 1.01244
63209 -27.74 63.99 1.64e-19 1.01233
64934 40.90 69.01 1.79e-19 0.99774
64016 14.04 90.00 1.69e-19 1.01299
64931 32.88 70.09 1.78e-19 0.98283
63431 48.85 52.53 1.32e-19 0.98464
64928 24.14 70.77 1.75e-19 0.96551
64010 -159.50 86.00 1.56e-19 1.00845
63473 -159.50 70.00 7.85e-20 0.89005
64937 48.05 67.59 1.76e-19 1.00795
63437 47.11 50.90 1.26e-19 0.97714
65132 -65.42 59.53 1.01e-19 0.93708
65135 -63.62 62.41 1.16e-19 0.96250
65129 87.47 61.57 1.21e-19 0.96981
64772 64.20 48.66 9.46e-20 0.92520
64775 -37.39 50.87 1.01e-19 0.93738
64415 15.00 59.00 1.71e-19 1.01247
64412 9.19 58.85 1.71e-19 1.01272
64409 3.49 58.40 1.68e-19 1.01303
63137 -80.38 69.66 1.25e-19 0.97631
63131 -85.61 69.25 1.18e-19 0.96612
64316 -22.30 47.83 1.05e-19 0.94509
64313 -25.72 45.90 9.19e-20 0.91972
64310 -28.87 43.83 7.83e-20 0.88969
63155 -64.02 69.92 1.44e-19 0.99837
63149 -69.50 70.00 1.38e-19 0.99243
64259 -20.22 45.15 9.44e-20 0.92476
64265 -12.75 48.42 1.18e-19 0.96614
64262 -16.62 46.88 1.07e-19 0.94790
65327 -83.36 62.69 9.19e-20 0.91995
57281 15.00 -74.00 -2.55e-20 -0.02549
64100 -154.30 88.50 1.65e-19 1.01254
64103 -154.30 87.50 1.62e-19 1.01143
65237 82.04 80.22 1.71e-19 1.01253
65234 71.87 82.83 1.75e-19 1.01036
64106 -154.30 86.50 1.58e-19 1.00967
65231 52.03 85.01 1.76e-19 1.00798
65228 15.00 86.00 1.77e-19 1.00692
65267 -76.03 66.00 1.15e-19 0.96176
64088 20.50 44.00 1.09e-19 0.95085
64193 2.01 45.89 1.16e-19 0.96247
64190 -2.11 45.05 1.09e-19 0.95222
64157 -154.30 77.50 1.17e-19 0.96517
64154 -154.30 71.50 8.66e-20 0.90860
64151 -154.30 72.50 9.17e-20 0.91939
64148 -154.30 73.50 9.68e-20 0.92966
64196 6.26 46.51 1.21e-19 0.96996
64982 15.00 74.00 1.65e-19 0.92731
64985 25.77 73.73 1.73e-19 0.95541
65369 114.82 74.77 1.40e-19 0.99441
64979 4.23 73.73 1.73e-19 0.95541
65375 113.60 68.75 1.18e-19 0.96625
65372 114.03 71.77 1.30e-19 0.98259
65366 116.22 77.76 1.48e-19 1.00260
65360 124.24 83.64 1.60e-19 1.01043
65363 118.82 80.73 1.55e-19 1.00773
65459 174.45 81.43 1.38e-19 0.99234
65462 158.42 79.90 1.35e-19 0.98889
65465 147.41 77.77 1.30e-19 0.98302
63173 -53.39 69.25 1.53e-19 1.00625
65036 -20.23 74.26 1.79e-19 0.99775
65270 -75.25 69.00 1.28e-19 0.98040
65273 -74.36 72.00 1.40e-19 0.99447
64952 71.94 57.20 1.23e-19 0.97388
65276 -73.29 74.99 1.50e-19 1.00402
65030 -35.21 70.32 1.71e-19 1.01274
65033 -28.52 72.43 1.76e-19 1.00797
64808 22.07 64.82 1.79e-19 0.99775
64811 28.94 64.29 1.78e-19 1.00321
65501 148.54 73.33 1.09e-19 0.95207
63353 80.22 67.15 1.50e-19 1.00417
64817 41.53 62.26 1.71e-19 1.01258
63389 62.51 61.46 1.52e-19 1.00550
63395 59.77 60.10 1.50e-19 1.00422
65507 -152.81 75.64 1.08e-19 0.95000
65054 50.23 74.26 1.79e-19 0.99775
65096 -16.27 78.38 1.79e-19 0.99298
65051 40.07 75.72 1.78e-19 0.98282
65048 28.12 76.67 1.75e-19 0.96553
65090 -36.13 74.51 1.75e-19 1.01035
65093 -27.58 76.63 1.78e-19 1.00320
65057 58.52 72.43 1.76e-19 1.00797
64496 44.37 58.15 1.58e-19 1.00980
64490 33.56 60.56 1.71e-19 1.01257
64493 39.17 59.48 1.66e-19 1.01276
63305 121.38 69.66 1.14e-19 0.95975
63299 126.61 69.25 1.07e-19 0.94861
64058 20.50 62.00 1.77e-19 1.00738
64061 20.50 60.00 1.73e-19 1.01150
64067 20.50 58.00 1.69e-19 1.01301
64802 7.93 64.82 1.79e-19 0.99775
64805 15.00 65.00 1.79e-19 0.99546
64799 1.06 64.29 1.78e-19 1.00321
64907 -29.72 63.95 1.62e-19 1.01171
64904 -34.39 61.83 1.51e-19 1.00481
64898 -41.94 57.20 1.23e-19 0.97388
64901 -38.43 59.57 1.38e-19 0.99213
64829 60.59 55.29 1.30e-19 0.98287
64379 -31.37 46.31 8.70e-20 0.90952
64367 48.58 49.61 1.18e-19 0.96616
64364 44.55 51.21 1.30e-19 0.98254
64361 40.23 52.61 1.40e-19 0.99441
64358 35.61 53.80 1.48e-19 1.00275
63371 72.27 65.14 1.53e-19 1.00623
63101 -146.50 74.10 1.01e-19 0.93829
63107 41.70 76.00 1.78e-19 0.98534
63968 -159.50 80.00 1.30e-19 0.98210
64343 9.65 55.86 1.62e-19 1.01173
63365 76.09 66.19 1.52e-19 1.00536
64247 33.10 47.99 1.24e-19 0.97411
64340 4.38 55.44 1.60e-19 1.01055
64244 28.75 48.86 1.30e-19 0.98306
64238 19.66 49.87 1.38e-19 0.99217
64346 15.00 56.00 1.63e-19 1.01203
64241 24.26 49.49 1.35e-19 0.98893
64268 -8.62 49.77 1.28e-19 0.98043
64271 -4.25 50.90 1.37e-19 0.99067
64274 0.34 51.81 1.43e-19 0.99801
64277 5.12 52.47 1.48e-19 1.00257
65264 -76.74 62.99 1.01e-19 0.93812
65261 -77.40 59.97 8.70e-20 0.90951
65258 101.35 59.93 9.46e-20 0.92519
65324 -83.42 59.64 7.83e-20 0.88967
65321 107.40 59.97 8.70e-20 0.90951
65318 106.74 62.99 1.01e-19 0.93812
64145 -154.30 74.50 1.02e-19 0.93938
65189 93.62 62.41 1.16e-19 0.96250
65195 -71.35 59.93 9.46e-20 0.92519
64139 -154.30 76.50 1.12e-19 0.95715
65441 -105.01 72.61 1.15e-19 0.96166
65438 -101.49 69.80 1.05e-19 0.94531
65444 -110.04 75.29 1.24e-19 0.97401
65447 -117.41 77.77 1.30e-19 0.98302
63341 89.39 68.69 1.45e-19 0.99938
63347 84.65 67.98 1.48e-19 1.00211
65018 -45.03 65.56 1.51e-19 1.00480
65027 -40.62 68.01 1.62e-19 1.01168
65159 -8.31 82.40 1.79e-19 0.99775
63239 -16.23 58.68 1.59e-19 1.01002
63245 -13.89 57.20 1.55e-19 1.00793
65165 38.31 82.40 1.79e-19 0.99775
63419 50.72 54.13 1.37e-19 0.99085
64943 59.72 63.95 1.62e-19 1.01171
64946 64.39 61.83 1.51e-19 1.00481
64847 -30.17 59.65 1.48e-19 1.00248
65141 -58.92 68.10 1.43e-19 0.99792
65138 -61.49 65.27 1.30e-19 0.98290
64838 67.39 50.87 1.01e-19 0.93738
64841 -37.82 55.26 1.21e-19 0.96969
64844 -34.24 57.52 1.35e-19 0.98885
64478 8.63 61.84 1.76e-19 1.00798
64481 15.00 62.00 1.77e-19 1.00692
64484 21.37 61.84 1.76e-19 1.00798
64487 27.59 61.35 1.75e-19 1.01036
64421 26.51 58.40 1.68e-19 1.01303
64424 32.00 57.66 1.64e-19 1.01240
64853 -20.33 63.41 1.68e-19 1.01299
64850 -25.56 61.63 1.60e-19 1.01056
64856 -14.43 64.97 1.75e-19 1.01039
63143 -74.98 69.92 1.32e-19 0.98533
64307 50.22 45.15 9.44e-20 0.92476
64298 38.62 49.77 1.28e-19 0.98043
64301 42.75 48.42 1.18e-19 0.96614
64304 46.62 46.88 1.07e-19 0.94790
64874 30.65 67.20 1.79e-19 0.99298
64868 15.00 68.00 1.77e-19 0.97821
64871 22.96 67.80 1.78e-19 0.98282
64877 37.85 66.25 1.78e-19 1.00322
64022 20.50 86.00 1.77e-19 1.00699
64025 20.50 84.00 1.78e-19 1.00011
64397 -16.66 53.94 1.40e-19 0.99457
64019 20.50 88.00 1.74e-19 1.01130
64394 -20.85 52.27 1.28e-19 0.98040
64388 -28.18 48.44 1.01e-19 0.93814
64391 -24.68 50.43 1.15e-19 0.96166
64214 32.11 45.05 1.09e-19 0.95222
64097 -154.30 89.50 1.68e-19 1.01300
64211 27.99 45.89 1.16e-19 0.96247
65219 -52.04 80.22 1.71e-19 1.01253
64217 -11.20 45.58 1.05e-19 0.94519
65222 -41.87 82.83 1.75e-19 1.01036
64427 37.23 56.66 1.58e-19 1.00983
64199 10.61 46.88 1.23e-19 0.97409
64202 15.00 47.00 1.24e-19 0.97528
64205 19.39 46.88 1.23e-19 0.97409
64976 -5.87 72.94 1.77e-19 0.97821
64973 -14.88 71.70 1.79e-19 0.99546
64970 -22.64 70.09 1.77e-19 1.00690
65450 -128.42 79.90 1.35e-19 0.98889
65453 -144.45 81.43 1.38e-19 0.99234
65162 15.00 83.00 1.79e-19 0.99546
63203 -31.27 65.14 1.64e-19 1.01227
65279 -71.91 77.98 1.58e-19 1.00978
65285 -66.36 83.93 1.68e-19 1.01300
65282 -69.91 80.96 1.64e-19 1.01239
65471 135.01 72.61 1.15e-19 0.96166
65468 140.04 75.29 1.24e-19 0.97401
65474 131.49 69.80 1.05e-19 0.94531
65477 -118.54 73.33 1.09e-19 0.95207
62993 15.00 -90.00 -9.09e-20 -0.09089
64940 54.30 65.88 1.71e-19 1.01268
65099 -1.81 79.57 1.78e-19 0.98282
65105 31.81 79.57 1.78e-19 0.98282
65102 15.00 80.00 1.77e-19 0.97821
64688 60.98 50.85 1.09e-19 0.95203
65405 -115.34 82.12 1.48e-19 1.00252
65402 -105.13 79.58 1.43e-19 0.99799
65399 -99.24 76.82 1.37e-19 0.99084
63269 -6.11 50.90 1.35e-19 0.98927
63275 -4.48 49.24 1.29e-19 0.98101
64037 20.50 76.00 1.71e-19 0.95066
64034 20.50 78.00 1.75e-19 0.96526
64028 20.50 82.00 1.79e-19 0.99073
64031 20.50 80.00 1.77e-19 0.97901
64916 -10.90 69.01 1.79e-19 0.99774
64793 -11.53 62.26 1.71e-19 1.01258
64790 -17.07 60.82 1.64e-19 1.01234
64910 -24.30 65.88 1.71e-19 1.01268
64913 -18.05 67.59 1.76e-19 1.00795
64796 -5.47 63.42 1.76e-19 1.00892
65144 -55.70 70.89 1.55e-19 1.00778
64430 42.12 55.41 1.50e-19 1.00413
64433 46.66 53.94 1.40e-19 0.99457
64349 20.35 55.86 1.62e-19 1.01173
64352 25.62 55.44 1.60e-19 1.01055
64355 30.72 54.74 1.55e-19 1.00764
63383 65.50 62.76 1.53e-19 1.00619
63113 -138.30 76.00 1.13e-19 0.95876
64436 50.85 52.27 1.28e-19 0.98040
64334 -5.61 53.80 1.48e-19 1.00275
65504 -141.78 74.62 1.05e-19 0.94515
64331 -10.23 52.61 1.40e-19 0.99441
64328 -14.55 51.21 1.30e-19 0.98254
64169 15.00 41.00 9.35e-20 0.92306
64172 18.97 40.88 9.26e-20 0.92123
64175 6.71 43.52 1.05e-19 0.94548
64337 -0.72 54.74 1.55e-19 1.00764
64814 35.47 63.42 1.76e-19 1.00892
65147 -51.53 73.61 1.64e-19 1.01243
65249 96.90 68.78 1.37e-19 0.99087
64085 20.50 46.00 1.19e-19 0.96723
65336 -84.03 71.77 1.30e-19 0.98259
65252 98.64 65.84 1.24e-19 0.97395
65255 100.10 62.89 1.09e-19 0.95200
65330 -83.40 65.72 1.05e-19 0.94527
65333 -83.60 68.75 1.18e-19 0.96625
64418 20.81 58.85 1.71e-19 1.01272
64133 -154.30 79.50 1.27e-19 0.97942
65186 91.49 65.27 1.30e-19 0.98290
64136 -154.30 78.50 1.23e-19 0.97259
65183 88.92 68.10 1.43e-19 0.99792
65180 85.70 70.89 1.55e-19 1.00778
65192 95.42 59.53 1.01e-19 0.93708
65414 164.13 84.15 1.51e-19 1.00499
65432 121.61 68.04 1.07e-19 0.94774
65435 120.51 65.03 9.44e-20 0.92474
63263 -7.85 52.53 1.42e-19 0.99599
65429 123.21 71.02 1.18e-19 0.96635
65408 -134.13 84.15 1.51e-19 1.00499
63317 110.50 70.00 1.26e-19 0.97810
63311 115.98 69.92 1.21e-19 0.96987
65009 76.59 58.92 1.24e-19 0.97510
65015 -48.69 63.02 1.38e-19 0.99234
65012 -51.77 60.39 1.23e-19 0.97382
65528 -165.00 70.00 7.83e-20 0.88954
65531 -165.00 67.00 6.40e-20 0.85164
63413 52.73 55.69 1.41e-19 0.99572
64955 -46.59 58.92 1.24e-19 0.97510
64949 68.43 59.57 1.38e-19 0.99213
65111 57.58 76.63 1.78e-19 1.00320
65168 55.98 80.83 1.78e-19 1.00320
65108 46.27 78.38 1.79e-19 0.99298
65114 66.13 74.51 1.75e-19 1.01035
65117 72.61 72.15 1.68e-19 1.01299
64862 -0.65 67.20 1.79e-19 0.99298
64835 64.18 53.14 1.16e-19 0.96276
65456 -165.00 82.00 1.39e-19 0.99331
64469 -9.17 59.48 1.66e-19 1.01276
64475 2.41 61.35 1.75e-19 1.01036
64472 -3.56 60.56 1.71e-19 1.01257
65513 -177.19 75.64 1.08e-19 0.95000
65510 -165.00 76.00 1.09e-19 0.95177
65516 171.78 74.62 1.05e-19 0.94515
64451 -34.20 48.66 9.46e-20 0.92520
64454 -30.98 50.85 1.09e-19 0.95203
63905 -159.50 78.00 1.20e-19 0.96828
64289 24.88 52.47 1.48e-19 1.00257
64295 34.25 50.90 1.37e-19 0.99067
64292 29.66 51.81 1.43e-19 0.99801
64883 50.33 63.41 1.68e-19 1.01299
64880 44.43 64.97 1.75e-19 1.01039
65498 156.21 75.54 1.16e-19 0.96262
63584 -159.50 72.00 8.85e-20 0.91284
64886 55.56 61.63 1.60e-19 1.01056
64406 -2.00 57.66 1.64e-19 1.01240
65378 113.40 65.72 1.05e-19 0.94527
64403 -7.23 56.66 1.58e-19 1.00983
64400 -12.12 55.41 1.50e-19 1.00413
64223 -3.10 47.99 1.24e-19 0.97411
64220 -7.26 46.89 1.15e-19 0.96153
64118 -154.30 82.50 1.42e-19 0.99619
64121 -154.30 81.50 1.37e-19 0.99122
64226 1.25 48.86 1.30e-19 0.98306
64124 -154.30 80.50 1.32e-19 0.98563
63161 -58.62 69.66 1.49e-19 1.00278
