65006 73.24 61.42 9.53e-20 0.68125
65000 64.69 66.09 1.08e-19 0.67265
65003 69.32 63.82 1.02e-19 0.67718
63197 -35.09 66.19 1.08e-19 0.67270
64142 -154.30 75.50 7.78e-20 0.68865
63191 -39.22 67.15 1.08e-19 0.67347
65213 -57.99 77.44 1.10e-19 0.67124
65210 -61.92 74.59 1.06e-19 0.67481
65294 86.94 86.84 1.13e-19 0.66828
65291 15.00 89.00 1.13e-19 0.66775
65288 -56.94 86.84 1.13e-19 0.66828
65075 -57.47 61.57 8.53e-20 0.68585
62987 15.00 -74.00 -2.89e-20 -0.02886
65072 81.77 60.39 8.68e-20 0.68512
65486 -149.69 78.56 8.68e-20 0.68509
65069 78.69 63.02 9.48e-20 0.68160
65420 135.13 79.58 9.78e-20 0.67999
62981 15.00 -90.00 -7.00e-20 -0.07002
65483 -136.50 77.35 8.53e-20 0.68591
65156 -25.98 80.83 1.17e-19 0.66014
65426 125.59 73.95 8.95e-20 0.68407
65480 -126.21 75.54 8.26e-20 0.68687
63281 -2.95 47.55 8.57e-20 0.68557
63287 -1.51 45.84 8.14e-20 0.68739
65150 -45.89 76.23 1.13e-19 0.66788
65390 -91.61 68.04 7.75e-20 0.68873
63227 -18.77 60.10 1.07e-19 0.67369
65393 -93.21 71.02 8.39e-20 0.68646
65396 -95.59 73.95 8.95e-20 0.68407
63221 -21.51 61.46 1.08e-19 0.67289
63443 45.48 49.24 8.47e-20 0.68602
64046 20.50 70.00 1.17e-19 0.64635
64082 20.50 48.00 8.98e-20 0.68390
64043 20.50 72.00 1.16e-19 0.64216
64040 20.50 74.00 1.15e-19 0.63960
64781 -30.59 55.29 9.06e-20 0.68352
64778 -34.18 53.14 8.26e-20 0.68695
64784 -26.57 57.31 9.77e-20 0.67997
64079 20.50 50.00 9.50e-20 0.68142
64787 -22.08 59.16 1.04e-19 0.67605
64919 -2.88 70.09 1.18e-19 0.65166
64925 15.00 71.00 1.16e-19 0.64320
64922 5.86 70.77 1.17e-19 0.64612
64439 54.68 50.43 8.23e-20 0.68703
64445 61.37 46.31 6.62e-20 0.69244
64442 58.18 48.44 7.44e-20 0.68990
63119 -95.35 67.98 7.53e-20 0.68951
63125 -90.61 68.69 7.97e-20 0.68806
63377 68.74 63.99 1.03e-19 0.67676
64544 53.49 54.84 9.41e-20 0.68183
64187 23.29 43.52 7.68e-20 0.68909
64325 -18.58 49.61 8.39e-20 0.68636
63776 -159.50 74.00 7.31e-20 0.69026
64181 15.00 44.00 7.89e-20 0.68827
64178 10.84 43.88 7.83e-20 0.68849
64184 19.16 43.88 7.83e-20 0.68849
64013 -159.50 88.00 1.08e-19 0.67267
64250 37.26 46.89 8.23e-20 0.68696
64253 41.20 45.58 7.67e-20 0.68892
64073 20.50 54.00 1.04e-19 0.67592
64070 20.50 56.00 1.08e-19 0.67289
65246 94.74 71.70 1.00e-19 0.67843
65492 179.69 78.56 8.68e-20 0.68509
65243 91.92 74.59 1.06e-19 0.67481
65495 166.50 77.35 8.53e-20 0.68591
64076 20.50 52.00 9.99e-20 0.67876
65240 87.99 77.44 1.10e-19 0.67124
64208 23.74 46.51 8.53e-20 0.68593
64457 -27.42 52.92 8.69e-20 0.68517
65177 81.53 73.61 1.09e-19 0.67206
64166 11.03 40.88 6.95e-20 0.69139
64163 15.00 38.00 6.11e-20 0.69394
65171 67.87 78.68 1.16e-19 0.66380
64094 20.50 40.00 6.67e-20 0.69227
65174 75.89 76.23 1.13e-19 0.66788
64160 15.00 35.00 5.23e-20 0.69636
65387 -90.51 65.03 7.05e-20 0.69102
63257 -9.72 54.13 9.96e-20 0.67895
65297 96.36 83.93 1.11e-19 0.66978
63251 -11.73 55.69 1.02e-19 0.67742
65381 113.36 62.69 6.91e-20 0.69163
65384 113.42 59.64 6.11e-20 0.69402
65357 139.00 86.38 1.08e-19 0.67309
65348 -94.24 83.64 1.06e-19 0.67427
65351 -109.00 86.38 1.08e-19 0.67309
64091 20.50 42.00 7.27e-20 0.69040
65354 -165.00 88.00 1.08e-19 0.67268
63179 -48.39 68.69 1.05e-19 0.67558
63185 -43.65 67.98 1.06e-19 0.67440
63323 105.02 69.92 9.15e-20 0.68320
65342 -86.22 77.76 1.00e-19 0.67838
65345 -88.82 80.73 1.04e-19 0.67612
65339 -84.82 74.77 9.59e-20 0.68095
65045 15.00 77.00 1.16e-19 0.64320
65042 1.88 76.67 1.17e-19 0.64613
65039 -10.07 75.72 1.18e-19 0.65166
63407 54.89 57.20 9.85e-20 0.67949
65423 129.24 76.82 9.41e-20 0.68189
64823 52.08 59.16 1.04e-19 0.67605
65489 -165.00 79.00 8.74e-20 0.68495
64820 47.07 60.82 1.09e-19 0.67201
64967 -29.19 68.20 1.13e-19 0.66773
64964 -34.69 66.09 1.08e-19 0.67265
63401 57.23 58.68 1.00e-19 0.67863
63095 40.40 47.00 8.11e-20 0.68743
64961 -39.32 63.82 1.02e-19 0.67718
64958 -43.24 61.42 9.53e-20 0.68125
64826 56.57 57.31 9.77e-20 0.67997
65063 70.62 68.01 1.08e-19 0.67309
65126 84.80 64.32 9.32e-20 0.68237
65060 65.21 70.32 1.13e-19 0.66830
65123 81.58 67.01 1.00e-19 0.67846
65066 75.03 65.56 1.02e-19 0.67748
65120 77.61 69.63 1.06e-19 0.67428
64592 57.42 52.92 8.69e-20 0.68517
64499 49.14 56.59 1.00e-19 0.67836
65519 -154.87 72.69 6.95e-20 0.69128
65522 -165.00 73.00 7.00e-20 0.69126
65525 -175.13 72.69 6.95e-20 0.69128
63293 -0.15 44.10 7.69e-20 0.68905
64055 20.50 64.00 1.17e-19 0.65884
64052 20.50 66.00 1.18e-19 0.65484
64466 -14.37 58.15 1.06e-19 0.67482
64049 20.50 68.00 1.18e-19 0.65066
64463 -19.14 56.59 1.00e-19 0.67836
64460 -23.49 54.84 9.41e-20 0.68183
64889 60.17 59.65 1.00e-19 0.67849
64895 67.82 55.26 8.52e-20 0.68579
64892 64.24 57.52 9.32e-20 0.68231
65225 -22.03 85.01 1.16e-19 0.66307
64376 58.87 43.83 6.11e-20 0.69402
64004 -159.50 82.00 9.54e-20 0.68124
64370 52.30 47.83 7.67e-20 0.68887
64007 -159.50 84.00 1.00e-19 0.67856
64373 55.72 45.90 6.91e-20 0.69150
64229 5.74 49.49 9.32e-20 0.68235
64235 15.00 50.00 9.53e-20 0.68127
64232 10.34 49.87 9.48e-20 0.68151
64109 -154.30 85.50 1.04e-19 0.67638
64115 -154.30 83.50 9.92e-20 0.67917
64112 -154.30 84.50 1.01e-19 0.67779
63809 -159.50 76.00 7.90e-20 0.68824
64283 15.00 53.00 1.02e-19 0.67719
64280 10.03 52.87 1.02e-19 0.67758
64286 19.97 52.87 1.02e-19 0.67758
65312 105.25 69.00 8.95e-20 0.68404
65315 106.03 66.00 8.23e-20 0.68709
65309 104.36 72.00 9.59e-20 0.68098
65306 103.29 74.99 1.01e-19 0.67783
65198 -70.10 62.89 7.90e-20 0.68814
65201 -68.64 65.84 8.69e-20 0.68513
65204 -66.90 68.78 9.41e-20 0.68190
65207 -64.74 71.70 1.00e-19 0.67843
65300 99.91 80.96 1.09e-19 0.67204
65303 101.91 77.98 1.06e-19 0.67481
65078 -54.80 64.32 9.32e-20 0.68237
65081 -51.58 67.01 1.00e-19 0.67846
65411 -165.00 85.00 1.02e-19 0.67719
65084 -47.61 69.63 1.06e-19 0.67428
65087 -42.61 72.15 1.11e-19 0.66978
64859 -7.85 66.25 1.17e-19 0.66015
64865 7.04 67.80 1.18e-19 0.65166
65417 145.34 82.12 1.00e-19 0.67851
63329 99.62 69.66 9.42e-20 0.68181
63335 94.39 69.25 9.65e-20 0.68064
63449 43.95 47.55 8.09e-20 0.68746
63455 42.51 45.84 7.68e-20 0.68906
64994 52.64 70.09 1.16e-19 0.66233
64988 35.87 72.94 1.18e-19 0.65009
64991 44.88 71.70 1.18e-19 0.65647
63215 -24.50 62.76 1.09e-19 0.67237
65153 -37.87 78.68 1.16e-19 0.66380
64997 59.19 68.20 1.13e-19 0.66773
63209 -27.74 63.99 1.09e-19 0.67220
64934 40.90 69.01 1.18e-19 0.65747
64016 14.04 90.00 1.12e-19 0.66944
64931 32.88 70.09 1.18e-19 0.65166
63431 48.85 52.53 9.13e-20 0.68319
64928 24.14 70.77 1.17e-19 0.64612
64010 -159.50 86.00 1.05e-19 0.67571
63473 -159.50 70.00 6.12e-20 0.69390
64937 48.05 67.59 1.16e-19 0.66306
63437 47.11 50.90 8.82e-20 0.68457
65132 -65.42 59.53 7.42e-20 0.68986
65135 -63.62 62.41 8.26e-20 0.68680
65129 87.47 61.57 8.53e-20 0.68585
64772 64.20 48.66 7.06e-20 0.69101
64775 -37.39 50.87 7.42e-20 0.69004
64415 15.00 59.00 1.13e-19 0.66775
64412 9.19 58.85 1.13e-19 0.66829
64409 3.49 58.40 1.11e-19 0.66980
63137 -80.38 69.66 8.79e-20 0.68466
63131 -85.61 69.25 8.39e-20 0.68634
64316 -22.30 47.83 7.67e-20 0.68887
64313 -25.72 45.90 6.91e-20 0.69150
64310 -28.87 43.83 6.11e-20 0.69402
63155 -64.02 69.92 9.79e-20 0.67994
63149 -69.50 70.00 9.49e-20 0.68149
64259 -20.22 45.15 7.05e-20 0.69103
64265 -12.75 48.42 8.39e-20 0.68634
64262 -16.62 46.88 7.75e-20 0.68882
65327 -83.36 62.69 6.91e-20 0.69163
57281 15.00 -74.00 -2.89e-20 -0.02886
64100 -154.30 88.50 1.09e-19 0.67185
64103 -154.30 87.50 1.08e-19 0.67341
65237 82.04 80.22 1.13e-19 0.66788
65234 71.87 82.83 1.15e-19 0.66503
64106 -154.30 86.50 1.06e-19 0.67491
65231 52.03 85.01 1.16e-19 0.66307
65228 15.00 86.00 1.16e-19 0.66235
65267 -76.03 66.00 8.23e-20 0.68709
64088 20.50 44.00 7.86e-20 0.68838
64193 2.01 45.89 8.26e-20 0.68679
64190 -2.11 45.05 7.90e-20 0.68827
64157 -154.30 77.50 8.35e-20 0.68652
64154 -154.30 71.50 6.60e-20 0.69249
64151 -154.30 72.50 6.90e-20 0.69158
64148 -154.30 73.50 7.19e-20 0.69064
64196 6.26 46.51 8.53e-20 0.68593
64982 15.00 74.00 1.13e-19 0.63578
64985 25.77 73.73 1.16e-19 0.64321
65369 114.82 74.77 9.59e-20 0.68095
64979 4.23 73.73 1.16e-19 0.64321
65375 113.60 68.75 8.39e-20 0.68640
65372 114.03 71.77 9.04e-20 0.68374
65366 116.22 77.76 1.00e-19 0.67838
65360 124.24 83.64 1.06e-19 0.67427
65363 118.82 80.73 1.04e-19 0.67612
65459 174.45 81.43 9.48e-20 0.68160
65462 158.42 79.90 9.32e-20 0.68234
65465 147.41 77.77 9.06e-20 0.68361
63173 -53.39 69.25 1.03e-19 0.67688
65036 -20.23 74.26 1.18e-19 0.65747
65270 -75.25 69.00 8.95e-20 0.68404
65273 -74.36 72.00 9.59e-20 0.68098
64952 71.94 57.20 8.69e-20 0.68515
65276 -73.29 74.99 1.01e-19 0.67783
65030 -35.21 70.32 1.13e-19 0.66830
65033 -28.52 72.43 1.16e-19 0.66307
64808 22.07 64.82 1.18e-19 0.65747
64811 28.94 64.29 1.17e-19 0.66015
65501 148.54 73.33 7.90e-20 0.68819
63353 80.22 67.15 1.01e-19 0.67787
64817 41.53 62.26 1.13e-19 0.66791
63005 15.00 -90.00 -7.00e-20 -0.07002
63389 62.51 61.46 1.02e-19 0.67721
62999 15.00 -74.00 -2.89e-20 -0.02886
63395 59.77 60.10 1.01e-19 0.67780
65507 -152.81 75.64 7.83e-20 0.68836
65054 50.23 74.26 1.18e-19 0.65747
65096 -16.27 78.38 1.18e-19 0.65544
65051 40.07 75.72 1.18e-19 0.65166
65048 28.12 76.67 1.17e-19 0.64613
65090 -36.13 74.51 1.15e-19 0.66502
65093 -27.58 76.63 1.17e-19 0.66014
65057 58.52 72.43 1.16e-19 0.66307
64496 44.37 58.15 1.06e-19 0.67482
64490 33.56 60.56 1.13e-19 0.66790
64493 39.17 59.48 1.10e-19 0.67124
63017 15.00 -90.00 -7.00e-20 -0.07002
63305 121.38 69.66 8.16e-20 0.68714
63011 15.00 -74.00 -2.89e-20 -0.02886
63299 126.61 69.25 7.78e-20 0.68860
64058 20.50 62.00 1.16e-19 0.66265
64061 20.50 60.00 1.14e-19 0.66626
64067 20.50 58.00 1.11e-19 0.66967
64802 7.93 64.82 1.18e-19 0.65747
64805 15.00 65.00 1.18e-19 0.65647
64799 1.06 64.29 1.17e-19 0.66015
64907 -29.72 63.95 1.08e-19 0.67311
64904 -34.39 61.83 1.02e-19 0.67749
64898 -41.94 57.20 8.69e-20 0.68515
64901 -38.43 59.57 9.48e-20 0.68149
64829 60.59 55.29 9.06e-20 0.68352
64379 -31.37 46.31 6.62e-20 0.69244
64367 48.58 49.61 8.39e-20 0.68636
64364 44.55 51.21 9.04e-20 0.68371
64361 40.23 52.61 9.59e-20 0.68095
64358 35.61 53.80 1.00e-19 0.67846
63371 72.27 65.14 1.03e-19 0.67690
63101 -146.50 74.10 7.45e-20 0.68978
63107 41.70 76.00 1.18e-19 0.65254
63968 -159.50 80.00 9.02e-20 0.68373
64343 9.65 55.86 1.08e-19 0.67312
63365 76.09 66.19 1.02e-19 0.67721
64247 33.10 47.99 8.69e-20 0.68521
64340 4.38 55.44 1.06e-19 0.67433
64244 28.75 48.86 9.06e-20 0.68363
64238 19.66 49.87 9.48e-20 0.68151
64346 15.00 56.00 1.08e-19 0.67268
64241 24.26 49.49 9.32e-20 0.68235
64268 -8.62 49.77 8.95e-20 0.68406
64271 -4.25 50.90 9.41e-20 0.68179
64274 0.34 51.81 9.78e-20 0.68000
64277 5.12 52.47 1.00e-19 0.67854
65264 -76.74 62.99 7.44e-20 0.68989
65261 -77.40 59.97 6.62e-20 0.69243
65258 101.35 59.93 7.06e-20 0.69100
65324 -83.42 59.64 6.11e-20 0.69402
65321 107.40 59.97 6.62e-20 0.69243
65318 106.74 62.99 7.44e-20 0.68989
64145 -154.30 74.50 7.49e-20 0.68967
65189 93.62 62.41 8.26e-20 0.68680
65195 -71.35 59.93 7.06e-20 0.69100
64139 -154.30 76.50 8.07e-20 0.68761
65441 -105.01 72.61 8.23e-20 0.68703
65438 -101.49 69.80 7.68e-20 0.68899
65444 -110.04 75.29 8.69e-20 0.68516
65447 -117.41 77.77 9.06e-20 0.68361
63341 89.39 68.69 9.85e-20 0.67959
63347 84.65 67.98 1.00e-19 0.67862
65018 -45.03 65.56 1.02e-19 0.67748
65027 -40.62 68.01 1.08e-19 0.67309
65159 -8.31 82.40 1.18e-19 0.65747
63239 -16.23 58.68 1.06e-19 0.67476
63245 -13.89 57.20 1.04e-19 0.67592
65165 38.31 82.40 1.18e-19 0.65747
63419 50.72 54.13 9.41e-20 0.68193
64943 59.72 63.95 1.08e-19 0.67311
64946 64.39 61.83 1.02e-19 0.67749
64847 -30.17 59.65 1.00e-19 0.67849
65141 -58.92 68.10 9.77e-20 0.67995
65138 -61.49 65.27 9.06e-20 0.68354
64838 67.39 50.87 7.42e-20 0.69004
64841 -37.82 55.26 8.52e-20 0.68579
64844 -34.24 57.52 9.32e-20 0.68231
64478 8.63 61.84 1.16e-19 0.66308
64481 15.00 62.00 1.16e-19 0.66235
64484 21.37 61.84 1.16e-19 0.66308
64487 27.59 61.35 1.15e-19 0.66503
64421 26.51 58.40 1.11e-19 0.66980
64424 32.00 57.66 1.09e-19 0.67204
64853 -20.33 63.41 1.11e-19 0.66978
64850 -25.56 61.63 1.06e-19 0.67434
64856 -14.43 64.97 1.15e-19 0.66504
63143 -74.98 69.92 9.15e-20 0.68319
64307 50.22 45.15 7.05e-20 0.69103
64298 38.62 49.77 8.95e-20 0.68406
64301 42.75 48.42 8.39e-20 0.68634
64304 46.62 46.88 7.75e-20 0.68882
64874 30.65 67.20 1.18e-19 0.65544
64868 15.00 68.00 1.18e-19 0.65010
64871 22.96 67.80 1.18e-19 0.65166
64877 37.85 66.25 1.17e-19 0.66015
64022 20.50 86.00 1.16e-19 0.66239
64025 20.50 84.00 1.18e-19 0.65857
64397 -16.66 53.94 9.59e-20 0.68104
64019 20.50 88.00 1.14e-19 0.66602
64394 -20.85 52.27 8.95e-20 0.68404
64388 -28.18 48.44 7.44e-20 0.68990
64391 -24.68 50.43 8.23e-20 0.68703
64214 32.11 45.05 7.90e-20 0.68827
64097 -154.30 89.50 1.11e-19 0.67026
64211 27.99 45.89 8.26e-20 0.68679
65219 -52.04 80.22 1.13e-19 0.66788
64217 -11.20 45.58 7.67e-20 0.68892
65222 -41.87 82.83 1.15e-19 0.66503
64427 37.23 56.66 1.06e-19 0.67484
64199 10.61 46.88 8.69e-20 0.68527
64202 15.00 47.00 8.74e-20 0.68495
64205 19.39 46.88 8.69e-20 0.68527
64976 -5.87 72.94 1.18e-19 0.65009
64973 -14.88 71.70 1.18e-19 0.65647
64970 -22.64 70.09 1.16e-19 0.66233
65450 -128.42 79.90 9.32e-20 0.68234
65453 -144.45 81.43 9.48e-20 0.68160
65162 15.00 83.00 1.18e-19 0.65647
63203 -31.27 65.14 1.09e-19 0.67232
65279 -71.91 77.98 1.06e-19 0.67481
65285 -66.36 83.93 1.11e-19 0.66978
65282 -69.91 80.96 1.09e-19 0.67204
65471 135.01 72.61 8.23e-20 0.68703
65468 140.04 75.29 8.69e-20 0.68516
65474 131.49 69.80 7.68e-20 0.68899
65477 -118.54 73.33 7.90e-20 0.68819
62993 15.00 -90.00 -7.00e-20 -0.07002
64940 54.30 65.88 1.13e-19 0.66827
65099 -1.81 79.57 1.18e-19 0.65166
65105 31.81 79.57 1.18e-19 0.65166
65102 15.00 80.00 1.18e-19 0.65010
64688 60.98 50.85 7.90e-20 0.68816
65405 -115.34 82.12 1.00e-19 0.67851
65402 -105.13 79.58 9.78e-20 0.67999
65399 -99.24 76.82 9.41e-20 0.68189
63269 -6.11 50.90 9.34e-20 0.68218
63275 -4.48 49.24 8.98e-20 0.68389
64037 20.50 76.00 1.16e-19 0.64189
64034 20.50 78.00 1.17e-19 0.64605
64028 20.50 82.00 1.18e-19 0.65455
64031 20.50 80.00 1.18e-19 0.65036
64916 -10.90 69.01 1.18e-19 0.65747
64793 -11.53 62.26 1.13e-19 0.66791
64790 -17.07 60.82 1.09e-19 0.67201
64910 -24.30 65.88 1.13e-19 0.66827
64913 -18.05 67.59 1.16e-19 0.66306
64796 -5.47 63.42 1.16e-19 0.66378
65144 -55.70 70.89 1.04e-19 0.67615
64430 42.12 55.41 1.01e-19 0.67789
64433 46.66 53.94 9.59e-20 0.68104
64349 20.35 55.86 1.08e-19 0.67312
64352 25.62 55.44 1.06e-19 0.67433
64355 30.72 54.74 1.04e-19 0.67607
63383 65.50 62.76 1.03e-19 0.67683
63113 -138.30 76.00 8.12e-20 0.68740
64436 50.85 52.27 8.95e-20 0.68404
64334 -5.61 53.80 1.00e-19 0.67846
65504 -141.78 74.62 7.67e-20 0.68890
64331 -10.23 52.61 9.59e-20 0.68095
64328 -14.55 51.21 9.04e-20 0.68371
64169 15.00 41.00 7.00e-20 0.69126
64172 18.97 40.88 6.95e-20 0.69139
64175 6.71 43.52 7.68e-20 0.68909
64337 -0.72 54.74 1.04e-19 0.67607
64814 35.47 63.42 1.16e-19 0.66378
65147 -51.53 73.61 1.09e-19 0.67206
65249 96.90 68.78 9.41e-20 0.68190
64085 20.50 46.00 8.43e-20 0.68622
65336 -84.03 71.77 9.04e-20 0.68374
65252 98.64 65.84 8.69e-20 0.68513
65255 100.10 62.89 7.90e-20 0.68814
65330 -83.40 65.72 7.68e-20 0.68897
65333 -83.60 68.75 8.39e-20 0.68640
64418 20.81 58.85 1.13e-19 0.66829
64133 -154.30 79.50 8.91e-20 0.68423
65186 91.49 65.27 9.06e-20 0.68354
64136 -154.30 78.50 8.63e-20 0.68540
65183 88.92 68.10 9.77e-20 0.67995
65180 85.70 70.89 1.04e-19 0.67615
65192 95.42 59.53 7.42e-20 0.68986
65414 164.13 84.15 1.02e-19 0.67759
65432 121.61 68.04 7.75e-20 0.68873
65435 120.51 65.03 7.05e-20 0.69102
63263 -7.85 52.53 9.67e-20 0.68051
65429 123.21 71.02 8.39e-20 0.68646
65408 -134.13 84.15 1.02e-19 0.67759
63317 110.50 70.00 8.85e-20 0.68447
63311 115.98 69.92 8.52e-20 0.68593
65009 76.59 58.92 8.74e-20 0.68486
65015 -48.69 63.02 9.48e-20 0.68160
65012 -51.77 60.39 8.68e-20 0.68512
65528 -165.00 70.00 6.11e-20 0.69394
65531 -165.00 67.00 5.23e-20 0.69636
63413 52.73 55.69 9.65e-20 0.68070
64955 -46.59 58.92 8.74e-20 0.68486
64949 68.43 59.57 9.48e-20 0.68149
65111 57.58 76.63 1.17e-19 0.66014
65168 55.98 80.83 1.17e-19 0.66014
65108 46.27 78.38 1.18e-19 0.65544
65114 66.13 74.51 1.15e-19 0.66502
65117 72.61 72.15 1.11e-19 0.66978
64862 -0.65 67.20 1.18e-19 0.65544
64835 64.18 53.14 8.26e-20 0.68695
65456 -165.00 82.00 9.53e-20 0.68127
64469 -9.17 59.48 1.10e-19 0.67124
64475 2.41 61.35 1.15e-19 0.66503
64472 -3.56 60.56 1.13e-19 0.66790
65513 -177.19 75.64 7.83e-20 0.68836
65510 -165.00 76.00 7.89e-20 0.68827
65516 171.78 74.62 7.67e-20 0.68890
64451 -34.20 48.66 7.06e-20 0.69101
64454 -30.98 50.85 7.90e-20 0.68816
63905 -159.50 78.00 8.47e-20 0.68606
64289 24.88 52.47 1.00e-19 0.67854
64295 34.25 50.90 9.41e-20 0.68179
64292 29.66 51.81 9.78e-20 0.68000
64883 50.33 63.41 1.11e-19 0.66978
64880 44.43 64.97 1.15e-19 0.66504
65498 156.21 75.54 8.26e-20 0.68687
63584 -159.50 72.00 6.71e-20 0.69215
64886 55.56 61.63 1.06e-19 0.67434
64406 -2.00 57.66 1.09e-19 0.67204
65378 113.40 65.72 7.68e-20 0.68897
64403 -7.23 56.66 1.06e-19 0.67484
64400 -12.12 55.41 1.01e-19 0.67789
64223 -3.10 47.99 8.69e-20 0.68521
64220 -7.26 46.89 8.23e-20 0.68696
64118 -154.30 82.50 9.68e-20 0.68050
64121 -154.30 81.50 9.43e-20 0.68178
64226 1.25 48.86 9.06e-20 0.68363
64124 -154.30 80.50 9.17e-20 0.68303
63161 -58.62 69.66 1.01e-19 0.67832
