65006 73.24 61.42 1.03e-19 0.73421
65000 64.69 66.09 1.18e-19 0.73337
65003 69.32 63.82 1.11e-19 0.73390
63197 -35.09 66.19 1.18e-19 0.73337
64142 -154.30 75.50 8.30e-20 0.73433
63191 -39.22 67.15 1.17e-19 0.73353
65213 -57.99 77.44 1.20e-19 0.73322
65210 -61.92 74.59 1.15e-19 0.73365
65294 86.94 86.84 1.24e-19 0.73281
65291 15.00 89.00 1.24e-19 0.73272
65288 -56.94 86.84 1.24e-19 0.73281
65075 -57.47 61.57 9.13e-20 0.73440
62987 15.00 -74.00 -3.98e-20 -0.03985
65072 81.77 60.39 9.31e-20 0.73431
65486 -149.69 78.56 9.31e-20 0.73427
65069 78.69 63.02 1.02e-19 0.73432
65420 135.13 79.58 1.06e-19 0.73416
62981 15.00 -90.00 -8.78e-20 -0.08777
65483 -136.50 77.35 9.13e-20 0.73446
65156 -25.98 80.83 1.30e-19 0.73146
65426 125.59 73.95 9.61e-20 0.73437
65480 -126.21 75.54 8.83e-20 0.73437
63281 -2.95 47.55 9.18e-20 0.73431
63287 -1.51 45.84 8.70e-20 0.73444
65150 -45.89 76.23 1.24e-19 0.73273
65390 -91.61 68.04 8.27e-20 0.73430
63227 -18.77 60.10 1.17e-19 0.73354
65393 -93.21 71.02 8.98e-20 0.73448
65396 -95.59 73.95 9.61e-20 0.73437
63221 -21.51 61.46 1.18e-19 0.73342
63443 45.48 49.24 9.07e-20 0.73433
64046 20.50 70.00 1.32e-19 0.72874
64082 20.50 48.00 9.64e-20 0.73435
64043 20.50 72.00 1.31e-19 0.72782
64040 20.50 74.00 1.30e-19 0.72725
64781 -30.59 55.29 9.73e-20 0.73429
64778 -34.18 53.14 8.83e-20 0.73446
64784 -26.57 57.31 1.06e-19 0.73414
64079 20.50 50.00 1.02e-19 0.73424
64787 -22.08 59.16 1.13e-19 0.73372
64919 -2.88 70.09 1.32e-19 0.72984
64925 15.00 71.00 1.32e-19 0.72805
64922 5.86 70.77 1.32e-19 0.72869
64439 54.68 50.43 8.79e-20 0.73439
64445 61.37 46.31 7.02e-20 0.73402
64442 58.18 48.44 7.92e-20 0.73436
63119 -95.35 67.98 8.02e-20 0.73427
63125 -90.61 68.69 8.51e-20 0.73446
63377 68.74 63.99 1.12e-19 0.73386
64544 53.49 54.84 1.01e-19 0.73421
64187 23.29 43.52 8.18e-20 0.73439
64325 -18.58 49.61 8.98e-20 0.73436
63776 -159.50 74.00 7.77e-20 0.73423
64181 15.00 44.00 8.41e-20 0.73434
64178 10.84 43.88 8.36e-20 0.73437
64184 19.16 43.88 8.36e-20 0.73437
64013 -159.50 88.00 1.18e-19 0.73341
64250 37.26 46.89 8.79e-20 0.73431
64253 41.20 45.58 8.18e-20 0.73420
64073 20.50 54.00 1.13e-19 0.73378
64070 20.50 56.00 1.18e-19 0.73344
65246 94.74 71.70 1.09e-19 0.73405
65492 179.69 78.56 9.31e-20 0.73427
65243 91.92 74.59 1.15e-19 0.73365
65495 166.50 77.35 9.13e-20 0.73446
64076 20.50 52.00 1.08e-19 0.73405
65240 87.99 77.44 1.20e-19 0.73322
64208 23.74 46.51 9.13e-20 0.73449
64457 -27.42 52.92 9.31e-20 0.73438
65177 81.53 73.61 1.19e-19 0.73333
64166 11.03 40.88 7.38e-20 0.73410
64163 15.00 38.00 6.46e-20 0.73377
65171 67.87 78.68 1.27e-19 0.73209
64094 20.50 40.00 7.07e-20 0.73402
65174 75.89 76.23 1.24e-19 0.73273
64160 15.00 35.00 5.51e-20 0.73323
65387 -90.51 65.03 7.49e-20 0.73408
63257 -9.72 54.13 1.08e-19 0.73410
65297 96.36 83.93 1.22e-19 0.73302
63251 -11.73 55.69 1.11e-19 0.73398
65381 113.36 62.69 7.33e-20 0.73420
65384 113.42 59.64 6.46e-20 0.73385
65357 139.00 86.38 1.18e-19 0.73345
65348 -94.24 83.64 1.16e-19 0.73358
65351 -109.00 86.38 1.18e-19 0.73345
64091 20.50 42.00 7.73e-20 0.73422
65354 -165.00 88.00 1.18e-19 0.73341
63179 -48.39 68.69 1.14e-19 0.73377
63185 -43.65 67.98 1.16e-19 0.73362
63323 105.02 69.92 9.84e-20 0.73440
65342 -86.22 77.76 1.09e-19 0.73399
65345 -88.82 80.73 1.13e-19 0.73380
65339 -84.82 74.77 1.03e-19 0.73418
65045 15.00 77.00 1.32e-19 0.72805
65042 1.88 76.67 1.32e-19 0.72869
65039 -10.07 75.72 1.32e-19 0.72984
63407 54.89 57.20 1.06e-19 0.73405
65423 129.24 76.82 1.01e-19 0.73427
64823 52.08 59.16 1.13e-19 0.73372
65489 -165.00 79.00 9.37e-20 0.73437
64820 47.07 60.82 1.19e-19 0.73327
64967 -29.19 68.20 1.24e-19 0.73270
64964 -34.69 66.09 1.18e-19 0.73337
63401 57.23 58.68 1.08e-19 0.73410
63095 40.40 47.00 8.67e-20 0.73437
64961 -39.32 63.82 1.11e-19 0.73390
64958 -43.24 61.42 1.03e-19 0.73421
64826 56.57 57.31 1.06e-19 0.73414
65063 70.62 68.01 1.18e-19 0.73345
65126 84.80 64.32 1.00e-19 0.73433
65060 65.21 70.32 1.24e-19 0.73283
65123 81.58 67.01 1.09e-19 0.73400
65066 75.03 65.56 1.10e-19 0.73390
65120 77.61 69.63 1.16e-19 0.73358
64592 57.42 52.92 9.31e-20 0.73438
64499 49.14 56.59 1.09e-19 0.73397
65519 -154.87 72.69 7.38e-20 0.73397
65522 -165.00 73.00 7.43e-20 0.73414
65525 -175.13 72.69 7.38e-20 0.73397
63293 -0.15 44.10 8.19e-20 0.73438
64055 20.50 64.00 1.30e-19 0.73123
64052 20.50 66.00 1.32e-19 0.73047
64466 -14.37 58.15 1.15e-19 0.73367
64049 20.50 68.00 1.32e-19 0.72964
64463 -19.14 56.59 1.09e-19 0.73397
64460 -23.49 54.84 1.01e-19 0.73421
64889 60.17 59.65 1.09e-19 0.73404
64895 67.82 55.26 9.13e-20 0.73433
64892 64.24 57.52 1.00e-19 0.73427
65225 -22.03 85.01 1.28e-19 0.73200
64376 58.87 43.83 6.46e-20 0.73386
64004 -159.50 82.00 1.03e-19 0.73423
64370 52.30 47.83 8.18e-20 0.73414
64007 -159.50 84.00 1.08e-19 0.73403
64373 55.72 45.90 7.33e-20 0.73406
64229 5.74 49.49 1.00e-19 0.73432
64235 15.00 50.00 1.03e-19 0.73423
64232 10.34 49.87 1.02e-19 0.73421
64109 -154.30 85.50 1.12e-19 0.73383
64115 -154.30 83.50 1.07e-19 0.73408
64112 -154.30 84.50 1.10e-19 0.73397
63809 -159.50 76.00 8.43e-20 0.73434
64283 15.00 53.00 1.11e-19 0.73391
64280 10.03 52.87 1.10e-19 0.73402
64286 19.97 52.87 1.10e-19 0.73402
65312 105.25 69.00 9.61e-20 0.73435
65315 106.03 66.00 8.79e-20 0.73446
65309 104.36 72.00 1.03e-19 0.73422
65306 103.29 74.99 1.10e-19 0.73394
65198 -70.10 62.89 8.43e-20 0.73425
65201 -68.64 65.84 9.31e-20 0.73433
65204 -66.90 68.78 1.01e-19 0.73429
65207 -64.74 71.70 1.09e-19 0.73405
65300 99.91 80.96 1.19e-19 0.73330
65303 101.91 77.98 1.15e-19 0.73365
65078 -54.80 64.32 1.00e-19 0.73433
65081 -51.58 67.01 1.09e-19 0.73400
65411 -165.00 85.00 1.11e-19 0.73391
65084 -47.61 69.63 1.16e-19 0.73358
65087 -42.61 72.15 1.22e-19 0.73301
64859 -7.85 66.25 1.30e-19 0.73148
64865 7.04 67.80 1.32e-19 0.72984
65417 145.34 82.12 1.09e-19 0.73406
63329 99.62 69.66 1.01e-19 0.73422
63335 94.39 69.25 1.04e-19 0.73419
63449 43.95 47.55 8.64e-20 0.73429
63455 42.51 45.84 8.19e-20 0.73438
64994 52.64 70.09 1.28e-19 0.73183
64988 35.87 72.94 1.32e-19 0.72952
64991 44.88 71.70 1.31e-19 0.73079
63215 -24.50 62.76 1.19e-19 0.73333
65153 -37.87 78.68 1.27e-19 0.73209
64997 59.19 68.20 1.24e-19 0.73270
63209 -27.74 63.99 1.19e-19 0.73334
64934 40.90 69.01 1.31e-19 0.73096
64016 14.04 90.00 1.22e-19 0.73297
64931 32.88 70.09 1.32e-19 0.72984
63431 48.85 52.53 9.81e-20 0.73430
64928 24.14 70.77 1.32e-19 0.72869
64010 -159.50 86.00 1.14e-19 0.73376
63473 -159.50 70.00 6.47e-20 0.73378
64937 48.05 67.59 1.28e-19 0.73197
63437 47.11 50.90 9.46e-20 0.73431
65132 -65.42 59.53 7.89e-20 0.73422
65135 -63.62 62.41 8.83e-20 0.73429
65129 87.47 61.57 9.13e-20 0.73440
64772 64.20 48.66 7.50e-20 0.73411
64775 -37.39 50.87 7.90e-20 0.73441
64415 15.00 59.00 1.24e-19 0.73272
64412 9.19 58.85 1.24e-19 0.73282
64409 3.49 58.40 1.22e-19 0.73303
63137 -80.38 69.66 9.42e-20 0.73427
63131 -85.61 69.25 8.98e-20 0.73434
64316 -22.30 47.83 8.18e-20 0.73414
64313 -25.72 45.90 7.33e-20 0.73406
64310 -28.87 43.83 6.46e-20 0.73386
63155 -64.02 69.92 1.06e-19 0.73420
63149 -69.50 70.00 1.02e-19 0.73424
64259 -20.22 45.15 7.49e-20 0.73409
64265 -12.75 48.42 8.98e-20 0.73435
64262 -16.62 46.88 8.27e-20 0.73440
65327 -83.36 62.69 7.33e-20 0.73420
57281 15.00 -74.00 -3.98e-20 -0.03985
64100 -154.30 88.50 1.19e-19 0.73330
64103 -154.30 87.50 1.17e-19 0.73350
65237 82.04 80.22 1.24e-19 0.73274
65234 71.87 82.83 1.27e-19 0.73230
64106 -154.30 86.50 1.15e-19 0.73367
65231 52.03 85.01 1.28e-19 0.73200
65228 15.00 86.00 1.28e-19 0.73185
65267 -76.03 66.00 8.79e-20 0.73446
64088 20.50 44.00 8.38e-20 0.73434
64193 2.01 45.89 8.83e-20 0.73428
64190 -2.11 45.05 8.43e-20 0.73439
64157 -154.30 77.50 8.94e-20 0.73438
64154 -154.30 71.50 6.99e-20 0.73399
64151 -154.30 72.50 7.32e-20 0.73410
64148 -154.30 73.50 7.65e-20 0.73420
64196 6.26 46.51 9.13e-20 0.73449
64982 15.00 74.00 1.29e-19 0.72637
64985 25.77 73.73 1.32e-19 0.72806
65369 114.82 74.77 1.03e-19 0.73418
64979 4.23 73.73 1.32e-19 0.72806
65375 113.60 68.75 8.98e-20 0.73441
65372 114.03 71.77 9.71e-20 0.73442
65366 116.22 77.76 1.09e-19 0.73399
65360 124.24 83.64 1.16e-19 0.73358
65363 118.82 80.73 1.13e-19 0.73380
65459 174.45 81.43 1.02e-19 0.73431
65462 158.42 79.90 1.00e-19 0.73430
65465 147.41 77.77 9.73e-20 0.73438
63173 -53.39 69.25 1.12e-19 0.73388
65036 -20.23 74.26 1.31e-19 0.73097
65270 -75.25 69.00 9.61e-20 0.73435
65273 -74.36 72.00 1.03e-19 0.73422
64952 71.94 57.20 9.31e-20 0.73435
65276 -73.29 74.99 1.10e-19 0.73394
65030 -35.21 70.32 1.24e-19 0.73283
65033 -28.52 72.43 1.28e-19 0.73199
64808 22.07 64.82 1.31e-19 0.73097
64811 28.94 64.29 1.30e-19 0.73148
65501 148.54 73.33 8.43e-20 0.73430
63353 80.22 67.15 1.10e-19 0.73401
64817 41.53 62.26 1.24e-19 0.73278
63005 15.00 -90.00 -8.78e-20 -0.08777
63389 62.51 61.46 1.11e-19 0.73389
62999 15.00 -74.00 -3.98e-20 -0.03985
63395 59.77 60.10 1.10e-19 0.73397
65507 -152.81 75.64 8.35e-20 0.73422
65054 50.23 74.26 1.31e-19 0.73097
65096 -16.27 78.38 1.32e-19 0.73059
65051 40.07 75.72 1.32e-19 0.72984
65048 28.12 76.67 1.32e-19 0.72869
65090 -36.13 74.51 1.27e-19 0.73229
65093 -27.58 76.63 1.30e-19 0.73146
65057 58.52 72.43 1.28e-19 0.73199
64496 44.37 58.15 1.15e-19 0.73367
64490 33.56 60.56 1.24e-19 0.73277
64493 39.17 59.48 1.20e-19 0.73321
63017 15.00 -90.00 -8.78e-20 -0.08777
63305 121.38 69.66 8.72e-20 0.73426
63011 15.00 -74.00 -3.98e-20 -0.03985
63299 126.61 69.25 8.30e-20 0.73428
64058 20.50 62.00 1.28e-19 0.73190
64061 20.50 60.00 1.25e-19 0.73250
64067 20.50 58.00 1.22e-19 0.73301
64802 7.93 64.82 1.31e-19 0.73097
64805 15.00 65.00 1.31e-19 0.73078
64799 1.06 64.29 1.30e-19 0.73148
64907 -29.72 63.95 1.18e-19 0.73347
64904 -34.39 61.83 1.10e-19 0.73391
64898 -41.94 57.20 9.31e-20 0.73435
64901 -38.43 59.57 1.02e-19 0.73419
64829 60.59 55.29 9.73e-20 0.73429
64379 -31.37 46.31 7.02e-20 0.73402
64367 48.58 49.61 8.98e-20 0.73436
64364 44.55 51.21 9.70e-20 0.73439
64361 40.23 52.61 1.03e-19 0.73419
64358 35.61 53.80 1.09e-19 0.73408
63371 72.27 65.14 1.12e-19 0.73388
63101 -146.50 74.10 7.93e-20 0.73426
63107 41.70 76.00 1.32e-19 0.73002
63968 -159.50 80.00 9.69e-20 0.73434
64343 9.65 55.86 1.18e-19 0.73348
63365 76.09 66.19 1.11e-19 0.73386
64247 33.10 47.99 9.31e-20 0.73443
64340 4.38 55.44 1.16e-19 0.73365
64244 28.75 48.86 9.73e-20 0.73441
64238 19.66 49.87 1.02e-19 0.73421
64346 15.00 56.00 1.18e-19 0.73341
64241 24.26 49.49 1.00e-19 0.73432
64268 -8.62 49.77 9.61e-20 0.73437
64271 -4.25 50.90 1.01e-19 0.73417
64274 0.34 51.81 1.06e-19 0.73417
64277 5.12 52.47 1.09e-19 0.73410
65264 -76.74 62.99 7.92e-20 0.73435
65261 -77.40 59.97 7.02e-20 0.73401
65258 101.35 59.93 7.50e-20 0.73410
65324 -83.42 59.64 6.46e-20 0.73385
65321 107.40 59.97 7.02e-20 0.73401
65318 106.74 62.99 7.92e-20 0.73435
64145 -154.30 74.50 7.97e-20 0.73427
65189 93.62 62.41 8.83e-20 0.73429
65195 -71.35 59.93 7.50e-20 0.73410
64139 -154.30 76.50 8.62e-20 0.73436
65441 -105.01 72.61 8.79e-20 0.73440
65438 -101.49 69.80 8.18e-20 0.73428
65444 -110.04 75.29 9.31e-20 0.73437
65447 -117.41 77.77 9.73e-20 0.73438
63341 89.39 68.69 1.06e-19 0.73415
63347 84.65 67.98 1.08e-19 0.73405
65018 -45.03 65.56 1.10e-19 0.73390
65027 -40.62 68.01 1.18e-19 0.73345
65159 -8.31 82.40 1.31e-19 0.73097
63239 -16.23 58.68 1.15e-19 0.73371
63245 -13.89 57.20 1.13e-19 0.73373
65165 38.31 82.40 1.31e-19 0.73097
63419 50.72 54.13 1.01e-19 0.73431
64943 59.72 63.95 1.18e-19 0.73347
64946 64.39 61.83 1.10e-19 0.73391
64847 -30.17 59.65 1.09e-19 0.73404
65141 -58.92 68.10 1.06e-19 0.73411
65138 -61.49 65.27 9.73e-20 0.73431
64838 67.39 50.87 7.90e-20 0.73441
64841 -37.82 55.26 9.13e-20 0.73433
64844 -34.24 57.52 1.00e-19 0.73427
64478 8.63 61.84 1.28e-19 0.73200
64481 15.00 62.00 1.28e-19 0.73185
64484 21.37 61.84 1.28e-19 0.73200
64487 27.59 61.35 1.27e-19 0.73230
64421 26.51 58.40 1.22e-19 0.73303
64424 32.00 57.66 1.19e-19 0.73331
64853 -20.33 63.41 1.22e-19 0.73300
64850 -25.56 61.63 1.16e-19 0.73366
64856 -14.43 64.97 1.27e-19 0.73232
63143 -74.98 69.92 9.84e-20 0.73440
64307 50.22 45.15 7.49e-20 0.73409
64298 38.62 49.77 9.61e-20 0.73437
64301 42.75 48.42 8.98e-20 0.73435
64304 46.62 46.88 8.27e-20 0.73440
64874 30.65 67.20 1.32e-19 0.73058
64868 15.00 68.00 1.32e-19 0.72952
64871 22.96 67.80 1.32e-19 0.72984
64877 37.85 66.25 1.30e-19 0.73148
64022 20.50 86.00 1.28e-19 0.73186
64025 20.50 84.00 1.30e-19 0.73118
64397 -16.66 53.94 1.03e-19 0.73429
64019 20.50 88.00 1.26e-19 0.73246
64394 -20.85 52.27 9.61e-20 0.73435
64388 -28.18 48.44 7.92e-20 0.73436
64391 -24.68 50.43 8.79e-20 0.73439
64214 32.11 45.05 8.43e-20 0.73439
64097 -154.30 89.50 1.21e-19 0.73309
64211 27.99 45.89 8.83e-20 0.73428
65219 -52.04 80.22 1.24e-19 0.73274
64217 -11.20 45.58 8.18e-20 0.73420
65222 -41.87 82.83 1.27e-19 0.73230
64427 37.23 56.66 1.15e-19 0.73369
64199 10.61 46.88 9.31e-20 0.73448
64202 15.00 47.00 9.37e-20 0.73437
64205 19.39 46.88 9.31e-20 0.73448
64976 -5.87 72.94 1.32e-19 0.72952
64973 -14.88 71.70 1.31e-19 0.73079
64970 -22.64 70.09 1.28e-19 0.73183
65450 -128.42 79.90 1.00e-19 0.73430
65453 -144.45 81.43 1.02e-19 0.73431
65162 15.00 83.00 1.31e-19 0.73078
63203 -31.27 65.14 1.19e-19 0.73336
65279 -71.91 77.98 1.15e-19 0.73365
65285 -66.36 83.93 1.22e-19 0.73302
65282 -69.91 80.96 1.19e-19 0.73330
65471 135.01 72.61 8.79e-20 0.73440
65468 140.04 75.29 9.31e-20 0.73437
65474 131.49 69.80 8.18e-20 0.73428
65477 -118.54 73.33 8.43e-20 0.73430
62993 15.00 -90.00 -8.78e-20 -0.08777
64940 54.30 65.88 1.24e-19 0.73279
65099 -1.81 79.57 1.32e-19 0.72984
65105 31.81 79.57 1.32e-19 0.72984
65102 15.00 80.00 1.32e-19 0.72952
64688 60.98 50.85 8.43e-20 0.73427
65405 -115.34 82.12 1.09e-19 0.73406
65402 -105.13 79.58 1.06e-19 0.73416
65399 -99.24 76.82 1.01e-19 0.73427
63269 -6.11 50.90 1.01e-19 0.73423
63275 -4.48 49.24 9.64e-20 0.73431
64037 20.50 76.00 1.31e-19 0.72776
64034 20.50 78.00 1.32e-19 0.72867
64028 20.50 82.00 1.32e-19 0.73042
64031 20.50 80.00 1.32e-19 0.72958
64916 -10.90 69.01 1.31e-19 0.73096
64793 -11.53 62.26 1.24e-19 0.73278
64790 -17.07 60.82 1.19e-19 0.73327
64910 -24.30 65.88 1.24e-19 0.73279
64913 -18.05 67.59 1.28e-19 0.73197
64796 -5.47 63.42 1.27e-19 0.73208
65144 -55.70 70.89 1.13e-19 0.73383
64430 42.12 55.41 1.10e-19 0.73401
64433 46.66 53.94 1.03e-19 0.73429
64349 20.35 55.86 1.18e-19 0.73348
64352 25.62 55.44 1.16e-19 0.73365
64355 30.72 54.74 1.13e-19 0.73374
63383 65.50 62.76 1.12e-19 0.73383
63113 -138.30 76.00 8.68e-20 0.73437
64436 50.85 52.27 9.61e-20 0.73435
64334 -5.61 53.80 1.09e-19 0.73408
65504 -141.78 74.62 8.18e-20 0.73418
64331 -10.23 52.61 1.03e-19 0.73419
64328 -14.55 51.21 9.70e-20 0.73439
64169 15.00 41.00 7.43e-20 0.73414
64172 18.97 40.88 7.38e-20 0.73410
64175 6.71 43.52 8.18e-20 0.73439
64337 -0.72 54.74 1.13e-19 0.73374
64814 35.47 63.42 1.27e-19 0.73208
65147 -51.53 73.61 1.19e-19 0.73333
65249 96.90 68.78 1.01e-19 0.73429
64085 20.50 46.00 9.02e-20 0.73438
65336 -84.03 71.77 9.71e-20 0.73442
65252 98.64 65.84 9.31e-20 0.73433
65255 100.10 62.89 8.43e-20 0.73425
65330 -83.40 65.72 8.18e-20 0.73426
65333 -83.60 68.75 8.98e-20 0.73441
64418 20.81 58.85 1.24e-19 0.73282
64133 -154.30 79.50 9.56e-20 0.73436
65186 91.49 65.27 9.73e-20 0.73431
64136 -154.30 78.50 9.25e-20 0.73438
65183 88.92 68.10 1.06e-19 0.73411
65180 85.70 70.89 1.13e-19 0.73383
65192 95.42 59.53 7.89e-20 0.73422
65414 164.13 84.15 1.10e-19 0.73402
65432 121.61 68.04 8.27e-20 0.73430
65435 120.51 65.03 7.49e-20 0.73408
63263 -7.85 52.53 1.04e-19 0.73415
65429 123.21 71.02 8.98e-20 0.73448
65408 -134.13 84.15 1.10e-19 0.73402
63317 110.50 70.00 9.50e-20 0.73436
63311 115.98 69.92 9.13e-20 0.73448
65009 76.59 58.92 9.37e-20 0.73426
65015 -48.69 63.02 1.02e-19 0.73432
65012 -51.77 60.39 9.31e-20 0.73431
65528 -165.00 70.00 6.46e-20 0.73377
65531 -165.00 67.00 5.51e-20 0.73323
63413 52.73 55.69 1.04e-19 0.73425
64955 -46.59 58.92 9.37e-20 0.73426
64949 68.43 59.57 1.02e-19 0.73419
65111 57.58 76.63 1.30e-19 0.73146
65168 55.98 80.83 1.30e-19 0.73146
65108 46.27 78.38 1.32e-19 0.73059
65114 66.13 74.51 1.27e-19 0.73229
65117 72.61 72.15 1.22e-19 0.73301
64862 -0.65 67.20 1.32e-19 0.73058
64835 64.18 53.14 8.83e-20 0.73446
65456 -165.00 82.00 1.03e-19 0.73423
64469 -9.17 59.48 1.20e-19 0.73321
64475 2.41 61.35 1.27e-19 0.73230
64472 -3.56 60.56 1.24e-19 0.73277
65513 -177.19 75.64 8.35e-20 0.73422
65510 -165.00 76.00 8.41e-20 0.73434
65516 171.78 74.62 8.18e-20 0.73418
64451 -34.20 48.66 7.50e-20 0.73411
64454 -30.98 50.85 8.43e-20 0.73427
63905 -159.50 78.00 9.07e-20 0.73438
64289 24.88 52.47 1.09e-19 0.73410
64295 34.25 50.90 1.01e-19 0.73417
64292 29.66 51.81 1.06e-19 0.73417
64883 50.33 63.41 1.22e-19 0.73300
64880 44.43 64.97 1.27e-19 0.73232
65498 156.21 75.54 8.83e-20 0.73437
63584 -159.50 72.00 7.12e-20 0.73404
64886 55.56 61.63 1.16e-19 0.73366
64406 -2.00 57.66 1.19e-19 0.73331
65378 113.40 65.72 8.18e-20 0.73426
64403 -7.23 56.66 1.15e-19 0.73369
64400 -12.12 55.41 1.10e-19 0.73401
64223 -3.10 47.99 9.31e-20 0.73443
64220 -7.26 46.89 8.79e-20 0.73431
64118 -154.30 82.50 1.04e-19 0.73418
64121 -154.30 81.50 1.02e-19 0.73426
64226 1.25 48.86 9.73e-20 0.73441
64124 -154.30 80.50 9.86e-20 0.73432
63161 -58.62 69.66 1.09e-19 0.73399
