65006 73.24 61.42 1.28e-19 0.95403
65000 64.69 66.09 1.44e-19 0.95508
65003 69.32 63.82 1.37e-19 0.95826
63197 -35.09 66.19 1.44e-19 0.95515
64142 -154.30 75.50 1.06e-19 0.92141
63191 -39.22 67.15 1.43e-19 0.95616
65213 -57.99 77.44 1.45e-19 0.95272
65210 -61.92 74.59 1.41e-19 0.95748
65294 86.94 86.84 1.48e-19 0.94605
65291 15.00 89.00 1.49e-19 0.94462
65288 -56.94 86.84 1.48e-19 0.94605
65075 -57.47 61.57 1.16e-19 0.93854
62987 15.00 -74.00 2.14e-20 0.02143
65072 81.77 60.39 1.18e-19 0.94152
65486 -149.69 78.56 1.18e-19 0.94148
65069 78.69 63.02 1.28e-19 0.95356
65420 135.13 79.58 1.31e-19 0.95625
62981 15.00 -90.00 6.59e-20 0.06593
65483 -136.50 77.35 1.16e-19 0.93862
65156 -25.98 80.83 1.51e-19 0.91831
65426 125.59 73.95 1.21e-19 0.94621
65480 -126.21 75.54 1.12e-19 0.93296
63281 -2.95 47.55 1.16e-19 0.93942
63287 -1.51 45.84 1.11e-19 0.93039
65150 -45.89 76.23 1.48e-19 0.94499
65390 -91.61 68.04 1.05e-19 0.92073
63227 -18.77 60.10 1.43e-19 0.95642
65393 -93.21 71.02 1.14e-19 0.93588
65396 -95.59 73.95 1.21e-19 0.94621
63221 -21.51 61.46 1.44e-19 0.95540
63443 45.48 49.24 1.15e-19 0.93732
64046 20.50 70.00 1.46e-19 0.85179
64082 20.50 48.00 1.21e-19 0.94673
64043 20.50 72.00 1.43e-19 0.82882
64040 20.50 74.00 1.41e-19 0.81441
64781 -30.59 55.29 1.22e-19 0.94783
64778 -34.18 53.14 1.12e-19 0.93307
64784 -26.57 57.31 1.31e-19 0.95623
64079 20.50 50.00 1.28e-19 0.95375
64787 -22.08 59.16 1.39e-19 0.95809
64919 -2.88 70.09 1.49e-19 0.87940
64925 15.00 71.00 1.44e-19 0.83462
64922 5.86 70.77 1.46e-19 0.85057
64439 54.68 50.43 1.12e-19 0.93220
64445 61.37 46.31 9.02e-20 0.88661
64442 58.18 48.44 1.01e-19 0.91244
63119 -95.35 67.98 1.02e-19 0.91469
63125 -90.61 68.69 1.08e-19 0.92633
63377 68.74 63.99 1.38e-19 0.95827
64544 53.49 54.84 1.27e-19 0.95265
64187 23.29 43.52 1.04e-19 0.91879
64325 -18.58 49.61 1.14e-19 0.93575
63776 -159.50 74.00 9.95e-20 0.90843
64181 15.00 44.00 1.07e-19 0.92412
64178 10.84 43.88 1.06e-19 0.92283
64184 19.16 43.88 1.06e-19 0.92283
64013 -159.50 88.00 1.44e-19 0.95509
64250 37.26 46.89 1.12e-19 0.93210
64253 41.20 45.58 1.04e-19 0.91857
64073 20.50 54.00 1.39e-19 0.95811
64070 20.50 56.00 1.44e-19 0.95541
65246 94.74 71.70 1.35e-19 0.95783
65492 179.69 78.56 1.18e-19 0.94148
65243 91.92 74.59 1.41e-19 0.95748
65495 166.50 77.35 1.16e-19 0.93862
64076 20.50 52.00 1.34e-19 0.95755
65240 87.99 77.44 1.45e-19 0.95272
64208 23.74 46.51 1.16e-19 0.93865
64457 -27.42 52.92 1.18e-19 0.94168
65177 81.53 73.61 1.45e-19 0.95415
64166 11.03 40.88 9.46e-20 0.89737
64163 15.00 38.00 8.32e-20 0.86783
65171 67.87 78.68 1.51e-19 0.93224
64094 20.50 40.00 9.09e-20 0.88827
65174 75.89 76.23 1.48e-19 0.94499
64160 15.00 35.00 7.12e-20 0.83114
65387 -90.51 65.03 9.60e-20 0.90056
63257 -9.72 54.13 1.34e-19 0.95747
65297 96.36 83.93 1.47e-19 0.94972
63251 -11.73 55.69 1.37e-19 0.95829
65381 113.36 62.69 9.41e-20 0.89617
65384 113.42 59.64 8.32e-20 0.86793
65357 139.00 86.38 1.43e-19 0.95568
65348 -94.24 83.64 1.42e-19 0.95701
65351 -109.00 86.38 1.43e-19 0.95568
64091 20.50 42.00 9.89e-20 0.90721
65354 -165.00 88.00 1.44e-19 0.95511
63179 -48.39 68.69 1.40e-19 0.95798
63185 -43.65 67.98 1.42e-19 0.95714
63323 105.02 69.92 1.24e-19 0.94940
65342 -86.22 77.76 1.35e-19 0.95777
65345 -88.82 80.73 1.39e-19 0.95817
65339 -84.82 74.77 1.29e-19 0.95460
65045 15.00 77.00 1.44e-19 0.83462
65042 1.88 76.67 1.46e-19 0.85059
65039 -10.07 75.72 1.49e-19 0.87938
63407 54.89 57.20 1.32e-19 0.95673
65423 129.24 76.82 1.27e-19 0.95272
64823 52.08 59.16 1.39e-19 0.95809
65489 -165.00 79.00 1.18e-19 0.94259
64820 47.07 60.82 1.45e-19 0.95409
64967 -29.19 68.20 1.49e-19 0.94461
64964 -34.69 66.09 1.44e-19 0.95508
63401 57.23 58.68 1.34e-19 0.95776
63095 40.40 47.00 1.10e-19 0.92964
64961 -39.32 63.82 1.37e-19 0.95826
64958 -43.24 61.42 1.28e-19 0.95403
64826 56.57 57.31 1.31e-19 0.95623
65063 70.62 68.01 1.43e-19 0.95568
65126 84.80 64.32 1.26e-19 0.95164
65060 65.21 70.32 1.48e-19 0.94607
65123 81.58 67.01 1.35e-19 0.95773
65066 75.03 65.56 1.36e-19 0.95816
65120 77.61 69.63 1.42e-19 0.95702
64592 57.42 52.92 1.18e-19 0.94168
64499 49.14 56.59 1.35e-19 0.95774
65519 -154.87 72.69 9.46e-20 0.89722
65522 -165.00 73.00 9.53e-20 0.89903
65525 -175.13 72.69 9.46e-20 0.89722
63293 -0.15 44.10 1.05e-19 0.91905
64055 20.50 64.00 1.51e-19 0.91289
64052 20.50 66.00 1.51e-19 0.89488
64466 -14.37 58.15 1.41e-19 0.95749
64049 20.50 68.00 1.49e-19 0.87434
64463 -19.14 56.59 1.35e-19 0.95774
64460 -23.49 54.84 1.27e-19 0.95265
64889 60.17 59.65 1.35e-19 0.95777
64895 67.82 55.26 1.16e-19 0.93845
64892 64.24 57.52 1.26e-19 0.95157
65225 -22.03 85.01 1.51e-19 0.92960
64376 58.87 43.83 8.32e-20 0.86794
64004 -159.50 82.00 1.28e-19 0.95412
64370 52.30 47.83 1.04e-19 0.91850
64007 -159.50 84.00 1.34e-19 0.95770
64373 55.72 45.90 9.40e-20 0.89601
64229 5.74 49.49 1.26e-19 0.95163
64235 15.00 50.00 1.28e-19 0.95405
64232 10.34 49.87 1.28e-19 0.95344
64109 -154.30 85.50 1.38e-19 0.95824
64115 -154.30 83.50 1.33e-19 0.95719
64112 -154.30 84.50 1.36e-19 0.95811
63809 -159.50 76.00 1.07e-19 0.92437
64283 15.00 53.00 1.37e-19 0.95827
64280 10.03 52.87 1.36e-19 0.95828
64286 19.97 52.87 1.36e-19 0.95828
65312 105.25 69.00 1.21e-19 0.94618
65315 106.03 66.00 1.12e-19 0.93227
65309 104.36 72.00 1.29e-19 0.95464
65306 103.29 74.99 1.36e-19 0.95806
65198 -70.10 62.89 1.07e-19 0.92432
65201 -68.64 65.84 1.18e-19 0.94162
65204 -66.90 68.78 1.27e-19 0.95274
65207 -64.74 71.70 1.35e-19 0.95783
65300 99.91 80.96 1.45e-19 0.95412
65303 101.91 77.98 1.41e-19 0.95748
65078 -54.80 64.32 1.26e-19 0.95164
65081 -51.58 67.01 1.35e-19 0.95773
65411 -165.00 85.00 1.37e-19 0.95827
65084 -47.61 69.63 1.42e-19 0.95702
65087 -42.61 72.15 1.47e-19 0.94971
64859 -7.85 66.25 1.51e-19 0.91831
64865 7.04 67.80 1.49e-19 0.87938
65417 145.34 82.12 1.35e-19 0.95779
63329 99.62 69.66 1.27e-19 0.95274
63335 94.39 69.25 1.30e-19 0.95520
63449 43.95 47.55 1.10e-19 0.92897
63455 42.51 45.84 1.04e-19 0.91896
64994 52.64 70.09 1.51e-19 0.92695
64988 35.87 72.94 1.49e-19 0.87146
64991 44.88 71.70 1.51e-19 0.90243
63215 -24.50 62.76 1.44e-19 0.95465
65153 -37.87 78.68 1.51e-19 0.93224
64997 59.19 68.20 1.49e-19 0.94461
63209 -27.74 63.99 1.44e-19 0.95438
64934 40.90 69.01 1.51e-19 0.90694
64016 14.04 90.00 1.47e-19 0.94893
64931 32.88 70.09 1.49e-19 0.87940
63431 48.85 52.53 1.23e-19 0.94898
64928 24.14 70.77 1.46e-19 0.85057
64010 -159.50 86.00 1.40e-19 0.95803
63473 -159.50 70.00 8.34e-20 0.86831
64937 48.05 67.59 1.51e-19 0.92959
63437 47.11 50.90 1.19e-19 0.94391
65132 -65.42 59.53 1.01e-19 0.91153
65135 -63.62 62.41 1.12e-19 0.93288
65129 87.47 61.57 1.16e-19 0.93854
64772 64.20 48.66 9.62e-20 0.90097
64775 -37.39 50.87 1.01e-19 0.91176
64415 15.00 59.00 1.49e-19 0.94462
64412 9.19 58.85 1.48e-19 0.94606
64409 3.49 58.40 1.47e-19 0.94973
63137 -80.38 69.66 1.19e-19 0.94332
63131 -85.61 69.25 1.14e-19 0.93571
64316 -22.30 47.83 1.04e-19 0.91850
64313 -25.72 45.90 9.40e-20 0.89601
64310 -28.87 43.83 8.32e-20 0.86794
63155 -64.02 69.92 1.32e-19 0.95643
63149 -69.50 70.00 1.28e-19 0.95359
64259 -20.22 45.15 9.60e-20 0.90058
64265 -12.75 48.42 1.14e-19 0.93573
64262 -16.62 46.88 1.05e-19 0.92085
65327 -83.36 62.69 9.41e-20 0.89617
57281 15.00 -74.00 2.14e-20 0.02143
64100 -154.30 88.50 1.45e-19 0.95381
64103 -154.30 87.50 1.43e-19 0.95608
65237 82.04 80.22 1.48e-19 0.94500
65234 71.87 82.83 1.50e-19 0.93642
64106 -154.30 86.50 1.41e-19 0.95756
65231 52.03 85.01 1.51e-19 0.92960
65228 15.00 86.00 1.51e-19 0.92696
65267 -76.03 66.00 1.12e-19 0.93227
64088 20.50 44.00 1.07e-19 0.92335
64193 2.01 45.89 1.12e-19 0.93286
64190 -2.11 45.05 1.07e-19 0.92449
64157 -154.30 77.50 1.13e-19 0.93497
64154 -154.30 71.50 8.99e-20 0.88575
64151 -154.30 72.50 9.39e-20 0.89569
64148 -154.30 73.50 9.79e-20 0.90496
64196 6.26 46.51 1.16e-19 0.93865
64982 15.00 74.00 1.37e-19 0.79254
64985 25.77 73.73 1.44e-19 0.83463
65369 114.82 74.77 1.29e-19 0.95460
64979 4.23 73.73 1.44e-19 0.83463
65375 113.60 68.75 1.14e-19 0.93581
65372 114.03 71.77 1.22e-19 0.94766
65366 116.22 77.76 1.35e-19 0.95777
65360 124.24 83.64 1.42e-19 0.95701
65363 118.82 80.73 1.39e-19 0.95817
65459 174.45 81.43 1.28e-19 0.95356
65462 158.42 79.90 1.26e-19 0.95160
65465 147.41 77.77 1.22e-19 0.94793
63173 -53.39 69.25 1.38e-19 0.95828
65036 -20.23 74.26 1.51e-19 0.90694
65270 -75.25 69.00 1.21e-19 0.94618
65273 -74.36 72.00 1.29e-19 0.95464
64952 71.94 57.20 1.18e-19 0.94157
65276 -73.29 74.99 1.36e-19 0.95806
65030 -35.21 70.32 1.48e-19 0.94607
65033 -28.52 72.43 1.51e-19 0.92959
64808 22.07 64.82 1.51e-19 0.90693
64811 28.94 64.29 1.51e-19 0.91831
65501 148.54 73.33 1.07e-19 0.92438
63353 80.22 67.15 1.36e-19 0.95814
64817 41.53 62.26 1.48e-19 0.94503
63389 62.51 61.46 1.37e-19 0.95824
63395 59.77 60.10 1.36e-19 0.95812
65507 -152.81 75.64 1.06e-19 0.92265
65054 50.23 74.26 1.51e-19 0.90694
65096 -16.27 78.38 1.51e-19 0.89771
65051 40.07 75.72 1.49e-19 0.87938
65048 28.12 76.67 1.46e-19 0.85059
65090 -36.13 74.51 1.50e-19 0.93641
65093 -27.58 76.63 1.51e-19 0.91831
65057 58.52 72.43 1.51e-19 0.92959
64496 44.37 58.15 1.41e-19 0.95749
64490 33.56 60.56 1.48e-19 0.94502
64493 39.17 59.48 1.45e-19 0.95272
63305 121.38 69.66 1.11e-19 0.93068
63299 126.61 69.25 1.06e-19 0.92147
64058 20.50 62.00 1.51e-19 0.92810
64061 20.50 60.00 1.49e-19 0.94033
64067 20.50 58.00 1.47e-19 0.94946
64802 7.93 64.82 1.51e-19 0.90693
64805 15.00 65.00 1.51e-19 0.90243
64799 1.06 64.29 1.51e-19 0.91831
64907 -29.72 63.95 1.43e-19 0.95570
64904 -34.39 61.83 1.36e-19 0.95817
64898 -41.94 57.20 1.18e-19 0.94157
64901 -38.43 59.57 1.28e-19 0.95341
64829 60.59 55.29 1.22e-19 0.94783
64379 -31.37 46.31 9.02e-20 0.88661
64367 48.58 49.61 1.14e-19 0.93575
64364 44.55 51.21 1.22e-19 0.94762
64361 40.23 52.61 1.29e-19 0.95460
64358 35.61 53.80 1.35e-19 0.95787
63371 72.27 65.14 1.38e-19 0.95829
63101 -146.50 74.10 1.01e-19 0.91259
63107 41.70 76.00 1.50e-19 0.88379
63968 -159.50 80.00 1.22e-19 0.94732
64343 9.65 55.86 1.43e-19 0.95571
63365 76.09 66.19 1.37e-19 0.95819
64247 33.10 47.99 1.18e-19 0.94173
64340 4.38 55.44 1.42e-19 0.95709
64244 28.75 48.86 1.22e-19 0.94797
64238 19.66 49.87 1.28e-19 0.95344
64346 15.00 56.00 1.44e-19 0.95511
64241 24.26 49.49 1.26e-19 0.95163
64268 -8.62 49.77 1.21e-19 0.94620
64271 -4.25 50.90 1.27e-19 0.95260
64274 0.34 51.81 1.31e-19 0.95626
64277 5.12 52.47 1.35e-19 0.95783
65264 -76.74 62.99 1.01e-19 0.91242
65261 -77.40 59.97 9.02e-20 0.88660
65258 101.35 59.93 9.62e-20 0.90096
65324 -83.42 59.64 8.32e-20 0.86793
65321 107.40 59.97 9.02e-20 0.88660
65318 106.74 62.99 1.01e-19 0.91242
64145 -154.30 74.50 1.02e-19 0.91354
65189 93.62 62.41 1.12e-19 0.93288
65195 -71.35 59.93 9.62e-20 0.90096
64139 -154.30 76.50 1.10e-19 0.92856
65441 -105.01 72.61 1.12e-19 0.93220
65438 -101.49 69.80 1.04e-19 0.91866
65444 -110.04 75.29 1.18e-19 0.94166
65447 -117.41 77.77 1.22e-19 0.94793
63341 89.39 68.69 1.32e-19 0.95681
63347 84.65 67.98 1.34e-19 0.95767
65018 -45.03 65.56 1.36e-19 0.95816
65027 -40.62 68.01 1.43e-19 0.95568
65159 -8.31 82.40 1.51e-19 0.90694
63239 -16.23 58.68 1.41e-19 0.95746
63245 -13.89 57.20 1.39e-19 0.95807
65165 38.31 82.40 1.51e-19 0.90694
63419 50.72 54.13 1.27e-19 0.95273
64943 59.72 63.95 1.43e-19 0.95570
64946 64.39 61.83 1.36e-19 0.95817
64847 -30.17 59.65 1.35e-19 0.95777
65141 -58.92 68.10 1.31e-19 0.95620
65138 -61.49 65.27 1.22e-19 0.94785
64838 67.39 50.87 1.01e-19 0.91176
64841 -37.82 55.26 1.16e-19 0.93845
64844 -34.24 57.52 1.26e-19 0.95157
64478 8.63 61.84 1.51e-19 0.92960
64481 15.00 62.00 1.51e-19 0.92696
64484 21.37 61.84 1.51e-19 0.92960
64487 27.59 61.35 1.50e-19 0.93642
64421 26.51 58.40 1.47e-19 0.94973
64424 32.00 57.66 1.45e-19 0.95413
64853 -20.33 63.41 1.47e-19 0.94971
64850 -25.56 61.63 1.42e-19 0.95709
64856 -14.43 64.97 1.50e-19 0.93643
63143 -74.98 69.92 1.24e-19 0.94943
64307 50.22 45.15 9.60e-20 0.90058
64298 38.62 49.77 1.21e-19 0.94620
64301 42.75 48.42 1.14e-19 0.93573
64304 46.62 46.88 1.05e-19 0.92085
64874 30.65 67.20 1.51e-19 0.89772
64868 15.00 68.00 1.49e-19 0.87147
64871 22.96 67.80 1.49e-19 0.87938
64877 37.85 66.25 1.51e-19 0.91831
64022 20.50 86.00 1.51e-19 0.92713
64025 20.50 84.00 1.51e-19 0.91172
64397 -16.66 53.94 1.29e-19 0.95472
64019 20.50 88.00 1.50e-19 0.93958
64394 -20.85 52.27 1.21e-19 0.94618
64388 -28.18 48.44 1.01e-19 0.91244
64391 -24.68 50.43 1.12e-19 0.93220
64214 32.11 45.05 1.07e-19 0.92449
64097 -154.30 89.50 1.46e-19 0.95075
64211 27.99 45.89 1.12e-19 0.93286
65219 -52.04 80.22 1.48e-19 0.94500
64217 -11.20 45.58 1.04e-19 0.91857
65222 -41.87 82.83 1.50e-19 0.93642
64427 37.23 56.66 1.41e-19 0.95751
64199 10.61 46.88 1.18e-19 0.94172
64202 15.00 47.00 1.18e-19 0.94259
64205 19.39 46.88 1.18e-19 0.94172
64976 -5.87 72.94 1.49e-19 0.87146
64973 -14.88 71.70 1.51e-19 0.90243
64970 -22.64 70.09 1.51e-19 0.92695
65450 -128.42 79.90 1.26e-19 0.95160
65453 -144.45 81.43 1.28e-19 0.95356
65162 15.00 83.00 1.51e-19 0.90243
63203 -31.27 65.14 1.44e-19 0.95457
65279 -71.91 77.98 1.41e-19 0.95748
65285 -66.36 83.93 1.47e-19 0.94972
65282 -69.91 80.96 1.45e-19 0.95412
65471 135.01 72.61 1.12e-19 0.93220
65468 140.04 75.29 1.18e-19 0.94166
65474 131.49 69.80 1.04e-19 0.91866
65477 -118.54 73.33 1.07e-19 0.92438
62993 15.00 -90.00 6.59e-20 0.06593
64940 54.30 65.88 1.48e-19 0.94603
65099 -1.81 79.57 1.49e-19 0.87938
65105 31.81 79.57 1.49e-19 0.87938
65102 15.00 80.00 1.49e-19 0.87147
64688 60.98 50.85 1.07e-19 0.92434
65405 -115.34 82.12 1.35e-19 0.95779
65402 -105.13 79.58 1.31e-19 0.95625
65399 -99.24 76.82 1.27e-19 0.95272
63269 -6.11 50.90 1.26e-19 0.95181
63275 -4.48 49.24 1.21e-19 0.94659
64037 20.50 76.00 1.43e-19 0.82731
64034 20.50 78.00 1.46e-19 0.85017
64028 20.50 82.00 1.51e-19 0.89352
64031 20.50 80.00 1.49e-19 0.87282
64916 -10.90 69.01 1.51e-19 0.90694
64793 -11.53 62.26 1.48e-19 0.94503
64790 -17.07 60.82 1.45e-19 0.95409
64910 -24.30 65.88 1.48e-19 0.94603
64913 -18.05 67.59 1.51e-19 0.92959
64796 -5.47 63.42 1.51e-19 0.93223
65144 -55.70 70.89 1.39e-19 0.95821
64430 42.12 55.41 1.36e-19 0.95814
64433 46.66 53.94 1.29e-19 0.95472
64349 20.35 55.86 1.43e-19 0.95571
64352 25.62 55.44 1.42e-19 0.95709
64355 30.72 54.74 1.39e-19 0.95811
63383 65.50 62.76 1.38e-19 0.95823
63113 -138.30 76.00 1.10e-19 0.92987
64436 50.85 52.27 1.21e-19 0.94618
64334 -5.61 53.80 1.35e-19 0.95787
65504 -141.78 74.62 1.04e-19 0.91855
64331 -10.23 52.61 1.29e-19 0.95460
64328 -14.55 51.21 1.22e-19 0.94762
64169 15.00 41.00 9.53e-20 0.89903
64172 18.97 40.88 9.46e-20 0.89737
64175 6.71 43.52 1.04e-19 0.91879
64337 -0.72 54.74 1.39e-19 0.95811
64814 35.47 63.42 1.51e-19 0.93223
65147 -51.53 73.61 1.45e-19 0.95415
65249 96.90 68.78 1.27e-19 0.95274
64085 20.50 46.00 1.14e-19 0.93657
65336 -84.03 71.77 1.22e-19 0.94766
65252 98.64 65.84 1.18e-19 0.94162
65255 100.10 62.89 1.07e-19 0.92432
65330 -83.40 65.72 1.04e-19 0.91864
65333 -83.60 68.75 1.14e-19 0.93581
64418 20.81 58.85 1.48e-19 0.94606
64133 -154.30 79.50 1.20e-19 0.94551
65186 91.49 65.27 1.22e-19 0.94785
64136 -154.30 78.50 1.17e-19 0.94062
65183 88.92 68.10 1.31e-19 0.95620
65180 85.70 70.89 1.39e-19 0.95821
65192 95.42 59.53 1.01e-19 0.91153
65414 164.13 84.15 1.36e-19 0.95829
65432 121.61 68.04 1.05e-19 0.92073
65435 120.51 65.03 9.60e-20 0.90056
63263 -7.85 52.53 1.30e-19 0.95536
65429 123.21 71.02 1.14e-19 0.93588
65408 -134.13 84.15 1.36e-19 0.95829
63317 110.50 70.00 1.20e-19 0.94459
63311 115.98 69.92 1.16e-19 0.93858
65009 76.59 58.92 1.18e-19 0.94245
65015 -48.69 63.02 1.28e-19 0.95356
65012 -51.77 60.39 1.18e-19 0.94152
65528 -165.00 70.00 8.32e-20 0.86783
65531 -165.00 67.00 7.12e-20 0.83114
63413 52.73 55.69 1.30e-19 0.95526
64955 -46.59 58.92 1.18e-19 0.94245
64949 68.43 59.57 1.28e-19 0.95341
65111 57.58 76.63 1.51e-19 0.91831
65168 55.98 80.83 1.51e-19 0.91831
65108 46.27 78.38 1.51e-19 0.89771
65114 66.13 74.51 1.50e-19 0.93641
65117 72.61 72.15 1.47e-19 0.94971
64862 -0.65 67.20 1.51e-19 0.89772
64835 64.18 53.14 1.12e-19 0.93307
65456 -165.00 82.00 1.28e-19 0.95405
64469 -9.17 59.48 1.45e-19 0.95272
64475 2.41 61.35 1.50e-19 0.93642
64472 -3.56 60.56 1.48e-19 0.94502
65513 -177.19 75.64 1.06e-19 0.92265
65510 -165.00 76.00 1.07e-19 0.92412
65516 171.78 74.62 1.04e-19 0.91855
64451 -34.20 48.66 9.62e-20 0.90097
64454 -30.98 50.85 1.07e-19 0.92434
63905 -159.50 78.00 1.15e-19 0.93738
64289 24.88 52.47 1.35e-19 0.95783
64295 34.25 50.90 1.27e-19 0.95260
64292 29.66 51.81 1.31e-19 0.95626
64883 50.33 63.41 1.47e-19 0.94971
64880 44.43 64.97 1.50e-19 0.93643
65498 156.21 75.54 1.12e-19 0.93296
63584 -159.50 72.00 9.14e-20 0.88968
64886 55.56 61.63 1.42e-19 0.95709
64406 -2.00 57.66 1.45e-19 0.95413
65378 113.40 65.72 1.04e-19 0.91864
64403 -7.23 56.66 1.41e-19 0.95751
64400 -12.12 55.41 1.36e-19 0.95814
64223 -3.10 47.99 1.18e-19 0.94173
64220 -7.26 46.89 1.12e-19 0.93210
64118 -154.30 82.50 1.30e-19 0.95546
64121 -154.30 81.50 1.27e-19 0.95293
64226 1.25 48.86 1.22e-19 0.94797
64124 -154.30 80.50 1.24e-19 0.94961
63161 -58.62 69.66 1.35e-19 0.95781
