65006 73.24 61.42 1.32e-19 0.94235
65000 64.69 66.09 1.47e-19 0.91497
65003 69.32 63.82 1.40e-19 0.92604
63197 -35.09 66.19 1.47e-19 0.91507
64142 -154.30 75.50 1.13e-19 0.99627
63191 -39.22 67.15 1.46e-19 0.91649
65213 -57.99 77.44 1.49e-19 0.91269
65210 -61.92 74.59 1.44e-19 0.91947
65294 86.94 86.84 1.53e-19 0.90943
65291 15.00 89.00 1.54e-19 0.90903
65288 -56.94 86.84 1.53e-19 0.90943
65075 -57.47 61.57 1.21e-19 0.97092
62987 15.00 -74.00 -8.01e-20 -0.08007
65072 81.77 60.39 1.22e-19 0.96589
65486 -149.69 78.56 1.22e-19 0.96585
65069 78.69 63.02 1.31e-19 0.94379
65420 135.13 79.58 1.35e-19 0.93644
62981 15.00 -90.00 -1.13e-19 -0.11317
65483 -136.50 77.35 1.21e-19 0.97098
65156 -25.98 80.83 1.61e-19 0.90889
65426 125.59 73.95 1.25e-19 0.95819
65480 -126.21 75.54 1.18e-19 0.97943
63281 -2.95 47.55 1.21e-19 0.96928
63287 -1.51 45.84 1.17e-19 0.98347
65150 -45.89 76.23 1.54e-19 0.90912
65390 -91.61 68.04 1.12e-19 0.99719
63227 -18.77 60.10 1.46e-19 0.91696
65393 -93.21 71.02 1.19e-19 0.97528
65396 -95.59 73.95 1.25e-19 0.95819
63221 -21.51 61.46 1.47e-19 0.91539
63443 45.48 49.24 1.20e-19 0.97264
64046 20.50 70.00 1.68e-19 0.92786
64082 20.50 48.00 1.26e-19 0.95721
64043 20.50 72.00 1.69e-19 0.93732
64040 20.50 74.00 1.69e-19 0.94380
64781 -30.59 55.29 1.27e-19 0.95506
64778 -34.18 53.14 1.18e-19 0.97952
64784 -26.57 57.31 1.35e-19 0.93642
64079 20.50 50.00 1.32e-19 0.94311
64787 -22.08 59.16 1.42e-19 0.92278
64919 -2.88 70.09 1.66e-19 0.91815
64925 15.00 71.00 1.69e-19 0.93482
64922 5.86 70.77 1.68e-19 0.92833
64439 54.68 50.43 1.17e-19 0.98065
64445 61.37 46.31 9.99e-20 1.04420
64442 58.18 48.44 1.09e-19 1.00912
63119 -95.35 67.98 1.10e-19 1.00569
63125 -90.61 68.69 1.15e-19 0.98952
63377 68.74 63.99 1.41e-19 0.92474
64544 53.49 54.84 1.30e-19 0.94542
64187 23.29 43.52 1.11e-19 1.00019
64325 -18.58 49.61 1.19e-19 0.97517
63776 -159.50 74.00 1.07e-19 1.01440
64181 15.00 44.00 1.14e-19 0.99242
64178 10.84 43.88 1.13e-19 0.99435
64184 19.16 43.88 1.13e-19 0.99435
64013 -159.50 88.00 1.47e-19 0.91499
64250 37.26 46.89 1.17e-19 0.98057
64253 41.20 45.58 1.11e-19 1.00001
64073 20.50 54.00 1.42e-19 0.92230
64070 20.50 56.00 1.47e-19 0.91539
65246 94.74 71.70 1.38e-19 0.93024
65492 179.69 78.56 1.22e-19 0.96585
65243 91.92 74.59 1.44e-19 0.91947
65495 166.50 77.35 1.21e-19 0.97098
64076 20.50 52.00 1.37e-19 0.93150
65240 87.99 77.44 1.49e-19 0.91269
64208 23.74 46.51 1.21e-19 0.97101
64457 -27.42 52.92 1.22e-19 0.96585
65177 81.53 73.61 1.48e-19 0.91394
64166 11.03 40.88 1.03e-19 1.02946
64163 15.00 38.00 9.41e-20 1.06972
65171 67.87 78.68 1.58e-19 0.90779
64094 20.50 40.00 1.00e-19 1.04190
65174 75.89 76.23 1.54e-19 0.90912
64160 15.00 35.00 8.42e-20 1.12084
65387 -90.51 65.03 1.05e-19 1.02497
63257 -9.72 54.13 1.37e-19 0.93214
65297 96.36 83.93 1.51e-19 0.91084
63251 -11.73 55.69 1.40e-19 0.92671
65381 113.36 62.69 1.03e-19 1.03139
65384 113.42 59.64 9.42e-20 1.06981
65357 139.00 86.38 1.47e-19 0.91577
65348 -94.24 83.64 1.45e-19 0.91823
65351 -109.00 86.38 1.47e-19 0.91577
64091 20.50 42.00 1.07e-19 1.01608
65354 -165.00 88.00 1.47e-19 0.91501
63179 -48.39 68.69 1.43e-19 0.92136
63185 -43.65 67.98 1.45e-19 0.91850
63323 105.02 69.92 1.28e-19 0.95251
65342 -86.22 77.76 1.38e-19 0.93017
65345 -88.82 80.73 1.42e-19 0.92286
65339 -84.82 74.77 1.33e-19 0.94091
65045 15.00 77.00 1.69e-19 0.93482
65042 1.88 76.67 1.68e-19 0.92832
65039 -10.07 75.72 1.66e-19 0.91817
63407 54.89 57.20 1.36e-19 0.93453
65423 129.24 76.82 1.31e-19 0.94548
64823 52.08 59.16 1.42e-19 0.92278
65489 -165.00 79.00 1.23e-19 0.96433
64820 47.07 60.82 1.48e-19 0.91387
64967 -29.19 68.20 1.54e-19 0.90901
64964 -34.69 66.09 1.47e-19 0.91497
63401 57.23 58.68 1.37e-19 0.93090
63095 40.40 47.00 1.16e-19 0.98440
64961 -39.32 63.82 1.40e-19 0.92604
64958 -43.24 61.42 1.32e-19 0.94235
64826 56.57 57.31 1.35e-19 0.93642
65063 70.62 68.01 1.47e-19 0.91577
65126 84.80 64.32 1.29e-19 0.94792
65060 65.21 70.32 1.53e-19 0.90945
65123 81.58 67.01 1.38e-19 0.93045
65066 75.03 65.56 1.39e-19 0.92709
65120 77.61 69.63 1.45e-19 0.91823
64592 57.42 52.92 1.22e-19 0.96585
64499 49.14 56.59 1.38e-19 0.93016
65519 -154.87 72.69 1.03e-19 1.02933
65522 -165.00 73.00 1.04e-19 1.02727
65525 -175.13 72.69 1.03e-19 1.02933
63293 -0.15 44.10 1.12e-19 0.99981
64055 20.50 64.00 1.62e-19 0.90974
64052 20.50 66.00 1.65e-19 0.91371
64466 -14.37 58.15 1.44e-19 0.91949
64049 20.50 68.00 1.67e-19 0.91978
64463 -19.14 56.59 1.38e-19 0.93016
64460 -23.49 54.84 1.30e-19 0.94542
64889 60.17 59.65 1.38e-19 0.93049
64895 67.82 55.26 1.21e-19 0.97085
64892 64.24 57.52 1.29e-19 0.94786
65225 -22.03 85.01 1.59e-19 0.90788
64376 58.87 43.83 9.42e-20 1.06982
64004 -159.50 82.00 1.32e-19 0.94221
64370 52.30 47.83 1.11e-19 0.99995
64007 -159.50 84.00 1.37e-19 0.93078
64373 55.72 45.90 1.03e-19 1.03125
64229 5.74 49.49 1.29e-19 0.94791
64235 15.00 50.00 1.32e-19 0.94237
64232 10.34 49.87 1.31e-19 0.94369
64109 -154.30 85.50 1.41e-19 0.92359
64115 -154.30 83.50 1.36e-19 0.93309
64112 -154.30 84.50 1.39e-19 0.92805
63809 -159.50 76.00 1.14e-19 0.99205
64283 15.00 53.00 1.40e-19 0.92605
64280 10.03 52.87 1.39e-19 0.92720
64286 19.97 52.87 1.39e-19 0.92720
65312 105.25 69.00 1.25e-19 0.95817
65315 106.03 66.00 1.17e-19 0.98071
65309 104.36 72.00 1.33e-19 0.94095
65306 103.29 74.99 1.39e-19 0.92822
65198 -70.10 62.89 1.14e-19 0.99187
65201 -68.64 65.84 1.22e-19 0.96580
65204 -66.90 68.78 1.31e-19 0.94549
65207 -64.74 71.70 1.38e-19 0.93024
65300 99.91 80.96 1.48e-19 0.91391
65303 101.91 77.98 1.44e-19 0.91947
65078 -54.80 64.32 1.29e-19 0.94792
65081 -51.58 67.01 1.38e-19 0.93045
65411 -165.00 85.00 1.40e-19 0.92605
65084 -47.61 69.63 1.45e-19 0.91823
65087 -42.61 72.15 1.51e-19 0.91083
64859 -7.85 66.25 1.61e-19 0.90893
64865 7.04 67.80 1.66e-19 0.91817
65417 145.34 82.12 1.38e-19 0.93051
63329 99.62 69.66 1.31e-19 0.94526
63335 94.39 69.25 1.33e-19 0.93941
63449 43.95 47.55 1.16e-19 0.98518
63455 42.51 45.84 1.11e-19 0.99993
64994 52.64 70.09 1.59e-19 0.90796
64988 35.87 72.94 1.67e-19 0.92074
64991 44.88 71.70 1.64e-19 0.91186
63215 -24.50 62.76 1.48e-19 0.91447
65153 -37.87 78.68 1.58e-19 0.90779
64997 59.19 68.20 1.54e-19 0.90901
63209 -27.74 63.99 1.48e-19 0.91417
64934 40.90 69.01 1.63e-19 0.91086
64016 14.04 90.00 1.52e-19 0.91047
64931 32.88 70.09 1.66e-19 0.91815
63431 48.85 52.53 1.27e-19 0.95297
64928 24.14 70.77 1.68e-19 0.92833
64010 -159.50 86.00 1.43e-19 0.92174
63473 -159.50 70.00 9.43e-20 1.06907
64937 48.05 67.59 1.59e-19 0.90785
63437 47.11 50.90 1.24e-19 0.96194
65132 -65.42 59.53 1.09e-19 1.01001
65135 -63.62 62.41 1.18e-19 0.97936
65129 87.47 61.57 1.21e-19 0.97092
64772 64.20 48.66 1.05e-19 1.02450
64775 -37.39 50.87 1.09e-19 1.01020
64415 15.00 59.00 1.54e-19 0.90903
64412 9.19 58.85 1.53e-19 0.90944
64409 3.49 58.40 1.51e-19 0.91086
63137 -80.38 69.66 1.24e-19 0.96281
63131 -85.61 69.25 1.19e-19 0.97516
64316 -22.30 47.83 1.11e-19 0.99995
64313 -25.72 45.90 1.03e-19 1.03125
64310 -28.87 43.83 9.42e-20 1.06982
63155 -64.02 69.92 1.35e-19 0.93611
63149 -69.50 70.00 1.31e-19 0.94347
64259 -20.22 45.15 1.05e-19 1.02499
64265 -12.75 48.42 1.19e-19 0.97515
64262 -16.62 46.88 1.12e-19 0.99729
65327 -83.36 62.69 1.03e-19 1.03139
57281 15.00 -74.00 -8.01e-20 -0.08007
64100 -154.30 88.50 1.49e-19 0.91361
64103 -154.30 87.50 1.46e-19 0.91638
65237 82.04 80.22 1.54e-19 0.90913
65234 71.87 82.83 1.57e-19 0.90789
64106 -154.30 86.50 1.44e-19 0.91970
65231 52.03 85.01 1.59e-19 0.90788
65228 15.00 86.00 1.59e-19 0.90799
65267 -76.03 66.00 1.17e-19 0.98071
64088 20.50 44.00 1.13e-19 0.99351
64193 2.01 45.89 1.18e-19 0.97934
64190 -2.11 45.05 1.14e-19 0.99200
64157 -154.30 77.50 1.19e-19 0.97641
64154 -154.30 71.50 9.96e-20 1.04532
64151 -154.30 72.50 1.03e-19 1.03182
64148 -154.30 73.50 1.06e-19 1.01916
64196 6.26 46.51 1.21e-19 0.97101
64982 15.00 74.00 1.70e-19 0.95442
64985 25.77 73.73 1.69e-19 0.93482
65369 114.82 74.77 1.33e-19 0.94091
64979 4.23 73.73 1.69e-19 0.93482
65375 113.60 68.75 1.19e-19 0.97522
65372 114.03 71.77 1.26e-19 0.95578
65366 116.22 77.76 1.38e-19 0.93017
65360 124.24 83.64 1.45e-19 0.91823
65363 118.82 80.73 1.42e-19 0.92286
65459 174.45 81.43 1.31e-19 0.94379
65462 158.42 79.90 1.29e-19 0.94789
65465 147.41 77.77 1.27e-19 0.95515
63173 -53.39 69.25 1.41e-19 0.92511
65036 -20.23 74.26 1.63e-19 0.91086
65270 -75.25 69.00 1.25e-19 0.95817
65273 -74.36 72.00 1.33e-19 0.94095
64952 71.94 57.20 1.22e-19 0.96592
65276 -73.29 74.99 1.39e-19 0.92822
65030 -35.21 70.32 1.53e-19 0.90945
65033 -28.52 72.43 1.59e-19 0.90787
64808 22.07 64.82 1.63e-19 0.91088
64811 28.94 64.29 1.61e-19 0.90892
65501 148.54 73.33 1.14e-19 0.99191
63353 80.22 67.15 1.39e-19 0.92824
64817 41.53 62.26 1.54e-19 0.90917
63005 15.00 -90.00 -1.13e-19 -0.11317
63389 62.51 61.46 1.40e-19 0.92615
62999 15.00 -74.00 -8.01e-20 -0.08007
63395 59.77 60.10 1.39e-19 0.92807
65507 -152.81 75.64 1.13e-19 0.99421
65054 50.23 74.26 1.63e-19 0.91086
65096 -16.27 78.38 1.64e-19 0.91299
65051 40.07 75.72 1.66e-19 0.91817
65048 28.12 76.67 1.68e-19 0.92832
65090 -36.13 74.51 1.57e-19 0.90787
65093 -27.58 76.63 1.61e-19 0.90889
65057 58.52 72.43 1.59e-19 0.90787
64496 44.37 58.15 1.44e-19 0.91949
64490 33.56 60.56 1.54e-19 0.90916
64493 39.17 59.48 1.49e-19 0.91268
63017 15.00 -90.00 -1.13e-19 -0.11317
63305 121.38 69.66 1.17e-19 0.98255
63011 15.00 -74.00 -8.01e-20 -0.08007
63299 126.61 69.25 1.13e-19 0.99607
64058 20.50 62.00 1.59e-19 0.90792
64061 20.50 60.00 1.56e-19 0.90824
64067 20.50 58.00 1.52e-19 0.91072
64802 7.93 64.82 1.63e-19 0.91088
64805 15.00 65.00 1.64e-19 0.91186
64799 1.06 64.29 1.61e-19 0.90892
64907 -29.72 63.95 1.47e-19 0.91579
64904 -34.39 61.83 1.39e-19 0.92709
64898 -41.94 57.20 1.22e-19 0.96592
64901 -38.43 59.57 1.31e-19 0.94367
64829 60.59 55.29 1.27e-19 0.95506
64379 -31.37 46.31 9.99e-20 1.04420
64367 48.58 49.61 1.19e-19 0.97517
64364 44.55 51.21 1.26e-19 0.95575
64361 40.23 52.61 1.33e-19 0.94091
64358 35.61 53.80 1.38e-19 0.93027
63371 72.27 65.14 1.41e-19 0.92514
63101 -146.50 74.10 1.09e-19 1.00865
63107 41.70 76.00 1.66e-19 0.91682
63968 -159.50 80.00 1.26e-19 0.95614
64343 9.65 55.86 1.47e-19 0.91581
63365 76.09 66.19 1.40e-19 0.92622
64247 33.10 47.99 1.22e-19 0.96590
64340 4.38 55.44 1.45e-19 0.91830
64244 28.75 48.86 1.27e-19 0.95518
64238 19.66 49.87 1.31e-19 0.94369
64346 15.00 56.00 1.47e-19 0.91501
64241 24.26 49.49 1.29e-19 0.94791
64268 -8.62 49.77 1.25e-19 0.95819
64271 -4.25 50.90 1.30e-19 0.94538
64274 0.34 51.81 1.35e-19 0.93645
64277 5.12 52.47 1.38e-19 0.93055
65264 -76.74 62.99 1.09e-19 1.00910
65261 -77.40 59.97 9.99e-20 1.04420
65258 101.35 59.93 1.05e-19 1.02449
65324 -83.42 59.64 9.42e-20 1.06981
65321 107.40 59.97 9.99e-20 1.04420
65318 106.74 62.99 1.09e-19 1.00910
64145 -154.30 74.50 1.09e-19 1.00733
65189 93.62 62.41 1.18e-19 0.97936
65195 -71.35 59.93 1.05e-19 1.02449
64139 -154.30 76.50 1.16e-19 0.98598
65441 -105.01 72.61 1.17e-19 0.98065
65438 -101.49 69.80 1.11e-19 1.00008
65444 -110.04 75.29 1.22e-19 0.96584
65447 -117.41 77.77 1.27e-19 0.95515
63341 89.39 68.69 1.35e-19 0.93472
63347 84.65 67.98 1.37e-19 0.93098
65018 -45.03 65.56 1.39e-19 0.92709
65027 -40.62 68.01 1.47e-19 0.91577
65159 -8.31 82.40 1.63e-19 0.91087
63239 -16.23 58.68 1.44e-19 0.91929
63245 -13.89 57.20 1.42e-19 0.92237
65165 38.31 82.40 1.63e-19 0.91087
63419 50.72 54.13 1.30e-19 0.94557
64943 59.72 63.95 1.47e-19 0.91579
64946 64.39 61.83 1.39e-19 0.92709
64847 -30.17 59.65 1.38e-19 0.93049
65141 -58.92 68.10 1.35e-19 0.93640
65138 -61.49 65.27 1.27e-19 0.95508
64838 67.39 50.87 1.09e-19 1.01020
64841 -37.82 55.26 1.21e-19 0.97085
64844 -34.24 57.52 1.29e-19 0.94786
64478 8.63 61.84 1.59e-19 0.90788
64481 15.00 62.00 1.59e-19 0.90799
64484 21.37 61.84 1.59e-19 0.90788
64487 27.59 61.35 1.57e-19 0.90789
64421 26.51 58.40 1.51e-19 0.91086
64424 32.00 57.66 1.48e-19 0.91392
64853 -20.33 63.41 1.51e-19 0.91082
64850 -25.56 61.63 1.45e-19 0.91831
64856 -14.43 64.97 1.57e-19 0.90791
63143 -74.98 69.92 1.28e-19 0.95245
64307 50.22 45.15 1.05e-19 1.02499
64298 38.62 49.77 1.25e-19 0.95819
64301 42.75 48.42 1.19e-19 0.97515
64304 46.62 46.88 1.12e-19 0.99729
64874 30.65 67.20 1.64e-19 0.91297
64868 15.00 68.00 1.67e-19 0.92074
64871 22.96 67.80 1.66e-19 0.91817
64877 37.85 66.25 1.61e-19 0.90893
64022 20.50 86.00 1.59e-19 0.90798
64025 20.50 84.00 1.62e-19 0.90995
64397 -16.66 53.94 1.33e-19 0.94101
64019 20.50 88.00 1.56e-19 0.90815
64394 -20.85 52.27 1.25e-19 0.95817
64388 -28.18 48.44 1.09e-19 1.00912
64391 -24.68 50.43 1.17e-19 0.98065
64214 32.11 45.05 1.14e-19 0.99200
64097 -154.30 89.50 1.51e-19 0.91139
64211 27.99 45.89 1.18e-19 0.97934
65219 -52.04 80.22 1.54e-19 0.90913
64217 -11.20 45.58 1.11e-19 1.00001
65222 -41.87 82.83 1.57e-19 0.90789
64427 37.23 56.66 1.44e-19 0.91951
64199 10.61 46.88 1.22e-19 0.96605
64202 15.00 47.00 1.23e-19 0.96433
64205 19.39 46.88 1.22e-19 0.96605
64976 -5.87 72.94 1.67e-19 0.92074
64973 -14.88 71.70 1.64e-19 0.91186
64970 -22.64 70.09 1.59e-19 0.90796
65450 -128.42 79.90 1.29e-19 0.94789
65453 -144.45 81.43 1.31e-19 0.94379
65162 15.00 83.00 1.64e-19 0.91186
63203 -31.27 65.14 1.48e-19 0.91438
65279 -71.91 77.98 1.44e-19 0.91947
65285 -66.36 83.93 1.51e-19 0.91084
65282 -69.91 80.96 1.48e-19 0.91391
65471 135.01 72.61 1.17e-19 0.98065
65468 140.04 75.29 1.22e-19 0.96584
65474 131.49 69.80 1.11e-19 1.00008
65477 -118.54 73.33 1.14e-19 0.99191
62993 15.00 -90.00 -1.13e-19 -0.11317
64940 54.30 65.88 1.53e-19 0.90940
65099 -1.81 79.57 1.66e-19 0.91817
65105 31.81 79.57 1.66e-19 0.91817
65102 15.00 80.00 1.67e-19 0.92074
64688 60.98 50.85 1.14e-19 0.99188
65405 -115.34 82.12 1.38e-19 0.93051
65402 -105.13 79.58 1.35e-19 0.93644
65399 -99.24 76.82 1.31e-19 0.94548
63269 -6.11 50.90 1.30e-19 0.94724
63275 -4.48 49.24 1.26e-19 0.95733
64037 20.50 76.00 1.69e-19 0.93797
64034 20.50 78.00 1.68e-19 0.92849
64028 20.50 82.00 1.65e-19 0.91406
64031 20.50 80.00 1.67e-19 0.92029
64916 -10.90 69.01 1.63e-19 0.91086
64793 -11.53 62.26 1.54e-19 0.90917
64790 -17.07 60.82 1.48e-19 0.91387
64910 -24.30 65.88 1.53e-19 0.90940
64913 -18.05 67.59 1.59e-19 0.90785
64796 -5.47 63.42 1.58e-19 0.90776
65144 -55.70 70.89 1.42e-19 0.92290
64430 42.12 55.41 1.39e-19 0.92829
64433 46.66 53.94 1.33e-19 0.94101
64349 20.35 55.86 1.47e-19 0.91581
64352 25.62 55.44 1.45e-19 0.91830
64355 30.72 54.74 1.42e-19 0.92280
63383 65.50 62.76 1.41e-19 0.92503
63113 -138.30 76.00 1.16e-19 0.98405
64436 50.85 52.27 1.25e-19 0.95817
64334 -5.61 53.80 1.38e-19 0.93027
65504 -141.78 74.62 1.11e-19 0.99998
64331 -10.23 52.61 1.33e-19 0.94091
64328 -14.55 51.21 1.26e-19 0.95575
64169 15.00 41.00 1.04e-19 1.02727
64172 18.97 40.88 1.03e-19 1.02946
64175 6.71 43.52 1.11e-19 1.00019
64337 -0.72 54.74 1.42e-19 0.92280
64814 35.47 63.42 1.58e-19 0.90776
65147 -51.53 73.61 1.48e-19 0.91394
65249 96.90 68.78 1.31e-19 0.94549
64085 20.50 46.00 1.20e-19 0.97396
65336 -84.03 71.77 1.26e-19 0.95578
65252 98.64 65.84 1.22e-19 0.96580
65255 100.10 62.89 1.14e-19 0.99187
65330 -83.40 65.72 1.11e-19 1.00006
65333 -83.60 68.75 1.19e-19 0.97522
64418 20.81 58.85 1.53e-19 0.90944
64133 -154.30 79.50 1.25e-19 0.95937
65186 91.49 65.27 1.27e-19 0.95508
64136 -154.30 78.50 1.22e-19 0.96755
65183 88.92 68.10 1.35e-19 0.93640
65180 85.70 70.89 1.42e-19 0.92290
65192 95.42 59.53 1.09e-19 1.01001
65414 164.13 84.15 1.39e-19 0.92721
65432 121.61 68.04 1.12e-19 0.99719
65435 120.51 65.03 1.05e-19 1.02497
63263 -7.85 52.53 1.33e-19 0.93889
65429 123.21 71.02 1.19e-19 0.97528
65408 -134.13 84.15 1.39e-19 0.92721
63317 110.50 70.00 1.24e-19 0.96096
63311 115.98 69.92 1.21e-19 0.97108
65009 76.59 58.92 1.23e-19 0.96422
65015 -48.69 63.02 1.31e-19 0.94379
65012 -51.77 60.39 1.22e-19 0.96589
65528 -165.00 70.00 9.41e-20 1.06972
65531 -165.00 67.00 8.42e-20 1.12084
63413 52.73 55.69 1.33e-19 0.93950
64955 -46.59 58.92 1.23e-19 0.96422
64949 68.43 59.57 1.31e-19 0.94367
65111 57.58 76.63 1.61e-19 0.90889
65168 55.98 80.83 1.61e-19 0.90889
65108 46.27 78.38 1.64e-19 0.91299
65114 66.13 74.51 1.57e-19 0.90787
65117 72.61 72.15 1.51e-19 0.91083
64862 -0.65 67.20 1.64e-19 0.91297
64835 64.18 53.14 1.18e-19 0.97952
65456 -165.00 82.00 1.32e-19 0.94237
64469 -9.17 59.48 1.49e-19 0.91268
64475 2.41 61.35 1.57e-19 0.90789
64472 -3.56 60.56 1.54e-19 0.90916
65513 -177.19 75.64 1.13e-19 0.99421
65510 -165.00 76.00 1.14e-19 0.99242
65516 171.78 74.62 1.11e-19 0.99998
64451 -34.20 48.66 1.05e-19 1.02450
64454 -30.98 50.85 1.14e-19 0.99188
63905 -159.50 78.00 1.20e-19 0.97270
64289 24.88 52.47 1.38e-19 0.93055
64295 34.25 50.90 1.30e-19 0.94538
64292 29.66 51.81 1.35e-19 0.93645
64883 50.33 63.41 1.51e-19 0.91082
64880 44.43 64.97 1.57e-19 0.90791
65498 156.21 75.54 1.18e-19 0.97943
63584 -159.50 72.00 1.01e-19 1.03998
64886 55.56 61.63 1.45e-19 0.91831
64406 -2.00 57.66 1.48e-19 0.91392
65378 113.40 65.72 1.11e-19 1.00006
64403 -7.23 56.66 1.44e-19 0.91951
64400 -12.12 55.41 1.39e-19 0.92829
64223 -3.10 47.99 1.22e-19 0.96590
64220 -7.26 46.89 1.17e-19 0.98057
64118 -154.30 82.50 1.34e-19 0.93873
64121 -154.30 81.50 1.31e-19 0.94498
64226 1.25 48.86 1.27e-19 0.95518
64124 -154.30 80.50 1.28e-19 0.95185
63161 -58.62 69.66 1.38e-19 0.92995
