65006 73.24 61.42 1.07e-19 0.76771
65000 64.69 66.09 1.20e-19 0.74618
65003 69.32 63.82 1.14e-19 0.75649
63197 -35.09 66.19 1.20e-19 0.74629
64142 -154.30 75.50 8.98e-20 0.79518
63191 -39.22 67.15 1.19e-19 0.74785
65213 -57.99 77.44 1.22e-19 0.74328
65210 -61.92 74.59 1.18e-19 0.75086
65294 86.94 86.84 1.24e-19 0.73771
65291 15.00 89.00 1.25e-19 0.73676
65288 -56.94 86.84 1.24e-19 0.73771
65075 -57.47 61.57 9.74e-20 0.78333
62987 15.00 -74.00 -5.55e-21 -0.00555
65072 81.77 60.39 9.90e-20 0.78077
65486 -149.69 78.56 9.90e-20 0.78074
65069 78.69 63.02 1.07e-19 0.76861
65420 135.13 79.58 1.10e-19 0.76395
62981 15.00 -90.00 -1.22e-20 -0.01224
65483 -136.50 77.35 9.74e-20 0.78339
65156 -25.98 80.83 1.29e-19 0.72490
65426 125.59 73.95 1.02e-19 0.77678
65480 -126.21 75.54 9.47e-20 0.78745
63281 -2.95 47.55 9.79e-20 0.78248
63287 -1.51 45.84 9.35e-20 0.78939
65150 -45.89 76.23 1.25e-19 0.73700
65390 -91.61 68.04 8.96e-20 0.79558
63227 -18.77 60.10 1.19e-19 0.74835
65393 -93.21 71.02 9.60e-20 0.78551
65396 -95.59 73.95 1.02e-19 0.77678
63221 -21.51 61.46 1.20e-19 0.74665
63443 45.48 49.24 9.68e-20 0.78416
64046 20.50 70.00 1.28e-19 0.70882
64082 20.50 48.00 1.02e-19 0.77624
64043 20.50 72.00 1.27e-19 0.70488
64040 20.50 74.00 1.26e-19 0.70264
64781 -30.59 55.29 1.03e-19 0.77505
64778 -34.18 53.14 9.47e-20 0.78753
64784 -26.57 57.31 1.10e-19 0.76394
64079 20.50 50.00 1.07e-19 0.76817
64787 -22.08 59.16 1.16e-19 0.75383
64919 -2.88 70.09 1.29e-19 0.71437
64925 15.00 71.00 1.28e-19 0.70583
64922 5.86 70.77 1.28e-19 0.70859
64439 54.68 50.43 9.44e-20 0.78804
64445 61.37 46.31 7.79e-20 0.81496
64442 58.18 48.44 8.64e-20 0.80080
63119 -95.35 67.98 8.73e-20 0.79928
63125 -90.61 68.69 9.18e-20 0.79220
63377 68.74 63.99 1.15e-19 0.75545
64544 53.49 54.84 1.06e-19 0.76955
64187 23.29 43.52 8.88e-20 0.79694
64325 -18.58 49.61 9.60e-20 0.78540
63776 -159.50 74.00 8.50e-20 0.80298
64181 15.00 44.00 9.09e-20 0.79346
64178 10.84 43.88 9.04e-20 0.79434
64184 19.16 43.88 9.04e-20 0.79434
64013 -159.50 88.00 1.20e-19 0.74618
64250 37.26 46.89 9.43e-20 0.78797
64253 41.20 45.58 8.88e-20 0.79677
64073 20.50 54.00 1.16e-19 0.75341
64070 20.50 56.00 1.20e-19 0.74664
65246 94.74 71.70 1.12e-19 0.75966
65492 179.69 78.56 9.90e-20 0.78074
65243 91.92 74.59 1.18e-19 0.75086
65495 166.50 77.35 9.74e-20 0.78339
64076 20.50 52.00 1.12e-19 0.76057
65240 87.99 77.44 1.22e-19 0.74328
64208 23.74 46.51 9.74e-20 0.78342
64457 -27.42 52.92 9.90e-20 0.78078
65177 81.53 73.61 1.21e-19 0.74492
64166 11.03 40.88 8.13e-20 0.80912
64163 15.00 38.00 7.26e-20 0.82460
65171 67.87 78.68 1.27e-19 0.73026
64094 20.50 40.00 7.85e-20 0.81406
65174 75.89 76.23 1.25e-19 0.73700
64160 15.00 35.00 6.33e-20 0.84271
65387 -90.51 65.03 8.24e-20 0.80729
63257 -9.72 54.13 1.12e-19 0.76103
65297 96.36 83.93 1.23e-19 0.74047
63251 -11.73 55.69 1.14e-19 0.75702
65381 113.36 62.69 8.09e-20 0.80996
65384 113.42 59.64 7.26e-20 0.82468
65357 139.00 86.38 1.20e-19 0.74708
65348 -94.24 83.64 1.18e-19 0.74965
65351 -109.00 86.38 1.20e-19 0.74708
64091 20.50 42.00 8.46e-20 0.80368
65354 -165.00 88.00 1.20e-19 0.74621
63179 -48.39 68.69 1.17e-19 0.75258
63185 -43.65 67.98 1.18e-19 0.74991
63323 105.02 69.92 1.04e-19 0.77369
65342 -86.22 77.76 1.12e-19 0.75961
65345 -88.82 80.73 1.16e-19 0.75389
65339 -84.82 74.77 1.08e-19 0.76681
65045 15.00 77.00 1.28e-19 0.70583
65042 1.88 76.67 1.28e-19 0.70860
65039 -10.07 75.72 1.29e-19 0.71437
63407 54.89 57.20 1.11e-19 0.76266
65423 129.24 76.82 1.06e-19 0.76961
64823 52.08 59.16 1.16e-19 0.75383
65489 -165.00 79.00 9.95e-20 0.78000
64820 47.07 60.82 1.21e-19 0.74487
64967 -29.19 68.20 1.25e-19 0.73674
64964 -34.69 66.09 1.20e-19 0.74618
63401 57.23 58.68 1.12e-19 0.76015
63095 40.40 47.00 9.32e-20 0.78979
64961 -39.32 63.82 1.14e-19 0.75649
64958 -43.24 61.42 1.07e-19 0.76771
64826 56.57 57.31 1.10e-19 0.76394
65063 70.62 68.01 1.20e-19 0.74707
65126 84.80 64.32 1.05e-19 0.77106
65060 65.21 70.32 1.24e-19 0.73772
65123 81.58 67.01 1.12e-19 0.75981
65066 75.03 65.56 1.14e-19 0.75730
65120 77.61 69.63 1.18e-19 0.74966
64592 57.42 52.92 9.90e-20 0.78078
64499 49.14 56.59 1.12e-19 0.75960
65519 -154.87 72.69 8.13e-20 0.80900
65522 -165.00 73.00 8.18e-20 0.80826
65525 -175.13 72.69 8.13e-20 0.80900
63293 -0.15 44.10 8.89e-20 0.79677
64055 20.50 64.00 1.29e-19 0.72313
64052 20.50 66.00 1.29e-19 0.71805
64466 -14.37 58.15 1.18e-19 0.75087
64049 20.50 68.00 1.29e-19 0.71327
64463 -19.14 56.59 1.12e-19 0.75960
64460 -23.49 54.84 1.06e-19 0.76955
64889 60.17 59.65 1.12e-19 0.75985
64895 67.82 55.26 9.74e-20 0.78327
64892 64.24 57.52 1.05e-19 0.77100
65225 -22.03 85.01 1.28e-19 0.72914
64376 58.87 43.83 7.26e-20 0.82469
64004 -159.50 82.00 1.07e-19 0.76763
64370 52.30 47.83 8.88e-20 0.79672
64007 -159.50 84.00 1.12e-19 0.76006
64373 55.72 45.90 8.09e-20 0.80983
64229 5.74 49.49 1.05e-19 0.77104
64235 15.00 50.00 1.07e-19 0.76772
64232 10.34 49.87 1.07e-19 0.76852
64109 -154.30 85.50 1.16e-19 0.75451
64115 -154.30 83.50 1.11e-19 0.76168
64112 -154.30 84.50 1.13e-19 0.75804
63809 -159.50 76.00 9.10e-20 0.79329
64283 15.00 53.00 1.14e-19 0.75650
64280 10.03 52.87 1.14e-19 0.75740
64286 19.97 52.87 1.14e-19 0.75740
65312 105.25 69.00 1.02e-19 0.77676
65315 106.03 66.00 9.44e-20 0.78810
65309 104.36 72.00 1.08e-19 0.76684
65306 103.29 74.99 1.13e-19 0.75817
65198 -70.10 62.89 9.10e-20 0.79316
65201 -68.64 65.84 9.90e-20 0.78074
65204 -66.90 68.78 1.06e-19 0.76962
65207 -64.74 71.70 1.12e-19 0.75966
65300 99.91 80.96 1.21e-19 0.74490
65303 101.91 77.98 1.18e-19 0.75086
65078 -54.80 64.32 1.05e-19 0.77106
65081 -51.58 67.01 1.12e-19 0.75981
65411 -165.00 85.00 1.14e-19 0.75650
65084 -47.61 69.63 1.18e-19 0.74966
65087 -42.61 72.15 1.23e-19 0.74046
64859 -7.85 66.25 1.29e-19 0.72492
64865 7.04 67.80 1.29e-19 0.71436
65417 145.34 82.12 1.12e-19 0.75986
63329 99.62 69.66 1.06e-19 0.76946
63335 94.39 69.25 1.09e-19 0.76587
63449 43.95 47.55 9.30e-20 0.79012
63455 42.51 45.84 8.88e-20 0.79682
64994 52.64 70.09 1.28e-19 0.72805
64988 35.87 72.94 1.29e-19 0.71266
64991 44.88 71.70 1.29e-19 0.72006
63215 -24.50 62.76 1.21e-19 0.74559
65153 -37.87 78.68 1.27e-19 0.73026
64997 59.19 68.20 1.25e-19 0.73674
63209 -27.74 63.99 1.21e-19 0.74521
64934 40.90 69.01 1.29e-19 0.72133
64016 14.04 90.00 1.23e-19 0.73982
64931 32.88 70.09 1.29e-19 0.71437
63431 48.85 52.53 1.03e-19 0.77391
64928 24.14 70.77 1.28e-19 0.70859
64010 -159.50 86.00 1.17e-19 0.75292
63473 -159.50 70.00 7.27e-20 0.82435
64937 48.05 67.59 1.28e-19 0.72913
63437 47.11 50.90 1.00e-19 0.77874
65132 -65.42 59.53 8.61e-20 0.80111
65135 -63.62 62.41 9.47e-20 0.78739
65129 87.47 61.57 9.74e-20 0.78333
64772 64.20 48.66 8.25e-20 0.80711
64775 -37.39 50.87 8.61e-20 0.80128
64415 15.00 59.00 1.25e-19 0.73676
64412 9.19 58.85 1.24e-19 0.73771
64409 3.49 58.40 1.23e-19 0.74048
63137 -80.38 69.66 1.00e-19 0.77917
63131 -85.61 69.25 9.60e-20 0.78539
64316 -22.30 47.83 8.88e-20 0.79672
64313 -25.72 45.90 8.09e-20 0.80983
64310 -28.87 43.83 7.26e-20 0.82469
63155 -64.02 69.92 1.10e-19 0.76374
63149 -69.50 70.00 1.07e-19 0.76840
64259 -20.22 45.15 8.24e-20 0.80730
64265 -12.75 48.42 9.60e-20 0.78539
64262 -16.62 46.88 8.96e-20 0.79567
65327 -83.36 62.69 8.09e-20 0.80996
57281 15.00 -74.00 -5.55e-21 -0.00555
64100 -154.30 88.50 1.21e-19 0.74450
64103 -154.30 87.50 1.19e-19 0.74774
65237 82.04 80.22 1.25e-19 0.73701
65234 71.87 82.83 1.27e-19 0.73220
64106 -154.30 86.50 1.18e-19 0.75107
65231 52.03 85.01 1.28e-19 0.72914
65228 15.00 86.00 1.28e-19 0.72807
65267 -76.03 66.00 9.44e-20 0.78810
64088 20.50 44.00 9.06e-20 0.79395
64193 2.01 45.89 9.47e-20 0.78737
64190 -2.11 45.05 9.10e-20 0.79329
64157 -154.30 77.50 9.56e-20 0.78601
64154 -154.30 71.50 7.77e-20 0.81539
64151 -154.30 72.50 8.08e-20 0.81008
64148 -154.30 73.50 8.38e-20 0.80495
64196 6.26 46.51 9.74e-20 0.78342
64982 15.00 74.00 1.24e-19 0.69950
64985 25.77 73.73 1.28e-19 0.70583
65369 114.82 74.77 1.08e-19 0.76681
64979 4.23 73.73 1.28e-19 0.70583
65375 113.60 68.75 9.60e-20 0.78545
65372 114.03 71.77 1.02e-19 0.77550
65366 116.22 77.76 1.12e-19 0.75961
65360 124.24 83.64 1.18e-19 0.74965
65363 118.82 80.73 1.16e-19 0.75389
65459 174.45 81.43 1.07e-19 0.76861
65462 158.42 79.90 1.05e-19 0.77103
65465 147.41 77.77 1.03e-19 0.77514
63173 -53.39 69.25 1.15e-19 0.75576
65036 -20.23 74.26 1.29e-19 0.72133
65270 -75.25 69.00 1.02e-19 0.77676
65273 -74.36 72.00 1.08e-19 0.76684
64952 71.94 57.20 9.90e-20 0.78080
65276 -73.29 74.99 1.13e-19 0.75817
65030 -35.21 70.32 1.24e-19 0.73772
65033 -28.52 72.43 1.28e-19 0.72914
64808 22.07 64.82 1.29e-19 0.72133
64811 28.94 64.29 1.29e-19 0.72491
65501 148.54 73.33 9.10e-20 0.79321
63353 80.22 67.15 1.13e-19 0.75819
64817 41.53 62.26 1.25e-19 0.73703
63005 15.00 -90.00 -1.22e-20 -0.01224
63389 62.51 61.46 1.14e-19 0.75658
62999 15.00 -74.00 -5.55e-21 -0.00555
63395 59.77 60.10 1.13e-19 0.75806
65507 -152.81 75.64 9.04e-20 0.79421
65054 50.23 74.26 1.29e-19 0.72133
65096 -16.27 78.38 1.29e-19 0.71878
65051 40.07 75.72 1.29e-19 0.71437
65048 28.12 76.67 1.28e-19 0.70860
65090 -36.13 74.51 1.27e-19 0.73219
65093 -27.58 76.63 1.29e-19 0.72490
65057 58.52 72.43 1.28e-19 0.72914
64496 44.37 58.15 1.18e-19 0.75087
64490 33.56 60.56 1.25e-19 0.73702
64493 39.17 59.48 1.22e-19 0.74328
63017 15.00 -90.00 -1.22e-20 -0.01224
63305 121.38 69.66 9.37e-20 0.78888
63011 15.00 -74.00 -5.55e-21 -0.00555
63299 126.61 69.25 8.99e-20 0.79507
64058 20.50 62.00 1.28e-19 0.72852
64061 20.50 60.00 1.26e-19 0.73422
64067 20.50 58.00 1.23e-19 0.74026
64802 7.93 64.82 1.29e-19 0.72133
64805 15.00 65.00 1.29e-19 0.72005
64799 1.06 64.29 1.29e-19 0.72491
64907 -29.72 63.95 1.20e-19 0.74709
64904 -34.39 61.83 1.14e-19 0.75731
64898 -41.94 57.20 9.90e-20 0.78080
64901 -38.43 59.57 1.07e-19 0.76850
64829 60.59 55.29 1.03e-19 0.77505
64379 -31.37 46.31 7.79e-20 0.81496
64367 48.58 49.61 9.60e-20 0.78540
64364 44.55 51.21 1.02e-19 0.77547
64361 40.23 52.61 1.08e-19 0.76681
64358 35.61 53.80 1.12e-19 0.75969
63371 72.27 65.14 1.15e-19 0.75578
63101 -146.50 74.10 8.65e-20 0.80055
63107 41.70 76.00 1.29e-19 0.71536
63968 -159.50 80.00 1.02e-19 0.77566
64343 9.65 55.86 1.20e-19 0.74710
63365 76.09 66.19 1.14e-19 0.75663
64247 33.10 47.99 9.90e-20 0.78082
64340 4.38 55.44 1.18e-19 0.74971
64244 28.75 48.86 1.03e-19 0.77516
64238 19.66 49.87 1.07e-19 0.76852
64346 15.00 56.00 1.20e-19 0.74621
64241 24.26 49.49 1.05e-19 0.77104
64268 -8.62 49.77 1.02e-19 0.77678
64271 -4.25 50.90 1.06e-19 0.76952
64274 0.34 51.81 1.10e-19 0.76396
64277 5.12 52.47 1.12e-19 0.75989
65264 -76.74 62.99 8.64e-20 0.80079
65261 -77.40 59.97 7.79e-20 0.81496
65258 101.35 59.93 8.25e-20 0.80710
65324 -83.42 59.64 7.26e-20 0.82468
65321 107.40 59.97 7.79e-20 0.81496
65318 106.74 62.99 8.64e-20 0.80079
64145 -154.30 74.50 8.68e-20 0.79999
65189 93.62 62.41 9.47e-20 0.78739
65195 -71.35 59.93 8.25e-20 0.80710
64139 -154.30 76.50 9.28e-20 0.79052
65441 -105.01 72.61 9.44e-20 0.78804
65438 -101.49 69.80 8.88e-20 0.79684
65444 -110.04 75.29 9.90e-20 0.78077
65447 -117.41 77.77 1.03e-19 0.77514
63341 89.39 68.69 1.11e-19 0.76280
63347 84.65 67.98 1.12e-19 0.76020
65018 -45.03 65.56 1.14e-19 0.75730
65027 -40.62 68.01 1.20e-19 0.74707
65159 -8.31 82.40 1.29e-19 0.72133
63239 -16.23 58.68 1.18e-19 0.75067
63245 -13.89 57.20 1.16e-19 0.75347
65165 38.31 82.40 1.29e-19 0.72133
63419 50.72 54.13 1.06e-19 0.76967
64943 59.72 63.95 1.20e-19 0.74709
64946 64.39 61.83 1.14e-19 0.75731
64847 -30.17 59.65 1.12e-19 0.75985
65141 -58.92 68.10 1.10e-19 0.76391
65138 -61.49 65.27 1.03e-19 0.77507
64838 67.39 50.87 8.61e-20 0.80128
64841 -37.82 55.26 9.74e-20 0.78327
64844 -34.24 57.52 1.05e-19 0.77100
64478 8.63 61.84 1.28e-19 0.72915
64481 15.00 62.00 1.28e-19 0.72807
64484 21.37 61.84 1.28e-19 0.72915
64487 27.59 61.35 1.27e-19 0.73220
64421 26.51 58.40 1.23e-19 0.74048
64424 32.00 57.66 1.21e-19 0.74490
64853 -20.33 63.41 1.23e-19 0.74046
64850 -25.56 61.63 1.18e-19 0.74972
64856 -14.43 64.97 1.27e-19 0.73221
63143 -74.98 69.92 1.04e-19 0.77366
64307 50.22 45.15 8.24e-20 0.80730
64298 38.62 49.77 1.02e-19 0.77678
64301 42.75 48.42 9.60e-20 0.78539
64304 46.62 46.88 8.96e-20 0.79567
64874 30.65 67.20 1.29e-19 0.71878
64868 15.00 68.00 1.29e-19 0.71266
64871 22.96 67.80 1.29e-19 0.71436
64877 37.85 66.25 1.29e-19 0.72492
64022 20.50 86.00 1.28e-19 0.72813
64025 20.50 84.00 1.29e-19 0.72277
64397 -16.66 53.94 1.08e-19 0.76690
64019 20.50 88.00 1.26e-19 0.73381
64394 -20.85 52.27 1.02e-19 0.77676
64388 -28.18 48.44 8.64e-20 0.80080
64391 -24.68 50.43 9.44e-20 0.78804
64214 32.11 45.05 9.10e-20 0.79329
64097 -154.30 89.50 1.23e-19 0.74136
64211 27.99 45.89 9.47e-20 0.78737
65219 -52.04 80.22 1.25e-19 0.73701
64217 -11.20 45.58 8.88e-20 0.79677
65222 -41.87 82.83 1.27e-19 0.73220
64427 37.23 56.66 1.18e-19 0.75088
64199 10.61 46.88 9.90e-20 0.78092
64202 15.00 47.00 9.95e-20 0.78000
64205 19.39 46.88 9.90e-20 0.78092
64976 -5.87 72.94 1.29e-19 0.71266
64973 -14.88 71.70 1.29e-19 0.72006
64970 -22.64 70.09 1.28e-19 0.72805
65450 -128.42 79.90 1.05e-19 0.77103
65453 -144.45 81.43 1.07e-19 0.76861
65162 15.00 83.00 1.29e-19 0.72005
63203 -31.27 65.14 1.21e-19 0.74546
65279 -71.91 77.98 1.18e-19 0.75086
65285 -66.36 83.93 1.23e-19 0.74047
65282 -69.91 80.96 1.21e-19 0.74490
65471 135.01 72.61 9.44e-20 0.78804
65468 140.04 75.29 9.90e-20 0.78077
65474 131.49 69.80 8.88e-20 0.79684
65477 -118.54 73.33 9.10e-20 0.79321
62993 15.00 -90.00 -1.22e-20 -0.01224
64940 54.30 65.88 1.24e-19 0.73769
65099 -1.81 79.57 1.29e-19 0.71436
65105 31.81 79.57 1.29e-19 0.71436
65102 15.00 80.00 1.29e-19 0.71266
64688 60.98 50.85 9.10e-20 0.79318
65405 -115.34 82.12 1.12e-19 0.75986
65402 -105.13 79.58 1.10e-19 0.76395
65399 -99.24 76.82 1.06e-19 0.76961
63269 -6.11 50.90 1.06e-19 0.77063
63275 -4.48 49.24 1.02e-19 0.77629
64037 20.50 76.00 1.27e-19 0.70464
64034 20.50 78.00 1.28e-19 0.70852
64028 20.50 82.00 1.29e-19 0.71771
64031 20.50 80.00 1.29e-19 0.71294
64916 -10.90 69.01 1.29e-19 0.72133
64793 -11.53 62.26 1.25e-19 0.73703
64790 -17.07 60.82 1.21e-19 0.74487
64910 -24.30 65.88 1.24e-19 0.73769
64913 -18.05 67.59 1.28e-19 0.72913
64796 -5.47 63.42 1.27e-19 0.73025
65144 -55.70 70.89 1.16e-19 0.75392
64430 42.12 55.41 1.13e-19 0.75823
64433 46.66 53.94 1.08e-19 0.76690
64349 20.35 55.86 1.20e-19 0.74710
64352 25.62 55.44 1.18e-19 0.74971
64355 30.72 54.74 1.16e-19 0.75384
63383 65.50 62.76 1.15e-19 0.75569
63113 -138.30 76.00 9.33e-20 0.78963
64436 50.85 52.27 1.02e-19 0.77676
64334 -5.61 53.80 1.12e-19 0.75969
65504 -141.78 74.62 8.88e-20 0.79675
64331 -10.23 52.61 1.08e-19 0.76681
64328 -14.55 51.21 1.02e-19 0.77547
64169 15.00 41.00 8.18e-20 0.80826
64172 18.97 40.88 8.13e-20 0.80912
64175 6.71 43.52 8.88e-20 0.79694
64337 -0.72 54.74 1.16e-19 0.75384
64814 35.47 63.42 1.27e-19 0.73025
65147 -51.53 73.61 1.21e-19 0.74492
65249 96.90 68.78 1.06e-19 0.76962
64085 20.50 46.00 9.64e-20 0.78482
65336 -84.03 71.77 1.02e-19 0.77550
65252 98.64 65.84 9.90e-20 0.78074
65255 100.10 62.89 9.10e-20 0.79316
65330 -83.40 65.72 8.88e-20 0.79682
65333 -83.60 68.75 9.60e-20 0.78545
64418 20.81 58.85 1.24e-19 0.73771
64133 -154.30 79.50 1.01e-19 0.77740
65186 91.49 65.27 1.03e-19 0.77507
64136 -154.30 78.50 9.85e-20 0.78164
65183 88.92 68.10 1.10e-19 0.76391
65180 85.70 70.89 1.16e-19 0.75392
65192 95.42 59.53 8.61e-20 0.80111
65414 164.13 84.15 1.14e-19 0.75741
65432 121.61 68.04 8.96e-20 0.79558
65435 120.51 65.03 8.24e-20 0.80729
63263 -7.85 52.53 1.09e-19 0.76554
65429 123.21 71.02 9.60e-20 0.78551
65408 -134.13 84.15 1.14e-19 0.75741
63317 110.50 70.00 1.01e-19 0.77824
63311 115.98 69.92 9.74e-20 0.78345
65009 76.59 58.92 9.95e-20 0.77990
65015 -48.69 63.02 1.07e-19 0.76861
65012 -51.77 60.39 9.90e-20 0.78077
65528 -165.00 70.00 7.26e-20 0.82460
65531 -165.00 67.00 6.33e-20 0.84271
63413 52.73 55.69 1.09e-19 0.76594
64955 -46.59 58.92 9.95e-20 0.77990
64949 68.43 59.57 1.07e-19 0.76850
65111 57.58 76.63 1.29e-19 0.72490
65168 55.98 80.83 1.29e-19 0.72490
65108 46.27 78.38 1.29e-19 0.71878
65114 66.13 74.51 1.27e-19 0.73219
65117 72.61 72.15 1.23e-19 0.74046
64862 -0.65 67.20 1.29e-19 0.71878
64835 64.18 53.14 9.47e-20 0.78753
65456 -165.00 82.00 1.07e-19 0.76772
64469 -9.17 59.48 1.22e-19 0.74328
64475 2.41 61.35 1.27e-19 0.73220
64472 -3.56 60.56 1.25e-19 0.73702
65513 -177.19 75.64 9.04e-20 0.79421
65510 -165.00 76.00 9.09e-20 0.79346
65516 171.78 74.62 8.88e-20 0.79675
64451 -34.20 48.66 8.25e-20 0.80711
64454 -30.98 50.85 9.10e-20 0.79318
63905 -159.50 78.00 9.68e-20 0.78420
64289 24.88 52.47 1.12e-19 0.75989
64295 34.25 50.90 1.06e-19 0.76952
64292 29.66 51.81 1.10e-19 0.76396
64883 50.33 63.41 1.23e-19 0.74046
64880 44.43 64.97 1.27e-19 0.73221
65498 156.21 75.54 9.47e-20 0.78745
63584 -159.50 72.00 7.89e-20 0.81331
64886 55.56 61.63 1.18e-19 0.74972
64406 -2.00 57.66 1.21e-19 0.74490
65378 113.40 65.72 8.88e-20 0.79682
64403 -7.23 56.66 1.18e-19 0.75088
64400 -12.12 55.41 1.13e-19 0.75823
64223 -3.10 47.99 9.90e-20 0.78082
64220 -7.26 46.89 9.43e-20 0.78797
64118 -154.30 82.50 1.09e-19 0.76544
64121 -154.30 81.50 1.06e-19 0.76931
64226 1.25 48.86 1.03e-19 0.77516
64124 -154.30 80.50 1.04e-19 0.77329
63161 -58.62 69.66 1.13e-19 0.75945
