65006 73.24 61.42 2.34e-19 1.67269
65000 64.69 66.09 2.49e-19 1.54251
65003 69.32 63.82 2.43e-19 1.60628
63197 -35.09 66.19 2.48e-19 1.54327
64142 -154.30 75.50 2.06e-19 1.82518
63191 -39.22 67.15 2.48e-19 1.55275
65213 -57.99 77.44 2.50e-19 1.52385
65210 -61.92 74.59 2.46e-19 1.57175
65294 86.94 86.84 2.51e-19 1.48728
65291 15.00 89.00 2.51e-19 1.48098
65288 -56.94 86.84 2.51e-19 1.48728
65075 -57.47 61.57 2.19e-19 1.76078
62987 15.00 -74.00 -3.49e-20 -0.03494
65072 81.77 60.39 2.21e-19 1.74689
65486 -149.69 78.56 2.21e-19 1.74684
65069 78.69 63.02 2.33e-19 1.67757
65420 135.13 79.58 2.37e-19 1.65066
62981 15.00 -90.00 -1.10e-19 -0.11037
65483 -136.50 77.35 2.19e-19 1.76088
65156 -25.98 80.83 2.48e-19 1.39864
65426 125.59 73.95 2.26e-19 1.72429
65480 -126.21 75.54 2.15e-19 1.78345
63281 -2.95 47.55 2.20e-19 1.75638
63287 -1.51 45.84 2.13e-19 1.79374
65150 -45.89 76.23 2.51e-19 1.48263
65390 -91.61 68.04 2.06e-19 1.82737
63227 -18.77 60.10 2.48e-19 1.55600
65393 -93.21 71.02 2.17e-19 1.77245
65396 -95.59 73.95 2.26e-19 1.72429
63221 -21.51 61.46 2.48e-19 1.54541
63443 45.48 49.24 2.18e-19 1.76555
64046 20.50 70.00 2.31e-19 1.27474
64082 20.50 48.00 2.26e-19 1.72134
64043 20.50 72.00 2.24e-19 1.24163
64040 20.50 74.00 2.19e-19 1.22222
64781 -30.59 55.29 2.27e-19 1.71482
64778 -34.18 53.14 2.15e-19 1.78359
64784 -26.57 57.31 2.37e-19 1.65064
64079 20.50 50.00 2.34e-19 1.67531
64787 -22.08 59.16 2.45e-19 1.59037
64919 -2.88 70.09 2.39e-19 1.31939
64925 15.00 71.00 2.26e-19 1.24972
64922 5.86 70.77 2.31e-19 1.27289
64439 54.68 50.43 2.14e-19 1.78658
64445 61.37 46.31 1.85e-19 1.92902
64442 58.18 48.44 2.00e-19 1.85477
63119 -95.35 67.98 2.02e-19 1.84709
63125 -90.61 68.69 2.10e-19 1.80879
63377 68.74 63.99 2.44e-19 1.59996
64544 53.49 54.84 2.32e-19 1.68346
64187 23.29 43.52 2.04e-19 1.83434
64325 -18.58 49.61 2.17e-19 1.77228
63776 -159.50 74.00 1.98e-19 1.86658
64181 15.00 44.00 2.08e-19 1.81594
64178 10.84 43.88 2.07e-19 1.82057
64184 19.16 43.88 2.07e-19 1.82057
64013 -159.50 88.00 2.49e-19 1.54237
64250 37.26 46.89 2.14e-19 1.78645
64253 41.20 45.58 2.04e-19 1.83404
64073 20.50 54.00 2.45e-19 1.58743
64070 20.50 56.00 2.48e-19 1.54527
65246 94.74 71.70 2.41e-19 1.62521
65492 179.69 78.56 2.21e-19 1.74684
65243 91.92 74.59 2.46e-19 1.57175
65495 166.50 77.35 2.19e-19 1.76088
64076 20.50 52.00 2.40e-19 1.63073
65240 87.99 77.44 2.50e-19 1.52385
64208 23.74 46.51 2.19e-19 1.76092
64457 -27.42 52.92 2.22e-19 1.74668
65177 81.53 73.61 2.49e-19 1.53428
64166 11.03 40.88 1.91e-19 1.89888
64163 15.00 38.00 1.74e-19 1.97844
65171 67.87 78.68 2.50e-19 1.43665
64094 20.50 40.00 1.85e-19 1.92439
65174 75.89 76.23 2.51e-19 1.48263
64160 15.00 35.00 1.56e-19 2.06974
65387 -90.51 65.03 1.93e-19 1.88946
63257 -9.72 54.13 2.40e-19 1.63328
65297 96.36 83.93 2.50e-19 1.50554
63251 -11.73 55.69 2.43e-19 1.60921
65381 113.36 62.69 1.90e-19 1.90287
65384 113.42 59.64 1.74e-19 1.97860
65357 139.00 86.38 2.48e-19 1.54807
65348 -94.24 83.64 2.47e-19 1.56433
65351 -109.00 86.38 2.48e-19 1.54807
64091 20.50 42.00 1.97e-19 1.87027
65354 -165.00 88.00 2.49e-19 1.54254
63179 -48.39 68.69 2.45e-19 1.58227
63185 -43.65 67.98 2.47e-19 1.56581
63323 105.02 69.92 2.29e-19 1.70661
65342 -86.22 77.76 2.41e-19 1.62515
65345 -88.82 80.73 2.45e-19 1.59043
65339 -84.82 74.77 2.35e-19 1.66751
65045 15.00 77.00 2.26e-19 1.24972
65042 1.88 76.67 2.31e-19 1.27294
65039 -10.07 75.72 2.39e-19 1.31934
63407 54.89 57.20 2.38e-19 1.64333
65423 129.24 76.82 2.32e-19 1.68354
64823 52.08 59.16 2.45e-19 1.59037
65489 -165.00 79.00 2.22e-19 1.74236
64820 47.07 60.82 2.49e-19 1.53425
64967 -29.19 68.20 2.51e-19 1.48098
64964 -34.69 66.09 2.49e-19 1.54251
63401 57.23 58.68 2.40e-19 1.62794
63095 40.40 47.00 2.12e-19 1.79615
64961 -39.32 63.82 2.43e-19 1.60628
64958 -43.24 61.42 2.34e-19 1.67269
64826 56.57 57.31 2.37e-19 1.65064
65063 70.62 68.01 2.48e-19 1.54807
65126 84.80 64.32 2.31e-19 1.69172
65060 65.21 70.32 2.51e-19 1.48728
65123 81.58 67.01 2.41e-19 1.62631
65066 75.03 65.56 2.42e-19 1.61132
65120 77.61 69.63 2.47e-19 1.56434
64592 57.42 52.92 2.22e-19 1.74668
64499 49.14 56.59 2.41e-19 1.62513
65519 -154.87 72.69 1.91e-19 1.89866
65522 -165.00 73.00 1.92e-19 1.89428
65525 -175.13 72.69 1.91e-19 1.89866
63293 -0.15 44.10 2.05e-19 1.83346
64055 20.50 64.00 2.47e-19 1.38576
64052 20.50 66.00 2.43e-19 1.34782
64466 -14.37 58.15 2.46e-19 1.57176
64049 20.50 68.00 2.38e-19 1.31069
64463 -19.14 56.59 2.41e-19 1.62513
64460 -23.49 54.84 2.32e-19 1.68346
64889 60.17 59.65 2.41e-19 1.62635
64895 67.82 55.26 2.19e-19 1.76068
64892 64.24 57.52 2.31e-19 1.69165
65225 -22.03 85.01 2.50e-19 1.42870
64376 58.87 43.83 1.74e-19 1.97862
64004 -159.50 82.00 2.34e-19 1.67215
64370 52.30 47.83 2.04e-19 1.83395
64007 -159.50 84.00 2.40e-19 1.62766
64373 55.72 45.90 1.90e-19 1.90262
64229 5.74 49.49 2.31e-19 1.69171
64235 15.00 50.00 2.34e-19 1.67271
64232 10.34 49.87 2.33e-19 1.67744
64109 -154.30 85.50 2.44e-19 1.59417
64115 -154.30 83.50 2.39e-19 1.63733
64112 -154.30 84.50 2.42e-19 1.61559
63809 -159.50 76.00 2.08e-19 1.81505
64283 15.00 53.00 2.43e-19 1.60629
64280 10.03 52.87 2.42e-19 1.61143
64286 19.97 52.87 2.42e-19 1.61143
65312 105.25 69.00 2.26e-19 1.72426
65315 106.03 66.00 2.14e-19 1.78667
65309 104.36 72.00 2.35e-19 1.66755
65306 103.29 74.99 2.42e-19 1.61649
65198 -70.10 62.89 2.08e-19 1.81468
65201 -68.64 65.84 2.22e-19 1.74661
65204 -66.90 68.78 2.32e-19 1.68356
65207 -64.74 71.70 2.41e-19 1.62521
65300 99.91 80.96 2.49e-19 1.53426
65303 101.91 77.98 2.46e-19 1.57175
65078 -54.80 64.32 2.31e-19 1.69172
65081 -51.58 67.01 2.41e-19 1.62631
65411 -165.00 85.00 2.43e-19 1.60629
65084 -47.61 69.63 2.47e-19 1.56434
65087 -42.61 72.15 2.50e-19 1.50553
64859 -7.85 66.25 2.48e-19 1.39860
64865 7.04 67.80 2.39e-19 1.31932
65417 145.34 82.12 2.41e-19 1.62637
63329 99.62 69.66 2.32e-19 1.68290
63335 94.39 69.25 2.36e-19 1.66197
63449 43.95 47.55 2.12e-19 1.79818
63455 42.51 45.84 2.04e-19 1.83374
64994 52.64 70.09 2.49e-19 1.42126
64988 35.87 72.94 2.37e-19 1.30586
64991 44.88 71.70 2.45e-19 1.36295
63215 -24.50 62.76 2.49e-19 1.53876
65153 -37.87 78.68 2.50e-19 1.43665
64997 59.19 68.20 2.51e-19 1.48098
63209 -27.74 63.99 2.49e-19 1.53621
64934 40.90 69.01 2.46e-19 1.37251
64016 14.04 90.00 2.50e-19 1.50128
64931 32.88 70.09 2.39e-19 1.31939
63431 48.85 52.53 2.28e-19 1.70825
64928 24.14 70.77 2.31e-19 1.27289
64010 -159.50 86.00 2.45e-19 1.58445
63473 -159.50 70.00 1.74e-19 1.97721
64937 48.05 67.59 2.50e-19 1.42872
63437 47.11 50.90 2.24e-19 1.73553
65132 -65.42 59.53 2.00e-19 1.85686
65135 -63.62 62.41 2.15e-19 1.78334
65129 87.47 61.57 2.19e-19 1.76078
64772 64.20 48.66 1.93e-19 1.88844
64775 -37.39 50.87 2.00e-19 1.85717
64415 15.00 59.00 2.51e-19 1.48098
64412 9.19 58.85 2.51e-19 1.48728
64409 3.49 58.40 2.50e-19 1.50554
63137 -80.38 69.66 2.23e-19 1.73811
63131 -85.61 69.25 2.17e-19 1.77229
64316 -22.30 47.83 2.04e-19 1.83395
64313 -25.72 45.90 1.90e-19 1.90262
64310 -28.87 43.83 1.74e-19 1.97862
63155 -64.02 69.92 2.38e-19 1.64923
63149 -69.50 70.00 2.33e-19 1.67659
64259 -20.22 45.15 1.93e-19 1.88948
64265 -12.75 48.42 2.17e-19 1.77226
64262 -16.62 46.88 2.06e-19 1.82754
65327 -83.36 62.69 1.90e-19 1.90287
57281 15.00 -74.00 -3.49e-20 -0.03494
64100 -154.30 88.50 2.49e-19 1.53164
64103 -154.30 87.50 2.48e-19 1.55221
65237 82.04 80.22 2.51e-19 1.48263
65234 71.87 82.83 2.51e-19 1.45004
64106 -154.30 86.50 2.46e-19 1.57304
65231 52.03 85.01 2.50e-19 1.42870
65228 15.00 86.00 2.49e-19 1.42124
65267 -76.03 66.00 2.14e-19 1.78667
64088 20.50 44.00 2.08e-19 1.81858
64193 2.01 45.89 2.14e-19 1.78332
64190 -2.11 45.05 2.08e-19 1.81490
64157 -154.30 77.50 2.16e-19 1.77556
64154 -154.30 71.50 1.84e-19 1.93125
64151 -154.30 72.50 1.90e-19 1.90378
64148 -154.30 73.50 1.95e-19 1.87698
64196 6.26 46.51 2.19e-19 1.76092
64982 15.00 74.00 2.12e-19 1.19431
64985 25.77 73.73 2.26e-19 1.24975
65369 114.82 74.77 2.35e-19 1.66751
64979 4.23 73.73 2.26e-19 1.24975
65375 113.60 68.75 2.17e-19 1.77236
65372 114.03 71.77 2.27e-19 1.71684
65366 116.22 77.76 2.41e-19 1.62515
65360 124.24 83.64 2.47e-19 1.56433
65363 118.82 80.73 2.45e-19 1.59043
65459 174.45 81.43 2.33e-19 1.67756
65462 158.42 79.90 2.31e-19 1.69168
65465 147.41 77.77 2.27e-19 1.71495
63173 -53.39 69.25 2.43e-19 1.60178
65036 -20.23 74.26 2.46e-19 1.37251
65270 -75.25 69.00 2.26e-19 1.72426
65273 -74.36 72.00 2.35e-19 1.66755
64952 71.94 57.20 2.21e-19 1.74694
65276 -73.29 74.99 2.42e-19 1.61649
65030 -35.21 70.32 2.51e-19 1.48728
65033 -28.52 72.43 2.50e-19 1.42871
64808 22.07 64.82 2.46e-19 1.37248
64811 28.94 64.29 2.48e-19 1.39861
65501 148.54 73.33 2.08e-19 1.81476
63353 80.22 67.15 2.42e-19 1.61633
64817 41.53 62.26 2.51e-19 1.48263
63005 15.00 -90.00 -1.10e-19 -0.11037
63389 62.51 61.46 2.43e-19 1.60685
62999 15.00 -74.00 -3.49e-20 -0.03494
63395 59.77 60.10 2.42e-19 1.61566
65507 -152.81 75.64 2.07e-19 1.82034
65054 50.23 74.26 2.46e-19 1.37251
65096 -16.27 78.38 2.44e-19 1.35338
65051 40.07 75.72 2.39e-19 1.31934
65048 28.12 76.67 2.31e-19 1.27294
65090 -36.13 74.51 2.51e-19 1.45005
65093 -27.58 76.63 2.48e-19 1.39863
65057 58.52 72.43 2.50e-19 1.42871
64496 44.37 58.15 2.46e-19 1.57176
64490 33.56 60.56 2.51e-19 1.48263
64493 39.17 59.48 2.50e-19 1.52384
63017 15.00 -90.00 -1.10e-19 -0.11037
63305 121.38 69.66 2.13e-19 1.79158
63011 15.00 -74.00 -3.49e-20 -0.03494
63299 126.61 69.25 2.06e-19 1.82474
64058 20.50 62.00 2.50e-19 1.42444
64061 20.50 60.00 2.51e-19 1.46388
64067 20.50 58.00 2.50e-19 1.50413
64802 7.93 64.82 2.46e-19 1.37248
64805 15.00 65.00 2.45e-19 1.36296
64799 1.06 64.29 2.48e-19 1.39861
64907 -29.72 63.95 2.48e-19 1.54809
64904 -34.39 61.83 2.42e-19 1.61133
64898 -41.94 57.20 2.21e-19 1.74694
64901 -38.43 59.57 2.33e-19 1.67741
64829 60.59 55.29 2.27e-19 1.71482
64379 -31.37 46.31 1.85e-19 1.92902
64367 48.58 49.61 2.17e-19 1.77228
64364 44.55 51.21 2.27e-19 1.71679
64361 40.23 52.61 2.35e-19 1.66751
64358 35.61 53.80 2.41e-19 1.62524
63371 72.27 65.14 2.43e-19 1.60191
63101 -146.50 74.10 2.00e-19 1.85379
63107 41.70 76.00 2.40e-19 1.32713
63968 -159.50 80.00 2.27e-19 1.71807
64343 9.65 55.86 2.48e-19 1.54810
63365 76.09 66.19 2.43e-19 1.60733
64247 33.10 47.99 2.22e-19 1.74675
64340 4.38 55.44 2.47e-19 1.56439
64244 28.75 48.86 2.27e-19 1.71499
64238 19.66 49.87 2.33e-19 1.67744
64346 15.00 56.00 2.49e-19 1.54254
64241 24.26 49.49 2.31e-19 1.69171
64268 -8.62 49.77 2.26e-19 1.72428
64271 -4.25 50.90 2.32e-19 1.68341
64274 0.34 51.81 2.37e-19 1.65067
64277 5.12 52.47 2.41e-19 1.62641
65264 -76.74 62.99 2.00e-19 1.85475
65261 -77.40 59.97 1.85e-19 1.92900
65258 101.35 59.93 1.93e-19 1.88843
65324 -83.42 59.64 1.74e-19 1.97860
65321 107.40 59.97 1.85e-19 1.92900
65318 106.74 62.99 2.00e-19 1.85475
64145 -154.30 74.50 2.01e-19 1.85079
65189 93.62 62.41 2.15e-19 1.78334
65195 -71.35 59.93 1.93e-19 1.88843
64139 -154.30 76.50 2.11e-19 1.80012
65441 -105.01 72.61 2.14e-19 1.78658
65438 -101.49 69.80 2.04e-19 1.83417
65444 -110.04 75.29 2.22e-19 1.74666
65447 -117.41 77.77 2.27e-19 1.71495
63341 89.39 68.69 2.38e-19 1.64380
63347 84.65 67.98 2.40e-19 1.62848
65018 -45.03 65.56 2.42e-19 1.61132
65027 -40.62 68.01 2.48e-19 1.54807
65159 -8.31 82.40 2.46e-19 1.37250
63239 -16.23 58.68 2.46e-19 1.57035
63245 -13.89 57.20 2.45e-19 1.58806
65165 38.31 82.40 2.46e-19 1.37250
63419 50.72 54.13 2.32e-19 1.68379
64943 59.72 63.95 2.48e-19 1.54809
64946 64.39 61.83 2.42e-19 1.61133
64847 -30.17 59.65 2.41e-19 1.62635
65141 -58.92 68.10 2.37e-19 1.65061
65138 -61.49 65.27 2.27e-19 1.71485
64838 67.39 50.87 2.00e-19 1.85717
64841 -37.82 55.26 2.19e-19 1.76068
64844 -34.24 57.52 2.31e-19 1.69165
64478 8.63 61.84 2.50e-19 1.42870
64481 15.00 62.00 2.49e-19 1.42124
64484 21.37 61.84 2.50e-19 1.42870
64487 27.59 61.35 2.51e-19 1.45004
64421 26.51 58.40 2.50e-19 1.50554
64424 32.00 57.66 2.49e-19 1.53427
64853 -20.33 63.41 2.50e-19 1.50553
64850 -25.56 61.63 2.47e-19 1.56439
64856 -14.43 64.97 2.51e-19 1.45004
63143 -74.98 69.92 2.29e-19 1.70642
64307 50.22 45.15 1.93e-19 1.88948
64298 38.62 49.77 2.26e-19 1.72428
64301 42.75 48.42 2.17e-19 1.77226
64304 46.62 46.88 2.06e-19 1.82754
64874 30.65 67.20 2.44e-19 1.35343
64868 15.00 68.00 2.37e-19 1.30587
64871 22.96 67.80 2.39e-19 1.31932
64877 37.85 66.25 2.48e-19 1.39860
64022 20.50 86.00 2.50e-19 1.42172
64025 20.50 84.00 2.47e-19 1.38309
64397 -16.66 53.94 2.35e-19 1.66763
64019 20.50 88.00 2.51e-19 1.46110
64394 -20.85 52.27 2.26e-19 1.72426
64388 -28.18 48.44 2.00e-19 1.85477
64391 -24.68 50.43 2.14e-19 1.78658
64214 32.11 45.05 2.08e-19 1.81490
64097 -154.30 89.50 2.50e-19 1.51134
64211 27.99 45.89 2.14e-19 1.78332
65219 -52.04 80.22 2.51e-19 1.48263
64217 -11.20 45.58 2.04e-19 1.83404
65222 -41.87 82.83 2.51e-19 1.45004
64427 37.23 56.66 2.46e-19 1.57178
64199 10.61 46.88 2.21e-19 1.74713
64202 15.00 47.00 2.22e-19 1.74236
64205 19.39 46.88 2.21e-19 1.74713
64976 -5.87 72.94 2.37e-19 1.30586
64973 -14.88 71.70 2.45e-19 1.36295
64970 -22.64 70.09 2.49e-19 1.42126
65450 -128.42 79.90 2.31e-19 1.69168
65453 -144.45 81.43 2.33e-19 1.67756
65162 15.00 83.00 2.45e-19 1.36296
63203 -31.27 65.14 2.49e-19 1.53774
65279 -71.91 77.98 2.46e-19 1.57175
65285 -66.36 83.93 2.50e-19 1.50554
65282 -69.91 80.96 2.49e-19 1.53426
65471 135.01 72.61 2.14e-19 1.78658
65468 140.04 75.29 2.22e-19 1.74666
65474 131.49 69.80 2.04e-19 1.83417
65477 -118.54 73.33 2.08e-19 1.81476
62993 15.00 -90.00 -1.10e-19 -0.11037
64940 54.30 65.88 2.51e-19 1.48727
65099 -1.81 79.57 2.39e-19 1.31933
65105 31.81 79.57 2.39e-19 1.31933
65102 15.00 80.00 2.37e-19 1.30587
64688 60.98 50.85 2.08e-19 1.81471
65405 -115.34 82.12 2.41e-19 1.62637
65402 -105.13 79.58 2.37e-19 1.65066
65399 -99.24 76.82 2.32e-19 1.68354
63269 -6.11 50.90 2.31e-19 1.68964
63275 -4.48 49.24 2.26e-19 1.72178
64037 20.50 76.00 2.23e-19 1.23957
64034 20.50 78.00 2.31e-19 1.27229
64028 20.50 82.00 2.43e-19 1.34519
64031 20.50 80.00 2.37e-19 1.30813
64916 -10.90 69.01 2.46e-19 1.37251
64793 -11.53 62.26 2.51e-19 1.48263
64790 -17.07 60.82 2.49e-19 1.53425
64910 -24.30 65.88 2.51e-19 1.48727
64913 -18.05 67.59 2.50e-19 1.42872
64796 -5.47 63.42 2.50e-19 1.43665
65144 -55.70 70.89 2.45e-19 1.59046
64430 42.12 55.41 2.42e-19 1.61656
64433 46.66 53.94 2.35e-19 1.66763
64349 20.35 55.86 2.48e-19 1.54810
64352 25.62 55.44 2.47e-19 1.56439
64355 30.72 54.74 2.45e-19 1.59038
63383 65.50 62.76 2.43e-19 1.60157
63113 -138.30 76.00 2.12e-19 1.79527
64436 50.85 52.27 2.26e-19 1.72426
64334 -5.61 53.80 2.41e-19 1.62524
65504 -141.78 74.62 2.04e-19 1.83401
64331 -10.23 52.61 2.35e-19 1.66751
64328 -14.55 51.21 2.27e-19 1.71679
64169 15.00 41.00 1.92e-19 1.89428
64172 18.97 40.88 1.91e-19 1.89888
64175 6.71 43.52 2.04e-19 1.83434
64337 -0.72 54.74 2.45e-19 1.59038
64814 35.47 63.42 2.50e-19 1.43665
65147 -51.53 73.61 2.49e-19 1.53428
65249 96.90 68.78 2.32e-19 1.68356
64085 20.50 46.00 2.17e-19 1.76903
65336 -84.03 71.77 2.27e-19 1.71684
65252 98.64 65.84 2.22e-19 1.74661
65255 100.10 62.89 2.08e-19 1.81468
65330 -83.40 65.72 2.04e-19 1.83413
65333 -83.60 68.75 2.17e-19 1.77236
64418 20.81 58.85 2.51e-19 1.48728
64133 -154.30 79.50 2.25e-19 1.72785
65186 91.49 65.27 2.27e-19 1.71485
64136 -154.30 78.50 2.21e-19 1.75148
65183 88.92 68.10 2.37e-19 1.65061
65180 85.70 70.89 2.45e-19 1.59046
65192 95.42 59.53 2.00e-19 1.85686
65414 164.13 84.15 2.42e-19 1.61143
65432 121.61 68.04 2.06e-19 1.82737
65435 120.51 65.03 1.93e-19 1.88946
63263 -7.85 52.53 2.36e-19 1.66010
65429 123.21 71.02 2.17e-19 1.77245
65408 -134.13 84.15 2.42e-19 1.61143
63317 110.50 70.00 2.24e-19 1.73256
63311 115.98 69.92 2.19e-19 1.76113
65009 76.59 58.92 2.22e-19 1.74221
65015 -48.69 63.02 2.33e-19 1.67757
65012 -51.77 60.39 2.21e-19 1.74689
65528 -165.00 70.00 1.74e-19 1.97844
65531 -165.00 67.00 1.56e-19 2.06974
63413 52.73 55.69 2.36e-19 1.66213
64955 -46.59 58.92 2.22e-19 1.74221
64949 68.43 59.57 2.33e-19 1.67741
65111 57.58 76.63 2.48e-19 1.39863
65168 55.98 80.83 2.48e-19 1.39864
65108 46.27 78.38 2.44e-19 1.35338
65114 66.13 74.51 2.51e-19 1.45005
65117 72.61 72.15 2.50e-19 1.50553
64862 -0.65 67.20 2.44e-19 1.35343
64835 64.18 53.14 2.15e-19 1.78359
65456 -165.00 82.00 2.34e-19 1.67271
64469 -9.17 59.48 2.50e-19 1.52384
64475 2.41 61.35 2.51e-19 1.45004
64472 -3.56 60.56 2.51e-19 1.48263
65513 -177.19 75.64 2.07e-19 1.82034
65510 -165.00 76.00 2.08e-19 1.81594
65516 171.78 74.62 2.04e-19 1.83401
64451 -34.20 48.66 1.93e-19 1.88844
64454 -30.98 50.85 2.08e-19 1.81471
63905 -159.50 78.00 2.18e-19 1.76563
64289 24.88 52.47 2.41e-19 1.62641
64295 34.25 50.90 2.32e-19 1.68341
64292 29.66 51.81 2.37e-19 1.65067
64883 50.33 63.41 2.50e-19 1.50553
64880 44.43 64.97 2.51e-19 1.45004
65498 156.21 75.54 2.15e-19 1.78345
63584 -159.50 72.00 1.86e-19 1.92052
64886 55.56 61.63 2.47e-19 1.56439
64406 -2.00 57.66 2.49e-19 1.53427
65378 113.40 65.72 2.04e-19 1.83413
64403 -7.23 56.66 2.46e-19 1.57178
64400 -12.12 55.41 2.42e-19 1.61656
64223 -3.10 47.99 2.22e-19 1.74675
64220 -7.26 46.89 2.14e-19 1.78645
64118 -154.30 82.50 2.36e-19 1.65941
64121 -154.30 81.50 2.33e-19 1.68184
64226 1.25 48.86 2.27e-19 1.71499
64124 -154.30 80.50 2.29e-19 1.70465
63161 -58.62 69.66 2.41e-19 1.62414
