65006 73.24 61.42 1.43e-19 1.02114
65000 64.69 66.09 1.63e-19 1.01214
65003 69.32 63.82 1.53e-19 1.01435
63197 -35.09 66.19 1.63e-19 1.01213
64142 -154.30 75.50 1.19e-19 1.05148
63191 -39.22 67.15 1.62e-19 1.01228
65213 -57.99 77.44 1.66e-19 1.01244
65210 -61.92 74.59 1.59e-19 1.01261
65294 86.94 86.84 1.71e-19 1.01421
65291 15.00 89.00 1.72e-19 1.01468
65288 -56.94 86.84 1.71e-19 1.01421
65075 -57.47 61.57 1.29e-19 1.03644
62987 15.00 -74.00 -1.27e-19 -0.12727
65072 81.77 60.39 1.31e-19 1.03353
65486 -149.69 78.56 1.31e-19 1.03348
65069 78.69 63.02 1.42e-19 1.02190
65420 135.13 79.58 1.46e-19 1.01843
62981 15.00 -90.00 -1.79e-19 -0.17880
65483 -136.50 77.35 1.29e-19 1.03652
65156 -25.98 80.83 1.82e-19 1.02589
65426 125.59 73.95 1.35e-19 1.02932
65480 -126.21 75.54 1.25e-19 1.04137
63281 -2.95 47.55 1.30e-19 1.03545
63287 -1.51 45.84 1.24e-19 1.04381
65150 -45.89 76.23 1.72e-19 1.01453
65390 -91.61 68.04 1.18e-19 1.05203
63227 -18.77 60.10 1.61e-19 1.01228
65393 -93.21 71.02 1.27e-19 1.03902
65396 -95.59 73.95 1.35e-19 1.02932
63221 -21.51 61.46 1.63e-19 1.01217
63443 45.48 49.24 1.28e-19 1.03739
64046 20.50 70.00 1.93e-19 1.06282
64082 20.50 48.00 1.35e-19 1.02878
64043 20.50 72.00 1.94e-19 1.07739
64040 20.50 74.00 1.95e-19 1.08697
64781 -30.59 55.29 1.36e-19 1.02758
64778 -34.18 53.14 1.25e-19 1.04148
64784 -26.57 57.31 1.46e-19 1.01841
64079 20.50 50.00 1.42e-19 1.02151
64787 -22.08 59.16 1.56e-19 1.01329
64919 -2.88 70.09 1.90e-19 1.04646
64925 15.00 71.00 1.94e-19 1.07363
64922 5.86 70.77 1.93e-19 1.06357
64439 54.68 50.43 1.25e-19 1.04211
64445 61.37 46.31 1.03e-19 1.08149
64442 58.18 48.44 1.14e-19 1.05944
63119 -95.35 67.98 1.15e-19 1.05726
63125 -90.61 68.69 1.21e-19 1.04746
63377 68.74 63.99 1.54e-19 1.01393
64544 53.49 54.84 1.41e-19 1.02260
64187 23.29 43.52 1.17e-19 1.05392
64325 -18.58 49.61 1.27e-19 1.03888
63776 -159.50 74.00 1.13e-19 1.06267
64181 15.00 44.00 1.20e-19 1.04914
64178 10.84 43.88 1.20e-19 1.05033
64184 19.16 43.88 1.20e-19 1.05033
64013 -159.50 88.00 1.63e-19 1.01220
64250 37.26 46.89 1.25e-19 1.04201
64253 41.20 45.58 1.17e-19 1.05370
64073 20.50 54.00 1.56e-19 1.01325
64070 20.50 56.00 1.63e-19 1.01220
65246 94.74 71.70 1.50e-19 1.01588
65492 179.69 78.56 1.31e-19 1.03348
65243 91.92 74.59 1.59e-19 1.01261
65495 166.50 77.35 1.29e-19 1.03652
64076 20.50 52.00 1.50e-19 1.01635
65240 87.99 77.44 1.66e-19 1.01244
64208 23.74 46.51 1.29e-19 1.03656
64457 -27.42 52.92 1.31e-19 1.03355
65177 81.53 73.61 1.64e-19 1.01227
64166 11.03 40.88 1.08e-19 1.07211
64163 15.00 38.00 9.66e-20 1.09783
65171 67.87 78.68 1.78e-19 1.01952
64094 20.50 40.00 1.04e-19 1.08001
65174 75.89 76.23 1.72e-19 1.01453
64160 15.00 35.00 8.50e-20 1.13085
65387 -90.51 65.03 1.09e-19 1.06925
63257 -9.72 54.13 1.49e-19 1.01664
65297 96.36 83.93 1.68e-19 1.01311
63251 -11.73 55.69 1.53e-19 1.01463
65381 113.36 62.69 1.07e-19 1.07339
65384 113.42 59.64 9.66e-20 1.09794
65357 139.00 86.38 1.62e-19 1.01219
65348 -94.24 83.64 1.60e-19 1.01238
65351 -109.00 86.38 1.62e-19 1.01219
64091 20.50 42.00 1.12e-19 1.06371
65354 -165.00 88.00 1.63e-19 1.01220
63179 -48.39 68.69 1.57e-19 1.01305
63185 -43.65 67.98 1.60e-19 1.01247
63323 105.02 69.92 1.37e-19 1.02633
65342 -86.22 77.76 1.50e-19 1.01580
65345 -88.82 80.73 1.56e-19 1.01340
65339 -84.82 74.77 1.44e-19 1.02044
65045 15.00 77.00 1.94e-19 1.07363
65042 1.88 76.67 1.93e-19 1.06356
65039 -10.07 75.72 1.90e-19 1.04648
63407 54.89 57.20 1.48e-19 1.01754
65423 129.24 76.82 1.41e-19 1.02268
64823 52.08 59.16 1.56e-19 1.01329
65489 -165.00 79.00 1.32e-19 1.03270
64820 47.07 60.82 1.64e-19 1.01218
64967 -29.19 68.20 1.72e-19 1.01464
64964 -34.69 66.09 1.63e-19 1.01214
63401 57.23 58.68 1.50e-19 1.01617
63095 40.40 47.00 1.23e-19 1.04432
64961 -39.32 63.82 1.53e-19 1.01435
64958 -43.24 61.42 1.43e-19 1.02114
64826 56.57 57.31 1.46e-19 1.01841
65063 70.62 68.01 1.62e-19 1.01218
65126 84.80 64.32 1.40e-19 1.02393
65060 65.21 70.32 1.71e-19 1.01424
65123 81.58 67.01 1.50e-19 1.01591
65066 75.03 65.56 1.53e-19 1.01467
65120 77.61 69.63 1.60e-19 1.01240
64592 57.42 52.92 1.31e-19 1.03355
64499 49.14 56.59 1.50e-19 1.01577
65519 -154.87 72.69 1.08e-19 1.07195
65522 -165.00 73.00 1.08e-19 1.07074
65525 -175.13 72.69 1.08e-19 1.07195
63293 -0.15 44.10 1.18e-19 1.05369
64055 20.50 64.00 1.83e-19 1.02856
64052 20.50 66.00 1.87e-19 1.03790
64466 -14.37 58.15 1.59e-19 1.01263
64049 20.50 68.00 1.90e-19 1.04937
64463 -19.14 56.59 1.50e-19 1.01577
64460 -23.49 54.84 1.41e-19 1.02260
64889 60.17 59.65 1.50e-19 1.01596
64895 67.82 55.26 1.29e-19 1.03636
64892 64.24 57.52 1.40e-19 1.02386
65225 -22.03 85.01 1.78e-19 1.02072
64376 58.87 43.83 9.66e-20 1.09795
64004 -159.50 82.00 1.43e-19 1.02108
64370 52.30 47.83 1.17e-19 1.05363
64007 -159.50 84.00 1.50e-19 1.01606
64373 55.72 45.90 1.07e-19 1.07322
64229 5.74 49.49 1.40e-19 1.02391
64235 15.00 50.00 1.43e-19 1.02116
64232 10.34 49.87 1.42e-19 1.02177
64109 -154.30 85.50 1.55e-19 1.01360
64115 -154.30 83.50 1.49e-19 1.01699
64112 -154.30 84.50 1.52e-19 1.01504
63809 -159.50 76.00 1.20e-19 1.04892
64283 15.00 53.00 1.53e-19 1.01436
64280 10.03 52.87 1.53e-19 1.01482
64286 19.97 52.87 1.53e-19 1.01482
65312 105.25 69.00 1.35e-19 1.02929
65315 106.03 66.00 1.25e-19 1.04219
65309 104.36 72.00 1.44e-19 1.02049
65306 103.29 74.99 1.52e-19 1.01508
65198 -70.10 62.89 1.20e-19 1.04875
65201 -68.64 65.84 1.31e-19 1.03349
65204 -66.90 68.78 1.41e-19 1.02270
65207 -64.74 71.70 1.50e-19 1.01588
65300 99.91 80.96 1.64e-19 1.01222
65303 101.91 77.98 1.59e-19 1.01261
65078 -54.80 64.32 1.40e-19 1.02393
65081 -51.58 67.01 1.50e-19 1.01591
65411 -165.00 85.00 1.53e-19 1.01436
65084 -47.61 69.63 1.60e-19 1.01240
65087 -42.61 72.15 1.68e-19 1.01310
64859 -7.85 66.25 1.82e-19 1.02595
64865 7.04 67.80 1.90e-19 1.04649
65417 145.34 82.12 1.50e-19 1.01599
63329 99.62 69.66 1.41e-19 1.02254
63335 94.39 69.25 1.45e-19 1.01976
63449 43.95 47.55 1.23e-19 1.04474
63455 42.51 45.84 1.17e-19 1.05376
64994 52.64 70.09 1.79e-19 1.02181
64988 35.87 72.94 1.91e-19 1.05104
64991 44.88 71.70 1.86e-19 1.03390
63215 -24.50 62.76 1.64e-19 1.01216
65153 -37.87 78.68 1.78e-19 1.01952
64997 59.19 68.20 1.72e-19 1.01464
63209 -27.74 63.99 1.64e-19 1.01223
64934 40.90 69.01 1.85e-19 1.03153
64016 14.04 90.00 1.69e-19 1.01333
64931 32.88 70.09 1.90e-19 1.04646
63431 48.85 52.53 1.37e-19 1.02649
64928 24.14 70.77 1.93e-19 1.06357
64010 -159.50 86.00 1.57e-19 1.01311
63473 -159.50 70.00 9.68e-20 1.09741
64937 48.05 67.59 1.78e-19 1.02068
63437 47.11 50.90 1.33e-19 1.03133
65132 -65.42 59.53 1.14e-19 1.05991
65135 -63.62 62.41 1.25e-19 1.04129
65129 87.47 61.57 1.29e-19 1.03644
64772 64.20 48.66 1.09e-19 1.06897
64775 -37.39 50.87 1.14e-19 1.06014
64415 15.00 59.00 1.72e-19 1.01468
64412 9.19 58.85 1.71e-19 1.01422
64409 3.49 58.40 1.68e-19 1.01313
63137 -80.38 69.66 1.32e-19 1.03178
63131 -85.61 69.25 1.27e-19 1.03886
64316 -22.30 47.83 1.17e-19 1.05363
64313 -25.72 45.90 1.07e-19 1.07322
64310 -28.87 43.83 9.66e-20 1.09795
63155 -64.02 69.92 1.47e-19 1.01833
63149 -69.50 70.00 1.42e-19 1.02169
64259 -20.22 45.15 1.09e-19 1.06926
64265 -12.75 48.42 1.27e-19 1.03886
64262 -16.62 46.88 1.18e-19 1.05215
65327 -83.36 62.69 1.07e-19 1.07339
57281 15.00 -74.00 -1.27e-19 -0.12727
64100 -154.30 88.50 1.65e-19 1.01230
64103 -154.30 87.50 1.62e-19 1.01223
65237 82.04 80.22 1.72e-19 1.01454
65234 71.87 82.83 1.76e-19 1.01778
64106 -154.30 86.50 1.59e-19 1.01266
65231 52.03 85.01 1.78e-19 1.02072
65228 15.00 86.00 1.79e-19 1.02185
65267 -76.03 66.00 1.25e-19 1.04219
64088 20.50 44.00 1.20e-19 1.04980
64193 2.01 45.89 1.25e-19 1.04127
64190 -2.11 45.05 1.20e-19 1.04892
64157 -154.30 77.50 1.27e-19 1.03961
64154 -154.30 71.50 1.03e-19 1.08219
64151 -154.30 72.50 1.07e-19 1.07361
64148 -154.30 73.50 1.11e-19 1.06564
64196 6.26 46.51 1.29e-19 1.03656
64982 15.00 74.00 1.96e-19 1.10215
64985 25.77 73.73 1.94e-19 1.07362
65369 114.82 74.77 1.44e-19 1.02044
64979 4.23 73.73 1.94e-19 1.07362
65375 113.60 68.75 1.27e-19 1.03894
65372 114.03 71.77 1.36e-19 1.02806
65366 116.22 77.76 1.50e-19 1.01580
65360 124.24 83.64 1.60e-19 1.01238
65363 118.82 80.73 1.56e-19 1.01340
65459 174.45 81.43 1.42e-19 1.02190
65462 158.42 79.90 1.40e-19 1.02389
65465 147.41 77.77 1.36e-19 1.02770
63173 -53.39 69.25 1.54e-19 1.01406
65036 -20.23 74.26 1.85e-19 1.03154
65270 -75.25 69.00 1.35e-19 1.02929
65273 -74.36 72.00 1.44e-19 1.02049
64952 71.94 57.20 1.31e-19 1.03357
65276 -73.29 74.99 1.52e-19 1.01508
65030 -35.21 70.32 1.71e-19 1.01424
65033 -28.52 72.43 1.78e-19 1.02071
64808 22.07 64.82 1.85e-19 1.03156
64811 28.94 64.29 1.82e-19 1.02594
65501 148.54 73.33 1.20e-19 1.04881
63353 80.22 67.15 1.52e-19 1.01515
64817 41.53 62.26 1.72e-19 1.01460
63005 15.00 -90.00 -1.79e-19 -0.17880
63389 62.51 61.46 1.53e-19 1.01437
62999 15.00 -74.00 -1.27e-19 -0.12727
63395 59.77 60.10 1.52e-19 1.01506
65507 -152.81 75.64 1.19e-19 1.05016
65054 50.23 74.26 1.85e-19 1.03154
65096 -16.27 78.38 1.87e-19 1.03638
65051 40.07 75.72 1.90e-19 1.04648
65048 28.12 76.67 1.93e-19 1.06356
65090 -36.13 74.51 1.76e-19 1.01776
65093 -27.58 76.63 1.82e-19 1.02590
65057 58.52 72.43 1.78e-19 1.02071
64496 44.37 58.15 1.59e-19 1.01263
64490 33.56 60.56 1.72e-19 1.01458
64493 39.17 59.48 1.66e-19 1.01243
63017 15.00 -90.00 -1.79e-19 -0.17880
63305 121.38 69.66 1.24e-19 1.04315
63011 15.00 -74.00 -1.27e-19 -0.12727
63299 126.61 69.25 1.19e-19 1.05133
64058 20.50 62.00 1.79e-19 1.02134
64061 20.50 60.00 1.74e-19 1.01623
64067 20.50 58.00 1.69e-19 1.01319
64802 7.93 64.82 1.85e-19 1.03156
64805 15.00 65.00 1.86e-19 1.03389
64799 1.06 64.29 1.82e-19 1.02594
64907 -29.72 63.95 1.62e-19 1.01222
64904 -34.39 61.83 1.53e-19 1.01468
64898 -41.94 57.20 1.31e-19 1.03357
64901 -38.43 59.57 1.42e-19 1.02174
64829 60.59 55.29 1.36e-19 1.02758
64379 -31.37 46.31 1.03e-19 1.08149
64367 48.58 49.61 1.27e-19 1.03888
64364 44.55 51.21 1.36e-19 1.02802
64361 40.23 52.61 1.44e-19 1.02044
64358 35.61 53.80 1.50e-19 1.01592
63371 72.27 65.14 1.54e-19 1.01407
63101 -146.50 74.10 1.14e-19 1.05909
63107 41.70 76.00 1.89e-19 1.04399
63968 -159.50 80.00 1.36e-19 1.02820
64343 9.65 55.86 1.62e-19 1.01224
63365 76.09 66.19 1.53e-19 1.01436
64247 33.10 47.99 1.31e-19 1.03361
64340 4.38 55.44 1.60e-19 1.01249
64244 28.75 48.86 1.36e-19 1.02773
64238 19.66 49.87 1.42e-19 1.02177
64346 15.00 56.00 1.63e-19 1.01220
64241 24.26 49.49 1.40e-19 1.02391
64268 -8.62 49.77 1.35e-19 1.02932
64271 -4.25 50.90 1.41e-19 1.02255
64274 0.34 51.81 1.46e-19 1.01845
64277 5.12 52.47 1.50e-19 1.01604
65264 -76.74 62.99 1.14e-19 1.05942
65261 -77.40 59.97 1.03e-19 1.08148
65258 101.35 59.93 1.09e-19 1.06896
65324 -83.42 59.64 9.66e-20 1.09794
65321 107.40 59.97 1.03e-19 1.08148
65318 106.74 62.99 1.14e-19 1.05942
64145 -154.30 74.50 1.15e-19 1.05827
65189 93.62 62.41 1.25e-19 1.04129
65195 -71.35 59.93 1.09e-19 1.06896
64139 -154.30 76.50 1.23e-19 1.04527
65441 -105.01 72.61 1.25e-19 1.04212
65438 -101.49 69.80 1.17e-19 1.05379
65444 -110.04 75.29 1.31e-19 1.03354
65447 -117.41 77.77 1.36e-19 1.02770
63341 89.39 68.69 1.48e-19 1.01771
63347 84.65 67.98 1.50e-19 1.01615
65018 -45.03 65.56 1.53e-19 1.01467
65027 -40.62 68.01 1.62e-19 1.01218
65159 -8.31 82.40 1.85e-19 1.03155
63239 -16.23 58.68 1.59e-19 1.01265
63245 -13.89 57.20 1.56e-19 1.01321
65165 38.31 82.40 1.85e-19 1.03155
63419 50.72 54.13 1.41e-19 1.02276
64943 59.72 63.95 1.62e-19 1.01222
64946 64.39 61.83 1.53e-19 1.01468
64847 -30.17 59.65 1.50e-19 1.01596
65141 -58.92 68.10 1.46e-19 1.01838
65138 -61.49 65.27 1.36e-19 1.02761
64838 67.39 50.87 1.14e-19 1.06014
64841 -37.82 55.26 1.29e-19 1.03636
64844 -34.24 57.52 1.40e-19 1.02386
64478 8.63 61.84 1.79e-19 1.02073
64481 15.00 62.00 1.79e-19 1.02185
64484 21.37 61.84 1.79e-19 1.02073
64487 27.59 61.35 1.76e-19 1.01778
64421 26.51 58.40 1.68e-19 1.01313
64424 32.00 57.66 1.64e-19 1.01223
64853 -20.33 63.41 1.68e-19 1.01309
64850 -25.56 61.63 1.60e-19 1.01249
64856 -14.43 64.97 1.76e-19 1.01781
63143 -74.98 69.92 1.38e-19 1.02630
64307 50.22 45.15 1.09e-19 1.06926
64298 38.62 49.77 1.35e-19 1.02932
64301 42.75 48.42 1.27e-19 1.03886
64304 46.62 46.88 1.18e-19 1.05215
64874 30.65 67.20 1.87e-19 1.03635
64868 15.00 68.00 1.91e-19 1.05103
64871 22.96 67.80 1.90e-19 1.04649
64877 37.85 66.25 1.82e-19 1.02595
64022 20.50 86.00 1.79e-19 1.02178
64025 20.50 84.00 1.84e-19 1.02914
64397 -16.66 53.94 1.44e-19 1.02057
64019 20.50 88.00 1.74e-19 1.01652
64394 -20.85 52.27 1.35e-19 1.02929
64388 -28.18 48.44 1.14e-19 1.05944
64391 -24.68 50.43 1.25e-19 1.04211
64214 32.11 45.05 1.20e-19 1.04892
64097 -154.30 89.50 1.68e-19 1.01286
64211 27.99 45.89 1.25e-19 1.04127
65219 -52.04 80.22 1.72e-19 1.01454
64217 -11.20 45.58 1.17e-19 1.05370
65222 -41.87 82.83 1.76e-19 1.01778
64427 37.23 56.66 1.59e-19 1.01265
64199 10.61 46.88 1.31e-19 1.03373
64202 15.00 47.00 1.32e-19 1.03270
64205 19.39 46.88 1.31e-19 1.03373
64976 -5.87 72.94 1.91e-19 1.05104
64973 -14.88 71.70 1.86e-19 1.03390
64970 -22.64 70.09 1.79e-19 1.02181
65450 -128.42 79.90 1.40e-19 1.02389
65453 -144.45 81.43 1.42e-19 1.02190
65162 15.00 83.00 1.86e-19 1.03389
63203 -31.27 65.14 1.64e-19 1.01223
65279 -71.91 77.98 1.59e-19 1.01261
65285 -66.36 83.93 1.68e-19 1.01311
65282 -69.91 80.96 1.64e-19 1.01222
65471 135.01 72.61 1.25e-19 1.04212
65468 140.04 75.29 1.31e-19 1.03354
65474 131.49 69.80 1.17e-19 1.05379
65477 -118.54 73.33 1.20e-19 1.04881
62993 15.00 -90.00 -1.79e-19 -0.17880
64940 54.30 65.88 1.71e-19 1.01418
65099 -1.81 79.57 1.90e-19 1.04649
65105 31.81 79.57 1.90e-19 1.04649
65102 15.00 80.00 1.91e-19 1.05103
64688 60.98 50.85 1.20e-19 1.04877
65405 -115.34 82.12 1.50e-19 1.01599
65402 -105.13 79.58 1.46e-19 1.01843
65399 -99.24 76.82 1.41e-19 1.02268
63269 -6.11 50.90 1.40e-19 1.02352
63275 -4.48 49.24 1.35e-19 1.02881
64037 20.50 76.00 1.94e-19 1.07837
64034 20.50 78.00 1.93e-19 1.06382
64028 20.50 82.00 1.87e-19 1.03863
64031 20.50 80.00 1.90e-19 1.05025
64916 -10.90 69.01 1.85e-19 1.03153
64793 -11.53 62.26 1.72e-19 1.01460
64790 -17.07 60.82 1.64e-19 1.01218
64910 -24.30 65.88 1.71e-19 1.01418
64913 -18.05 67.59 1.78e-19 1.02068
64796 -5.47 63.42 1.78e-19 1.01949
65144 -55.70 70.89 1.56e-19 1.01344
64430 42.12 55.41 1.52e-19 1.01517
64433 46.66 53.94 1.44e-19 1.02057
64349 20.35 55.86 1.62e-19 1.01224
64352 25.62 55.44 1.60e-19 1.01249
64355 30.72 54.74 1.56e-19 1.01332
63383 65.50 62.76 1.54e-19 1.01398
63113 -138.30 76.00 1.23e-19 1.04412
64436 50.85 52.27 1.35e-19 1.02929
64334 -5.61 53.80 1.50e-19 1.01592
65504 -141.78 74.62 1.17e-19 1.05367
64331 -10.23 52.61 1.44e-19 1.02044
64328 -14.55 51.21 1.36e-19 1.02802
64169 15.00 41.00 1.08e-19 1.07074
64172 18.97 40.88 1.08e-19 1.07211
64175 6.71 43.52 1.17e-19 1.05392
64337 -0.72 54.74 1.56e-19 1.01332
64814 35.47 63.42 1.78e-19 1.01949
65147 -51.53 73.61 1.64e-19 1.01227
65249 96.90 68.78 1.41e-19 1.02270
64085 20.50 46.00 1.28e-19 1.03818
65336 -84.03 71.77 1.36e-19 1.02806
65252 98.64 65.84 1.31e-19 1.03349
65255 100.10 62.89 1.20e-19 1.04875
65330 -83.40 65.72 1.17e-19 1.05376
65333 -83.60 68.75 1.27e-19 1.03894
64418 20.81 58.85 1.71e-19 1.01422
64133 -154.30 79.50 1.34e-19 1.02995
65186 91.49 65.27 1.36e-19 1.02761
64136 -154.30 78.50 1.30e-19 1.03451
65183 88.92 68.10 1.46e-19 1.01838
65180 85.70 70.89 1.56e-19 1.01344
65192 95.42 59.53 1.14e-19 1.05991
65414 164.13 84.15 1.53e-19 1.01482
65432 121.61 68.04 1.18e-19 1.05203
65435 120.51 65.03 1.09e-19 1.06925
63263 -7.85 52.53 1.45e-19 1.01950
65429 123.21 71.02 1.27e-19 1.03902
65408 -134.13 84.15 1.53e-19 1.01482
63317 110.50 70.00 1.33e-19 1.03082
63311 115.98 69.92 1.29e-19 1.03659
65009 76.59 58.92 1.32e-19 1.03256
65015 -48.69 63.02 1.42e-19 1.02190
65012 -51.77 60.39 1.31e-19 1.03353
65528 -165.00 70.00 9.66e-20 1.09783
65531 -165.00 67.00 8.50e-20 1.13085
63413 52.73 55.69 1.45e-19 1.01985
64955 -46.59 58.92 1.32e-19 1.03256
64949 68.43 59.57 1.42e-19 1.02174
65111 57.58 76.63 1.82e-19 1.02590
65168 55.98 80.83 1.82e-19 1.02589
65108 46.27 78.38 1.87e-19 1.03638
65114 66.13 74.51 1.76e-19 1.01776
65117 72.61 72.15 1.68e-19 1.01310
64862 -0.65 67.20 1.87e-19 1.03635
64835 64.18 53.14 1.25e-19 1.04148
65456 -165.00 82.00 1.43e-19 1.02116
64469 -9.17 59.48 1.66e-19 1.01243
64475 2.41 61.35 1.76e-19 1.01778
64472 -3.56 60.56 1.72e-19 1.01458
65513 -177.19 75.64 1.19e-19 1.05016
65510 -165.00 76.00 1.20e-19 1.04914
65516 171.78 74.62 1.17e-19 1.05367
64451 -34.20 48.66 1.09e-19 1.06897
64454 -30.98 50.85 1.20e-19 1.04877
63905 -159.50 78.00 1.28e-19 1.03746
64289 24.88 52.47 1.50e-19 1.01604
64295 34.25 50.90 1.41e-19 1.02255
64292 29.66 51.81 1.46e-19 1.01845
64883 50.33 63.41 1.68e-19 1.01309
64880 44.43 64.97 1.76e-19 1.01781
65498 156.21 75.54 1.25e-19 1.04137
63584 -159.50 72.00 1.05e-19 1.07879
64886 55.56 61.63 1.60e-19 1.01249
64406 -2.00 57.66 1.64e-19 1.01223
65378 113.40 65.72 1.17e-19 1.05376
64403 -7.23 56.66 1.59e-19 1.01265
64400 -12.12 55.41 1.52e-19 1.01517
64223 -3.10 47.99 1.31e-19 1.03361
64220 -7.26 46.89 1.25e-19 1.04201
64118 -154.30 82.50 1.45e-19 1.01945
64121 -154.30 81.50 1.41e-19 1.02243
64226 1.25 48.86 1.36e-19 1.02773
64124 -154.30 80.50 1.38e-19 1.02593
63161 -58.62 69.66 1.51e-19 1.01572
