   1.2730028e+09   6.7206850e-01
   1.2730037e+09   6.7206850e-01
   1.2730046e+09   6.7206850e-01
   1.2730055e+09   6.7206850e-01
   1.2730064e+09   6.7206850e-01
   1.2730073e+09   6.7206850e-01
   1.2730082e+09   6.7206850e-01
   1.2730091e+09   6.7206850e-01
   1.2730100e+09   6.7206850e-01
   1.2730109e+09   6.7206850e-01
   1.2730118e+09   6.7206850e-01
   1.2730127e+09   6.7206850e-01
   1.2730136e+09   6.7206850e-01
   1.2730145e+09   6.7206850e-01
   1.2730154e+09   6.7206850e-01
   1.2730163e+09   6.7206850e-01
   1.2730172e+09   6.7206850e-01
   1.2730181e+09   6.7206850e-01
   1.2730190e+09   6.7206850e-01
   1.2730199e+09   6.7206850e-01
   1.2730208e+09   6.7206850e-01
   1.2730217e+09   6.7206850e-01
   1.2730226e+09   6.7206850e-01
   1.2730235e+09   6.7206850e-01
   1.2730244e+09   6.7206850e-01
   1.2730253e+09   6.7206850e-01
   1.2730262e+09   6.7206850e-01
   1.2730271e+09   6.7206850e-01
   1.2730280e+09   6.7206850e-01
   1.2730289e+09   6.7206850e-01
   1.2730298e+09   6.7206850e-01
   1.2730307e+09   6.7206850e-01
   1.2730316e+09   6.7206850e-01
   1.2730325e+09   6.7206850e-01
   1.2730334e+09   6.7206850e-01
   1.2730343e+09   6.7206850e-01
   1.2730352e+09   6.7206850e-01
   1.2730361e+09   6.7206850e-01
   1.2730370e+09   6.7206850e-01
   1.2730379e+09   6.7206850e-01
   1.2730388e+09   6.7206850e-01
   1.2730397e+09   6.7206850e-01
   1.2730406e+09   6.7206850e-01
   1.2730415e+09   6.7206850e-01
   1.2730424e+09   6.7206850e-01
   1.2730433e+09   6.7206850e-01
   1.2730442e+09   6.7206850e-01
   1.2730451e+09   6.7206850e-01
   1.2730460e+09   6.7206850e-01
   1.2730469e+09   6.7206850e-01
   1.2730478e+09   6.7206850e-01
   1.2730487e+09   6.7206850e-01
   1.2730496e+09   6.7206850e-01
   1.2730505e+09   6.7206850e-01
   1.2730514e+09   6.7206850e-01
   1.2730523e+09   6.7206850e-01
   1.2730532e+09   6.7206850e-01
   1.2730541e+09   6.7206850e-01
   1.2730550e+09   6.7206850e-01
   1.2730559e+09   6.7206850e-01
   1.2730568e+09   6.7206850e-01
   1.2730577e+09   6.7206850e-01
   1.2730586e+09   6.7206850e-01
   1.2730595e+09   6.7206850e-01
   1.2730604e+09   6.7206850e-01
   1.2730613e+09   6.7206850e-01
   1.2730622e+09   6.7206850e-01
   1.2730631e+09   6.7206850e-01
   1.2730640e+09   6.7206850e-01
   1.2730649e+09   6.7206850e-01
   1.2730658e+09   6.7206850e-01
   1.2730667e+09   6.7206850e-01
   1.2730676e+09   6.7206850e-01
   1.2730685e+09   6.7206850e-01
   1.2730694e+09   6.7206850e-01
   1.2730703e+09   6.7206850e-01
   1.2730712e+09   6.7206850e-01
   1.2730721e+09   6.7206850e-01
   1.2730730e+09   6.7206850e-01
   1.2730739e+09   6.7206850e-01
   1.2730748e+09   6.7206850e-01
   1.2730757e+09   6.7206850e-01
   1.2730766e+09   6.7206850e-01
   1.2730775e+09   6.7206850e-01
   1.2730784e+09   6.7206850e-01
   1.2730793e+09   6.7206850e-01
   1.2730802e+09   6.7206850e-01
   1.2730811e+09   6.7206850e-01
   1.2730820e+09   6.7206850e-01
   1.2730829e+09   6.7206850e-01
   1.2730838e+09   6.7206850e-01
   1.2730847e+09   6.7206850e-01
   1.2730856e+09   6.7206850e-01
   1.2730865e+09   6.7206850e-01
   1.2730874e+09   6.7206850e-01
   1.2730883e+09   6.7206850e-01
   1.2730892e+09   6.7206850e-01
   1.2730901e+09   6.7206850e-01
   1.2730910e+09   6.7206850e-01
   1.2730919e+09   6.7206850e-01
   1.2730928e+09   6.7206850e-01
   1.2730937e+09   6.7206850e-01
   1.2730946e+09   6.7206850e-01
   1.2730955e+09   6.7206850e-01
   1.2730964e+09   6.7206850e-01
   1.2730973e+09   6.7206850e-01
   1.2730982e+09   6.7206850e-01
   1.2730991e+09   6.7206850e-01
   1.2731000e+09   6.7206850e-01
   1.2731009e+09   6.7206850e-01
   1.2731018e+09   6.7206850e-01
   1.2731027e+09   6.7206850e-01
   1.2731036e+09   6.7206850e-01
   1.2731045e+09   6.7206850e-01
   1.2731054e+09   6.7206850e-01
   1.2731063e+09   6.7206850e-01
   1.2731072e+09   6.7206850e-01
   1.2731081e+09   6.7206850e-01
   1.2731090e+09   6.7206850e-01
   1.2731099e+09   6.7206850e-01
   1.2731108e+09   6.7206850e-01
   1.2731117e+09   6.7206850e-01
   1.2731126e+09   6.7206850e-01
   1.2731135e+09   6.7206850e-01
   1.2731144e+09   6.7206850e-01
   1.2731153e+09   6.7206850e-01
   1.2731162e+09   6.7206850e-01
   1.2731171e+09   6.7206850e-01
   1.2731180e+09   6.7206850e-01
   1.2731189e+09   6.7206850e-01
   1.2731198e+09   6.7206850e-01
   1.2731207e+09   6.7206850e-01
   1.2731216e+09   6.7206850e-01
   1.2731225e+09   6.7206850e-01
   1.2731234e+09   6.7206850e-01
   1.2731243e+09   6.7206850e-01
   1.2731252e+09   6.7206850e-01
   1.2731261e+09   6.7206850e-01
   1.2731270e+09   6.7206850e-01
   1.2731279e+09   6.7206850e-01
   1.2731288e+09   6.7206850e-01
   1.2731297e+09   6.7206850e-01
   1.2731306e+09   6.7206850e-01
   1.2731315e+09   6.7206850e-01
   1.2731324e+09   6.7206850e-01
   1.2731333e+09   6.7206850e-01
   1.2731342e+09   6.7206850e-01
   1.2731351e+09   6.7206850e-01
   1.2731360e+09   6.7206850e-01
   1.2731369e+09   6.7206850e-01
   1.2731378e+09   6.7206850e-01
   1.2731387e+09   6.7206850e-01
   1.2731396e+09   6.7206850e-01
   1.2731405e+09   6.7206850e-01
   1.2731414e+09   6.7206850e-01
   1.2731423e+09   6.7206850e-01
   1.2731432e+09   6.7206850e-01
   1.2731441e+09   6.7206850e-01
   1.2731450e+09   6.7206850e-01
   1.2731459e+09   6.7206850e-01
   1.2731468e+09   6.7206850e-01
   1.2731477e+09   6.7206850e-01
   1.2731486e+09   6.7206850e-01
   1.2731495e+09   6.7206850e-01
   1.2731504e+09   6.7206850e-01
   1.2731513e+09   6.7206850e-01
   1.2731522e+09   6.7206850e-01
   1.2731531e+09   6.7206850e-01
   1.2731540e+09   6.7206850e-01
   1.2731549e+09   6.7206850e-01
   1.2731558e+09   6.7206850e-01
   1.2731567e+09   6.7206850e-01
   1.2731576e+09   6.7206850e-01
   1.2731585e+09   6.7206850e-01
   1.2731594e+09   6.7206850e-01
   1.2731603e+09   6.7206850e-01
   1.2731612e+09   6.7206850e-01
   1.2731621e+09   6.7206850e-01
   1.2731630e+09   6.7206850e-01
   1.2731639e+09   6.7206850e-01
   1.2731648e+09   6.7206850e-01
   1.2731657e+09   6.7206850e-01
   1.2731666e+09   6.7206850e-01
   1.2731675e+09   6.7206850e-01
   1.2731684e+09   6.7206850e-01
   1.2731693e+09   6.7206850e-01
   1.2731702e+09   6.7206850e-01
   1.2731711e+09   6.7206850e-01
   1.2731720e+09   6.7206850e-01
   1.2731729e+09   6.7206850e-01
   1.2731738e+09   6.7206850e-01
   1.2731747e+09   6.7206850e-01
   1.2731756e+09   6.7206850e-01
   1.2731765e+09   6.7206850e-01
   1.2731774e+09   6.7206850e-01
   1.2731783e+09   6.7206850e-01
   1.2731792e+09   6.7206850e-01
   1.2731801e+09   6.7206850e-01
   1.2731810e+09   6.7206850e-01
   1.2731819e+09   6.7206850e-01
   1.2731828e+09   6.7206850e-01
   1.2731837e+09   6.7206850e-01
   1.2731846e+09   6.7206850e-01
   1.2731855e+09   6.7206850e-01
   1.2731864e+09   6.7206850e-01
   1.2731873e+09   6.7206850e-01
   1.2731882e+09   6.7206850e-01
   1.2731891e+09   6.7206850e-01
   1.2731900e+09   6.7206850e-01
   1.2731909e+09   6.7206850e-01
   1.2731918e+09   6.7206850e-01
   1.2731927e+09   6.7206850e-01
   1.2731936e+09   6.7206850e-01
   1.2731945e+09   6.7206850e-01
   1.2731954e+09   6.7206850e-01
   1.2731963e+09   6.7206850e-01
   1.2731972e+09   6.7206850e-01
   1.2731981e+09   6.7206850e-01
   1.2731990e+09   6.7206850e-01
   1.2731999e+09   6.7206850e-01
   1.2732008e+09   6.7206850e-01
   1.2732017e+09   6.7206850e-01
   1.2732026e+09   6.7206850e-01
   1.2732035e+09   6.7206850e-01
   1.2732044e+09   6.7206850e-01
   1.2732053e+09   6.7206850e-01
   1.2732062e+09   6.7206850e-01
   1.2732071e+09   6.7206850e-01
   1.2732080e+09   6.7206850e-01
   1.2732089e+09   6.7206850e-01
   1.2732098e+09   6.7206850e-01
   1.2732107e+09   6.7206850e-01
   1.2732116e+09   6.7206850e-01
   1.2732125e+09   6.7206850e-01
   1.2732134e+09   6.7206850e-01
   1.2732143e+09   6.7206850e-01
   1.2732152e+09   6.7206850e-01
   1.2732161e+09   6.7206850e-01
   1.2732170e+09   6.7206850e-01
   1.2732179e+09   6.7206850e-01
   1.2732188e+09   6.7206850e-01
   1.2732197e+09   6.7206850e-01
   1.2732206e+09   6.7206850e-01
   1.2732215e+09   6.7206850e-01
   1.2732224e+09   6.7206850e-01
   1.2732233e+09   6.7206850e-01
   1.2732242e+09   6.7206850e-01
   1.2732251e+09   6.7206850e-01
   1.2732260e+09   6.7206850e-01
   1.2732269e+09   6.7206850e-01
   1.2732278e+09   6.7206850e-01
   1.2732287e+09   6.7206850e-01
   1.2732296e+09   6.7206850e-01
   1.2732305e+09   6.7206850e-01
   1.2732314e+09   6.7206850e-01
   1.2732323e+09   6.7206850e-01
   1.2732332e+09   6.7206850e-01
   1.2732341e+09   6.7206850e-01
   1.2732350e+09   6.7206850e-01
   1.2732359e+09   6.7206850e-01
   1.2732368e+09   6.7206850e-01
   1.2732377e+09   6.7206850e-01
   1.2732386e+09   6.7206850e-01
   1.2732395e+09   6.7206850e-01
   1.2732404e+09   6.7206850e-01
   1.2732413e+09   6.7206850e-01
   1.2732422e+09   6.7206850e-01
   1.2732431e+09   6.7206850e-01
   1.2732440e+09   6.7206850e-01
   1.2732449e+09   6.7206850e-01
   1.2732458e+09   6.7206850e-01
   1.2732467e+09   6.7206850e-01
   1.2732476e+09   6.7206850e-01
   1.2732485e+09   6.7206850e-01
   1.2732494e+09   6.7206850e-01
   1.2732503e+09   6.7206850e-01
   1.2732512e+09   6.7206850e-01
   1.2732521e+09   6.7206850e-01
   1.2732530e+09   6.7206850e-01
