65006 73.24 61.42 1.53e-19 1.09060
65000 64.69 66.09 1.85e-19 1.14783
65003 69.32 63.82 1.70e-19 1.12599
63197 -35.09 66.19 1.85e-19 1.14764
64142 -154.30 75.50 1.10e-19 0.97667
63191 -39.22 67.15 1.83e-19 1.14537
65213 -57.99 77.44 1.89e-19 1.15173
65210 -61.92 74.59 1.79e-19 1.13947
65294 86.94 86.84 1.95e-19 1.15553
65291 15.00 89.00 1.96e-19 1.15565
65288 -56.94 86.84 1.95e-19 1.15553
65075 -57.47 61.57 1.28e-19 1.02900
62987 15.00 -74.00 -2.74e-21 -0.00274
65072 81.77 60.39 1.32e-19 1.03934
65486 -149.69 78.56 1.32e-19 1.03926
65069 78.69 63.02 1.51e-19 1.08784
65420 135.13 79.58 1.59e-19 1.10367
62981 15.00 -90.00 -1.65e-20 -0.01647
65483 -136.50 77.35 1.28e-19 1.02914
65156 -25.98 80.83 2.03e-19 1.14258
65426 125.59 73.95 1.38e-19 1.05624
65480 -126.21 75.54 1.22e-19 1.01104
63281 -2.95 47.55 1.29e-19 1.03211
63287 -1.51 45.84 1.19e-19 1.00298
65150 -45.89 76.23 1.95e-19 1.15561
65390 -91.61 68.04 1.10e-19 0.97475
63227 -18.77 60.10 1.82e-19 1.14441
65393 -93.21 71.02 1.25e-19 1.02014
65396 -95.59 73.95 1.38e-19 1.05624
63221 -21.51 61.46 1.84e-19 1.14717
63443 45.48 49.24 1.27e-19 1.02508
64046 20.50 70.00 1.94e-19 1.06919
64082 20.50 48.00 1.39e-19 1.05830
64043 20.50 72.00 1.87e-19 1.03900
64040 20.50 74.00 1.83e-19 1.01939
64781 -30.59 55.29 1.41e-19 1.06274
64778 -34.18 53.14 1.22e-19 1.01123
64784 -26.57 57.31 1.59e-19 1.10363
64079 20.50 50.00 1.52e-19 1.08904
64787 -22.08 59.16 1.74e-19 1.13249
64919 -2.88 70.09 2.00e-19 1.10304
64925 15.00 71.00 1.89e-19 1.04676
64922 5.86 70.77 1.93e-19 1.06762
64439 54.68 50.43 1.21e-19 1.00862
64445 61.37 46.31 8.48e-20 0.88618
64442 58.18 48.44 1.03e-19 0.95172
63119 -95.35 67.98 1.05e-19 0.95796
63125 -90.61 68.69 1.15e-19 0.99075
63377 68.74 63.99 1.72e-19 1.12873
64544 53.49 54.84 1.50e-19 1.08375
64187 23.29 43.52 1.08e-19 0.96917
64325 -18.58 49.61 1.25e-19 1.01990
63776 -159.50 74.00 9.96e-20 0.94113
64181 15.00 44.00 1.13e-19 0.98443
64178 10.84 43.88 1.12e-19 0.98066
64184 19.16 43.88 1.12e-19 0.98066
64013 -159.50 88.00 1.85e-19 1.14795
64250 37.26 46.89 1.21e-19 1.00844
64253 41.20 45.58 1.08e-19 0.96879
64073 20.50 54.00 1.75e-19 1.13383
64070 20.50 56.00 1.84e-19 1.14725
65246 94.74 71.70 1.65e-19 1.11719
65492 179.69 78.56 1.32e-19 1.03926
65243 91.92 74.59 1.79e-19 1.13947
65495 166.50 77.35 1.28e-19 1.02914
64076 20.50 52.00 1.64e-19 1.11434
65240 87.99 77.44 1.89e-19 1.15173
64208 23.74 46.51 1.28e-19 1.02920
64457 -27.42 52.92 1.32e-19 1.03974
65177 81.53 73.61 1.87e-19 1.14976
64166 11.03 40.88 9.17e-20 0.91271
64163 15.00 38.00 7.41e-20 0.84227
65171 67.87 78.68 2.01e-19 1.15209
64094 20.50 40.00 8.58e-20 0.89022
65174 75.89 76.23 1.95e-19 1.15561
64160 15.00 35.00 5.73e-20 0.76282
65387 -90.51 65.03 9.40e-20 0.92083
63257 -9.72 54.13 1.63e-19 1.11313
65297 96.36 83.93 1.92e-19 1.15425
63251 -11.73 55.69 1.70e-19 1.12483
65381 113.36 62.69 9.09e-20 0.90960
65384 113.42 59.64 7.41e-20 0.84243
65357 139.00 86.38 1.84e-19 1.14652
65348 -94.24 83.64 1.80e-19 1.14184
65351 -109.00 86.38 1.84e-19 1.14652
64091 20.50 42.00 9.87e-20 0.93792
65354 -165.00 88.00 1.85e-19 1.14791
63179 -48.39 68.69 1.76e-19 1.13585
63185 -43.65 67.98 1.80e-19 1.14146
63323 105.02 69.92 1.43e-19 1.06882
65342 -86.22 77.76 1.65e-19 1.11706
65345 -88.82 80.73 1.74e-19 1.13265
65339 -84.82 74.77 1.54e-19 1.09373
65045 15.00 77.00 1.89e-19 1.04676
65042 1.88 76.67 1.93e-19 1.06766
65039 -10.07 75.72 2.00e-19 1.10301
63407 54.89 57.20 1.61e-19 1.10753
65423 129.24 76.82 1.50e-19 1.08389
64823 52.08 59.16 1.74e-19 1.13249
65489 -165.00 79.00 1.33e-19 1.04296
64820 47.07 60.82 1.87e-19 1.14965
64967 -29.19 68.20 1.96e-19 1.15561
64964 -34.69 66.09 1.85e-19 1.14783
63401 57.23 58.68 1.65e-19 1.11593
63095 40.40 47.00 1.18e-19 1.00079
64961 -39.32 63.82 1.70e-19 1.12599
64958 -43.24 61.42 1.53e-19 1.09060
64826 56.57 57.31 1.59e-19 1.10363
65063 70.62 68.01 1.84e-19 1.14651
65126 84.80 64.32 1.47e-19 1.07870
65060 65.21 70.32 1.95e-19 1.15556
65123 81.58 67.01 1.65e-19 1.11650
65066 75.03 65.56 1.69e-19 1.12364
65120 77.61 69.63 1.80e-19 1.14186
64592 57.42 52.92 1.32e-19 1.03974
64499 49.14 56.59 1.65e-19 1.11702
65519 -154.87 72.69 9.17e-20 0.91245
65522 -165.00 73.00 9.28e-20 0.91686
65525 -175.13 72.69 9.17e-20 0.91245
63293 -0.15 44.10 1.08e-19 0.96989
64055 20.50 64.00 2.03e-19 1.13798
64052 20.50 66.00 2.02e-19 1.12029
64466 -14.37 58.15 1.79e-19 1.13950
64049 20.50 68.00 1.99e-19 1.09708
64463 -19.14 56.59 1.65e-19 1.11702
64460 -23.49 54.84 1.50e-19 1.08375
64889 60.17 59.65 1.65e-19 1.11658
64895 67.82 55.26 1.28e-19 1.02884
64892 64.24 57.52 1.47e-19 1.07857
65225 -22.03 85.01 2.01e-19 1.15064
64376 58.87 43.83 7.41e-20 0.84244
64004 -159.50 82.00 1.53e-19 1.09099
64370 52.30 47.83 1.08e-19 0.96866
64007 -159.50 84.00 1.65e-19 1.11589
64373 55.72 45.90 9.08e-20 0.90932
64229 5.74 49.49 1.47e-19 1.07867
64235 15.00 50.00 1.53e-19 1.09065
64232 10.34 49.87 1.51e-19 1.08761
64109 -154.30 85.50 1.73e-19 1.13116
64115 -154.30 83.50 1.62e-19 1.11090
64112 -154.30 84.50 1.68e-19 1.12176
63809 -159.50 76.00 1.13e-19 0.98517
64283 15.00 53.00 1.70e-19 1.12601
64280 10.03 52.87 1.69e-19 1.12388
64286 19.97 52.87 1.69e-19 1.12388
65312 105.25 69.00 1.38e-19 1.05619
65315 106.03 66.00 1.21e-19 1.00875
65309 104.36 72.00 1.54e-19 1.09382
65306 103.29 74.99 1.68e-19 1.12126
65198 -70.10 62.89 1.13e-19 0.98516
65201 -68.64 65.84 1.32e-19 1.03963
65204 -66.90 68.78 1.50e-19 1.08392
65207 -64.74 71.70 1.65e-19 1.11719
65300 99.91 80.96 1.87e-19 1.14971
65303 101.91 77.98 1.79e-19 1.13947
65078 -54.80 64.32 1.47e-19 1.07870
65081 -51.58 67.01 1.65e-19 1.11650
65411 -165.00 85.00 1.70e-19 1.12601
65084 -47.61 69.63 1.80e-19 1.14186
65087 -42.61 72.15 1.92e-19 1.15424
64859 -7.85 66.25 2.03e-19 1.14259
64865 7.04 67.80 2.00e-19 1.10299
65417 145.34 82.12 1.65e-19 1.11663
63329 99.62 69.66 1.50e-19 1.08416
63335 94.39 69.25 1.56e-19 1.09710
63449 43.95 47.55 1.18e-19 0.99888
63455 42.51 45.84 1.08e-19 0.96966
64994 52.64 70.09 2.02e-19 1.14895
64988 35.87 72.94 1.98e-19 1.09364
64991 44.88 71.70 2.03e-19 1.12808
63215 -24.50 62.76 1.86e-19 1.14870
65153 -37.87 78.68 2.01e-19 1.15209
64997 59.19 68.20 1.96e-19 1.15561
63209 -27.74 63.99 1.86e-19 1.14933
64934 40.90 69.01 2.03e-19 1.13249
64016 14.04 90.00 1.93e-19 1.15467
64931 32.88 70.09 2.00e-19 1.10304
63431 48.85 52.53 1.43e-19 1.06737
64928 24.14 70.77 1.93e-19 1.06762
64010 -159.50 86.00 1.76e-19 1.13497
63473 -159.50 70.00 7.44e-20 0.84336
64937 48.05 67.59 2.01e-19 1.15061
63437 47.11 50.90 1.35e-19 1.04784
65132 -65.42 59.53 1.02e-19 0.94944
65135 -63.62 62.41 1.22e-19 1.01088
65129 87.47 61.57 1.28e-19 1.02900
64772 64.20 48.66 9.42e-20 0.92184
64775 -37.39 50.87 1.02e-19 0.94983
64415 15.00 59.00 1.96e-19 1.15565
64412 9.19 58.85 1.95e-19 1.15554
64409 3.49 58.40 1.92e-19 1.15428
63137 -80.38 69.66 1.34e-19 1.04580
63131 -85.61 69.25 1.25e-19 1.01982
64316 -22.30 47.83 1.08e-19 0.96866
64313 -25.72 45.90 9.08e-20 0.90932
64310 -28.87 43.83 7.41e-20 0.84244
63155 -64.02 69.92 1.59e-19 1.10460
63149 -69.50 70.00 1.52e-19 1.08825
64259 -20.22 45.15 9.40e-20 0.92086
64265 -12.75 48.42 1.25e-19 1.01987
64262 -16.62 46.88 1.10e-19 0.97496
65327 -83.36 62.69 9.09e-20 0.90960
57281 15.00 -74.00 -2.74e-21 -0.00274
64100 -154.30 88.50 1.87e-19 1.15030
64103 -154.30 87.50 1.83e-19 1.14545
65237 82.04 80.22 1.95e-19 1.15563
65234 71.87 82.83 1.99e-19 1.15402
64106 -154.30 86.50 1.78e-19 1.13906
65231 52.03 85.01 2.01e-19 1.15064
65228 15.00 86.00 2.02e-19 1.14897
65267 -76.03 66.00 1.21e-19 1.00875
64088 20.50 44.00 1.12e-19 0.98221
64193 2.01 45.89 1.22e-19 1.01085
64190 -2.11 45.05 1.13e-19 0.98545
64157 -154.30 77.50 1.24e-19 1.01737
64154 -154.30 71.50 8.42e-20 0.88414
64151 -154.30 72.50 9.06e-20 0.90847
64148 -154.30 73.50 9.71e-20 0.93206
64196 6.26 46.51 1.28e-19 1.02920
64982 15.00 74.00 1.76e-19 0.98887
64985 25.77 73.73 1.89e-19 1.04678
65369 114.82 74.77 1.54e-19 1.09373
64979 4.23 73.73 1.89e-19 1.04678
65375 113.60 68.75 1.25e-19 1.02001
65372 114.03 71.77 1.40e-19 1.06174
65366 116.22 77.76 1.65e-19 1.11706
65360 124.24 83.64 1.80e-19 1.14184
65363 118.82 80.73 1.74e-19 1.13265
65459 174.45 81.43 1.51e-19 1.08783
65462 158.42 79.90 1.47e-19 1.07863
65465 147.41 77.77 1.41e-19 1.06294
63173 -53.39 69.25 1.71e-19 1.12797
65036 -20.23 74.26 2.03e-19 1.13249
65270 -75.25 69.00 1.38e-19 1.05619
65273 -74.36 72.00 1.54e-19 1.09382
64952 71.94 57.20 1.32e-19 1.03942
65276 -73.29 74.99 1.68e-19 1.12126
65030 -35.21 70.32 1.95e-19 1.15556
65033 -28.52 72.43 2.01e-19 1.15063
64808 22.07 64.82 2.03e-19 1.13248
64811 28.94 64.29 2.03e-19 1.14259
65501 148.54 73.33 1.13e-19 0.98526
63353 80.22 67.15 1.68e-19 1.12153
64817 41.53 62.26 1.95e-19 1.15568
63005 15.00 -90.00 -1.65e-20 -0.01647
63389 62.51 61.46 1.70e-19 1.12571
62999 15.00 -74.00 -2.74e-21 -0.00274
63395 59.77 60.10 1.68e-19 1.12175
65507 -152.81 75.64 1.12e-19 0.98036
65054 50.23 74.26 2.03e-19 1.13249
65096 -16.27 78.38 2.02e-19 1.12327
65051 40.07 75.72 2.00e-19 1.10301
65048 28.12 76.67 1.93e-19 1.06766
65090 -36.13 74.51 1.99e-19 1.15400
65093 -27.58 76.63 2.03e-19 1.14258
65057 58.52 72.43 2.01e-19 1.15063
64496 44.37 58.15 1.79e-19 1.13950
64490 33.56 60.56 1.95e-19 1.15567
64493 39.17 59.48 1.89e-19 1.15171
63017 15.00 -90.00 -1.65e-20 -0.01647
63305 121.38 69.66 1.19e-19 1.00413
63011 15.00 -74.00 -2.74e-21 -0.00274
63299 126.61 69.25 1.10e-19 0.97689
64058 20.50 62.00 2.02e-19 1.14970
64061 20.50 60.00 1.98e-19 1.15522
64067 20.50 58.00 1.92e-19 1.15441
64802 7.93 64.82 2.03e-19 1.13248
64805 15.00 65.00 2.03e-19 1.12808
64799 1.06 64.29 2.03e-19 1.14259
64907 -29.72 63.95 1.84e-19 1.14656
64904 -34.39 61.83 1.69e-19 1.12366
64898 -41.94 57.20 1.32e-19 1.03942
64901 -38.43 59.57 1.51e-19 1.08756
64829 60.59 55.29 1.41e-19 1.06274
64379 -31.37 46.31 8.48e-20 0.88618
64367 48.58 49.61 1.25e-19 1.01990
64364 44.55 51.21 1.40e-19 1.06167
64361 40.23 52.61 1.54e-19 1.09374
64358 35.61 53.80 1.65e-19 1.11726
63371 72.27 65.14 1.71e-19 1.12792
63101 -146.50 74.10 1.03e-19 0.95223
63107 41.70 76.00 2.00e-19 1.10808
63968 -159.50 80.00 1.40e-19 1.06061
64343 9.65 55.86 1.84e-19 1.14658
63365 76.09 66.19 1.70e-19 1.12540
64247 33.10 47.99 1.32e-19 1.03984
64340 4.38 55.44 1.80e-19 1.14199
64244 28.75 48.86 1.41e-19 1.06300
64238 19.66 49.87 1.51e-19 1.08761
64346 15.00 56.00 1.85e-19 1.14791
64241 24.26 49.49 1.47e-19 1.07867
64268 -8.62 49.77 1.38e-19 1.05624
64271 -4.25 50.90 1.50e-19 1.08366
64274 0.34 51.81 1.59e-19 1.10369
64277 5.12 52.47 1.65e-19 1.11671
65264 -76.74 62.99 1.03e-19 0.95169
65261 -77.40 59.97 8.48e-20 0.88617
65258 101.35 59.93 9.42e-20 0.92182
65324 -83.42 59.64 7.41e-20 0.84243
65321 107.40 59.97 8.48e-20 0.88617
65318 106.74 62.99 1.03e-19 0.95169
64145 -154.30 74.50 1.04e-19 0.95481
65189 93.62 62.41 1.22e-19 1.01088
65195 -71.35 59.93 9.42e-20 0.92182
64139 -154.30 76.50 1.17e-19 0.99754
65441 -105.01 72.61 1.21e-19 1.00862
65438 -101.49 69.80 1.08e-19 0.96895
65444 -110.04 75.29 1.32e-19 1.03971
65447 -117.41 77.77 1.41e-19 1.06294
63341 89.39 68.69 1.61e-19 1.10754
63347 84.65 67.98 1.65e-19 1.11551
65018 -45.03 65.56 1.69e-19 1.12364
65027 -40.62 68.01 1.84e-19 1.14651
65159 -8.31 82.40 2.03e-19 1.13249
63239 -16.23 58.68 1.79e-19 1.14009
63245 -13.89 57.20 1.75e-19 1.13346
65165 38.31 82.40 2.03e-19 1.13249
63419 50.72 54.13 1.50e-19 1.08383
64943 59.72 63.95 1.84e-19 1.14656
64946 64.39 61.83 1.69e-19 1.12366
64847 -30.17 59.65 1.65e-19 1.11658
65141 -58.92 68.10 1.59e-19 1.10357
65138 -61.49 65.27 1.41e-19 1.06279
64838 67.39 50.87 1.02e-19 0.94983
64841 -37.82 55.26 1.28e-19 1.02884
64844 -34.24 57.52 1.47e-19 1.07857
64478 8.63 61.84 2.01e-19 1.15064
64481 15.00 62.00 2.02e-19 1.14897
64484 21.37 61.84 2.01e-19 1.15064
64487 27.59 61.35 1.99e-19 1.15402
64421 26.51 58.40 1.92e-19 1.15428
64424 32.00 57.66 1.87e-19 1.14972
64853 -20.33 63.41 1.92e-19 1.15423
64850 -25.56 61.63 1.80e-19 1.14201
64856 -14.43 64.97 1.99e-19 1.15404
63143 -74.98 69.92 1.43e-19 1.06896
64307 50.22 45.15 9.40e-20 0.92086
64298 38.62 49.77 1.38e-19 1.05624
64301 42.75 48.42 1.25e-19 1.01987
64304 46.62 46.88 1.10e-19 0.97496
64874 30.65 67.20 2.02e-19 1.12329
64868 15.00 68.00 1.98e-19 1.09365
64871 22.96 67.80 2.00e-19 1.10299
64877 37.85 66.25 2.03e-19 1.14259
64022 20.50 86.00 2.02e-19 1.14908
64025 20.50 84.00 2.03e-19 1.13693
64397 -16.66 53.94 1.54e-19 1.09396
64019 20.50 88.00 1.98e-19 1.15504
64394 -20.85 52.27 1.38e-19 1.05619
64388 -28.18 48.44 1.03e-19 0.95172
64391 -24.68 50.43 1.21e-19 1.00862
64214 32.11 45.05 1.13e-19 0.98545
64097 -154.30 89.50 1.91e-19 1.15360
64211 27.99 45.89 1.22e-19 1.01085
65219 -52.04 80.22 1.95e-19 1.15563
64217 -11.20 45.58 1.08e-19 0.96879
65222 -41.87 82.83 1.99e-19 1.15402
64427 37.23 56.66 1.79e-19 1.13954
64199 10.61 46.88 1.32e-19 1.03971
64202 15.00 47.00 1.33e-19 1.04296
64205 19.39 46.88 1.32e-19 1.03971
64976 -5.87 72.94 1.98e-19 1.09364
64973 -14.88 71.70 2.03e-19 1.12808
64970 -22.64 70.09 2.02e-19 1.14895
65450 -128.42 79.90 1.47e-19 1.07863
65453 -144.45 81.43 1.51e-19 1.08783
65162 15.00 83.00 2.03e-19 1.12808
63203 -31.27 65.14 1.86e-19 1.14902
65279 -71.91 77.98 1.79e-19 1.13947
65285 -66.36 83.93 1.92e-19 1.15425
65282 -69.91 80.96 1.87e-19 1.14971
65471 135.01 72.61 1.21e-19 1.00862
65468 140.04 75.29 1.32e-19 1.03971
65474 131.49 69.80 1.08e-19 0.96895
65477 -118.54 73.33 1.13e-19 0.98526
62993 15.00 -90.00 -1.65e-20 -0.01647
64940 54.30 65.88 1.95e-19 1.15549
65099 -1.81 79.57 2.00e-19 1.10300
65105 31.81 79.57 2.00e-19 1.10300
65102 15.00 80.00 1.98e-19 1.09365
64688 60.98 50.85 1.13e-19 0.98519
65405 -115.34 82.12 1.65e-19 1.11663
65402 -105.13 79.58 1.59e-19 1.10367
65399 -99.24 76.82 1.50e-19 1.08389
63269 -6.11 50.90 1.48e-19 1.07978
63275 -4.48 49.24 1.39e-19 1.05785
64037 20.50 76.00 1.87e-19 1.03697
64034 20.50 78.00 1.93e-19 1.06710
64028 20.50 82.00 2.02e-19 1.11884
64031 20.50 80.00 1.99e-19 1.09527
64916 -10.90 69.01 2.03e-19 1.13249
64793 -11.53 62.26 1.95e-19 1.15568
64790 -17.07 60.82 1.87e-19 1.14965
64910 -24.30 65.88 1.95e-19 1.15549
64913 -18.05 67.59 2.01e-19 1.15061
64796 -5.47 63.42 2.01e-19 1.15207
65144 -55.70 70.89 1.74e-19 1.13272
64430 42.12 55.41 1.68e-19 1.12141
64433 46.66 53.94 1.54e-19 1.09396
64349 20.35 55.86 1.84e-19 1.14658
64352 25.62 55.44 1.80e-19 1.14199
64355 30.72 54.74 1.74e-19 1.13253
63383 65.50 62.76 1.71e-19 1.12794
63113 -138.30 76.00 1.18e-19 1.00151
64436 50.85 52.27 1.38e-19 1.05619
64334 -5.61 53.80 1.65e-19 1.11726
65504 -141.78 74.62 1.08e-19 0.96874
64331 -10.23 52.61 1.54e-19 1.09374
64328 -14.55 51.21 1.40e-19 1.06167
64169 15.00 41.00 9.28e-20 0.91686
64172 18.97 40.88 9.17e-20 0.91271
64175 6.71 43.52 1.08e-19 0.96917
64337 -0.72 54.74 1.74e-19 1.13253
64814 35.47 63.42 2.01e-19 1.15207
65147 -51.53 73.61 1.87e-19 1.14976
65249 96.90 68.78 1.50e-19 1.08392
64085 20.50 46.00 1.26e-19 1.02252
65336 -84.03 71.77 1.40e-19 1.06174
65252 98.64 65.84 1.32e-19 1.03963
65255 100.10 62.89 1.13e-19 0.98516
65330 -83.40 65.72 1.08e-19 0.96890
65333 -83.60 68.75 1.25e-19 1.02001
64418 20.81 58.85 1.95e-19 1.15554
64133 -154.30 79.50 1.37e-19 1.05362
65186 91.49 65.27 1.41e-19 1.06279
64136 -154.30 78.50 1.31e-19 1.03608
65183 88.92 68.10 1.59e-19 1.10357
65180 85.70 70.89 1.74e-19 1.13272
65192 95.42 59.53 1.02e-19 0.94944
65414 164.13 84.15 1.69e-19 1.12390
65432 121.61 68.04 1.10e-19 0.97475
65435 120.51 65.03 9.40e-20 0.92083
63263 -7.85 52.53 1.56e-19 1.09813
65429 123.21 71.02 1.25e-19 1.02014
65408 -134.13 84.15 1.69e-19 1.12390
63317 110.50 70.00 1.36e-19 1.05020
63311 115.98 69.92 1.28e-19 1.02899
65009 76.59 58.92 1.33e-19 1.04271
65015 -48.69 63.02 1.51e-19 1.08784
65012 -51.77 60.39 1.32e-19 1.03934
65528 -165.00 70.00 7.41e-20 0.84227
65531 -165.00 67.00 5.73e-20 0.76282
63413 52.73 55.69 1.56e-19 1.09718
64955 -46.59 58.92 1.33e-19 1.04271
64949 68.43 59.57 1.51e-19 1.08756
65111 57.58 76.63 2.03e-19 1.14258
65168 55.98 80.83 2.03e-19 1.14258
65108 46.27 78.38 2.02e-19 1.12327
65114 66.13 74.51 1.99e-19 1.15400
65117 72.61 72.15 1.92e-19 1.15424
64862 -0.65 67.20 2.02e-19 1.12329
64835 64.18 53.14 1.22e-19 1.01123
65456 -165.00 82.00 1.53e-19 1.09065
64469 -9.17 59.48 1.89e-19 1.15171
64475 2.41 61.35 1.99e-19 1.15402
64472 -3.56 60.56 1.95e-19 1.15567
65513 -177.19 75.64 1.12e-19 0.98036
65510 -165.00 76.00 1.13e-19 0.98443
65516 171.78 74.62 1.08e-19 0.96874
64451 -34.20 48.66 9.42e-20 0.92184
64454 -30.98 50.85 1.13e-19 0.98519
63905 -159.50 78.00 1.27e-19 1.02518
64289 24.88 52.47 1.65e-19 1.11671
64295 34.25 50.90 1.50e-19 1.08366
64292 29.66 51.81 1.59e-19 1.10369
64883 50.33 63.41 1.92e-19 1.15423
64880 44.43 64.97 1.99e-19 1.15404
65498 156.21 75.54 1.22e-19 1.01104
63584 -159.50 72.00 8.67e-20 0.89366
64886 55.56 61.63 1.80e-19 1.14201
64406 -2.00 57.66 1.87e-19 1.14972
65378 113.40 65.72 1.08e-19 0.96890
64403 -7.23 56.66 1.79e-19 1.13954
64400 -12.12 55.41 1.68e-19 1.12141
64223 -3.10 47.99 1.32e-19 1.03984
64220 -7.26 46.89 1.21e-19 1.00844
64118 -154.30 82.50 1.56e-19 1.09862
64121 -154.30 81.50 1.50e-19 1.08494
64226 1.25 48.86 1.41e-19 1.06300
64124 -154.30 80.50 1.44e-19 1.06993
63161 -58.62 69.66 1.66e-19 1.11757
