65006 73.24 61.42 1.43e-19 1.02055
65000 64.69 66.09 1.57e-19 0.97600
65003 69.32 63.82 1.50e-19 0.99350
63197 -35.09 66.19 1.57e-19 0.97615
64142 -154.30 75.50 1.26e-19 1.11263
63191 -39.22 67.15 1.56e-19 0.97828
65213 -57.99 77.44 1.59e-19 0.97260
65210 -61.92 74.59 1.54e-19 0.98295
65294 86.94 86.84 1.63e-19 0.96826
65291 15.00 89.00 1.64e-19 0.96782
65288 -56.94 86.84 1.63e-19 0.96826
65075 -57.47 61.57 1.33e-19 1.06904
62987 15.00 -74.00 -1.86e-19 -0.18644
65072 81.77 60.39 1.34e-19 1.06050
65486 -149.69 78.56 1.34e-19 1.06047
65069 78.69 63.02 1.42e-19 1.02290
65420 135.13 79.58 1.45e-19 1.01063
62981 15.00 -90.00 -1.85e-19 -0.18480
65483 -136.50 77.35 1.33e-19 1.06910
65156 -25.98 80.83 1.72e-19 0.97155
65426 125.59 73.95 1.37e-19 1.04731
65480 -126.21 75.54 1.30e-19 1.08365
63281 -2.95 47.55 1.33e-19 1.06631
63287 -1.51 45.84 1.29e-19 1.09054
65150 -45.89 76.23 1.64e-19 0.96791
65390 -91.61 68.04 1.25e-19 1.11424
63227 -18.77 60.10 1.56e-19 0.97901
65393 -93.21 71.02 1.32e-19 1.07645
65396 -95.59 73.95 1.37e-19 1.04731
63221 -21.51 61.46 1.57e-19 0.97662
63443 45.48 49.24 1.32e-19 1.07205
64046 20.50 70.00 1.84e-19 1.01449
64082 20.50 48.00 1.37e-19 1.04566
64043 20.50 72.00 1.87e-19 1.03489
64040 20.50 74.00 1.88e-19 1.04887
64781 -30.59 55.29 1.38e-19 1.04204
64778 -34.18 53.14 1.30e-19 1.08373
64784 -26.57 57.31 1.45e-19 1.01062
64079 20.50 50.00 1.43e-19 1.02180
64787 -22.08 59.16 1.52e-19 0.98828
64919 -2.88 70.09 1.80e-19 0.99328
64925 15.00 71.00 1.86e-19 1.02952
64922 5.86 70.77 1.84e-19 1.01551
64439 54.68 50.43 1.30e-19 1.08573
64445 61.37 46.31 1.14e-19 1.19531
64442 58.18 48.44 1.22e-19 1.13470
63119 -95.35 67.98 1.23e-19 1.12889
63125 -90.61 68.69 1.28e-19 1.10091
63377 68.74 63.99 1.51e-19 0.99138
64544 53.49 54.84 1.42e-19 1.02573
64187 23.29 43.52 1.25e-19 1.11932
64325 -18.58 49.61 1.32e-19 1.07635
63776 -159.50 74.00 1.21e-19 1.14390
64181 15.00 44.00 1.27e-19 1.10599
64178 10.84 43.88 1.26e-19 1.10930
64184 19.16 43.88 1.26e-19 1.10930
64013 -159.50 88.00 1.57e-19 0.97601
64250 37.26 46.89 1.30e-19 1.08566
64253 41.20 45.58 1.25e-19 1.11916
64073 20.50 54.00 1.52e-19 0.98744
64070 20.50 56.00 1.57e-19 0.97661
65246 94.74 71.70 1.48e-19 1.00034
65492 179.69 78.56 1.34e-19 1.06047
65243 91.92 74.59 1.54e-19 0.98295
65495 166.50 77.35 1.33e-19 1.06910
64076 20.50 52.00 1.48e-19 1.00245
65240 87.99 77.44 1.59e-19 0.97260
64208 23.74 46.51 1.33e-19 1.06912
64457 -27.42 52.92 1.34e-19 1.06038
65177 81.53 73.61 1.58e-19 0.97443
64166 11.03 40.88 1.18e-19 1.16992
64163 15.00 38.00 1.09e-19 1.23923
65171 67.87 78.68 1.68e-19 0.96761
64094 20.50 40.00 1.15e-19 1.19135
65174 75.89 76.23 1.64e-19 0.96791
64160 15.00 35.00 9.96e-20 1.32622
65387 -90.51 65.03 1.19e-19 1.16222
63257 -9.72 54.13 1.47e-19 1.00348
65297 96.36 83.93 1.61e-19 0.97002
63251 -11.73 55.69 1.50e-19 0.99455
65381 113.36 62.69 1.17e-19 1.17315
65384 113.42 59.64 1.09e-19 1.23931
65357 139.00 86.38 1.57e-19 0.97720
65348 -94.24 83.64 1.55e-19 0.98101
65351 -109.00 86.38 1.57e-19 0.97720
64091 20.50 42.00 1.21e-19 1.14681
65354 -165.00 88.00 1.57e-19 0.97604
63179 -48.39 68.69 1.53e-19 0.98593
63185 -43.65 67.98 1.55e-19 0.98141
63323 105.02 69.92 1.39e-19 1.03762
65342 -86.22 77.76 1.48e-19 1.00029
65345 -88.82 80.73 1.52e-19 0.98835
65339 -84.82 74.77 1.43e-19 1.01813
65045 15.00 77.00 1.86e-19 1.02952
65042 1.88 76.67 1.84e-19 1.01549
65039 -10.07 75.72 1.80e-19 0.99330
63407 54.89 57.20 1.46e-19 1.00751
65423 129.24 76.82 1.42e-19 1.02578
64823 52.08 59.16 1.52e-19 0.98828
65489 -165.00 79.00 1.35e-19 1.05780
64820 47.07 60.82 1.58e-19 0.97437
64967 -29.19 68.20 1.64e-19 0.96779
64964 -34.69 66.09 1.57e-19 0.97600
63401 57.23 58.68 1.48e-19 1.00141
63095 40.40 47.00 1.29e-19 1.09219
64961 -39.32 63.82 1.50e-19 0.99350
64958 -43.24 61.42 1.43e-19 1.02055
64826 56.57 57.31 1.45e-19 1.01062
65063 70.62 68.01 1.57e-19 0.97720
65126 84.80 64.32 1.41e-19 1.02988
65060 65.21 70.32 1.63e-19 0.96828
65123 81.58 67.01 1.48e-19 1.00074
65066 75.03 65.56 1.50e-19 0.99523
65120 77.61 69.63 1.55e-19 0.98101
64592 57.42 52.92 1.34e-19 1.06038
64499 49.14 56.59 1.48e-19 1.00027
65519 -154.87 72.69 1.18e-19 1.16980
65522 -165.00 73.00 1.18e-19 1.16612
65525 -175.13 72.69 1.18e-19 1.16980
63293 -0.15 44.10 1.25e-19 1.11867
64055 20.50 64.00 1.74e-19 0.97381
64052 20.50 66.00 1.77e-19 0.98327
64466 -14.37 58.15 1.54e-19 0.98297
64049 20.50 68.00 1.81e-19 0.99688
64463 -19.14 56.59 1.48e-19 1.00027
64460 -23.49 54.84 1.42e-19 1.02573
64889 60.17 59.65 1.48e-19 1.00077
64895 67.82 55.26 1.33e-19 1.06898
64892 64.24 57.52 1.41e-19 1.02982
65225 -22.03 85.01 1.69e-19 0.96815
64376 58.87 43.83 1.09e-19 1.23932
64004 -159.50 82.00 1.43e-19 1.02030
64370 52.30 47.83 1.25e-19 1.11911
64007 -159.50 84.00 1.48e-19 1.00127
64373 55.72 45.90 1.17e-19 1.17303
64229 5.74 49.49 1.41e-19 1.02986
64235 15.00 50.00 1.43e-19 1.02057
64232 10.34 49.87 1.42e-19 1.02281
64109 -154.30 85.50 1.52e-19 0.98952
64115 -154.30 83.50 1.47e-19 1.00508
64112 -154.30 84.50 1.49e-19 0.99677
63809 -159.50 76.00 1.27e-19 1.10536
64283 15.00 53.00 1.50e-19 0.99351
64280 10.03 52.87 1.50e-19 0.99533
64286 19.97 52.87 1.50e-19 0.99533
65312 105.25 69.00 1.37e-19 1.04729
65315 106.03 66.00 1.30e-19 1.08578
65309 104.36 72.00 1.43e-19 1.01816
65306 103.29 74.99 1.49e-19 0.99708
65198 -70.10 62.89 1.27e-19 1.10512
65201 -68.64 65.84 1.34e-19 1.06034
65204 -66.90 68.78 1.42e-19 1.02580
65207 -64.74 71.70 1.48e-19 1.00034
65300 99.91 80.96 1.58e-19 0.97440
65303 101.91 77.98 1.54e-19 0.98296
65078 -54.80 64.32 1.41e-19 1.02988
65081 -51.58 67.01 1.48e-19 1.00074
65411 -165.00 85.00 1.50e-19 0.99351
65084 -47.61 69.63 1.55e-19 0.98101
65087 -42.61 72.15 1.61e-19 0.97002
64859 -7.85 66.25 1.72e-19 0.97161
64865 7.04 67.80 1.80e-19 0.99332
65417 145.34 82.12 1.48e-19 1.00079
63329 99.62 69.66 1.42e-19 1.02545
63335 94.39 69.25 1.44e-19 1.01561
63449 43.95 47.55 1.29e-19 1.09359
63455 42.51 45.84 1.25e-19 1.11888
64994 52.64 70.09 1.70e-19 0.96870
64988 35.87 72.94 1.81e-19 0.99898
64991 44.88 71.70 1.76e-19 0.97898
63215 -24.50 62.76 1.58e-19 0.97525
65153 -37.87 78.68 1.68e-19 0.96761
64997 59.19 68.20 1.64e-19 0.96779
63209 -27.74 63.99 1.58e-19 0.97478
64934 40.90 69.01 1.75e-19 0.97660
64016 14.04 90.00 1.62e-19 0.96954
64931 32.88 70.09 1.80e-19 0.99328
63431 48.85 52.53 1.39e-19 1.03848
64928 24.14 70.77 1.84e-19 1.01551
64010 -159.50 86.00 1.53e-19 0.98655
63473 -159.50 70.00 1.09e-19 1.23810
64937 48.05 67.59 1.69e-19 0.96811
63437 47.11 50.90 1.36e-19 1.05376
65132 -65.42 59.53 1.22e-19 1.13636
65135 -63.62 62.41 1.30e-19 1.08359
65129 87.47 61.57 1.33e-19 1.06904
64772 64.20 48.66 1.19e-19 1.16137
64775 -37.39 50.87 1.22e-19 1.13653
64415 15.00 59.00 1.64e-19 0.96782
64412 9.19 58.85 1.63e-19 0.96826
64409 3.49 58.40 1.61e-19 0.97004
63137 -80.38 69.66 1.35e-19 1.05527
63131 -85.61 69.25 1.32e-19 1.07636
64316 -22.30 47.83 1.25e-19 1.11911
64313 -25.72 45.90 1.17e-19 1.17303
64310 -28.87 43.83 1.09e-19 1.23932
63155 -64.02 69.92 1.45e-19 1.01004
63149 -69.50 70.00 1.42e-19 1.02241
64259 -20.22 45.15 1.19e-19 1.16223
64265 -12.75 48.42 1.32e-19 1.07634
64262 -16.62 46.88 1.25e-19 1.11432
65327 -83.36 62.69 1.17e-19 1.17315
57281 15.00 -74.00 -1.86e-19 -0.18644
64100 -154.30 88.50 1.58e-19 0.97395
64103 -154.30 87.50 1.56e-19 0.97812
65237 82.04 80.22 1.64e-19 0.96792
65234 71.87 82.83 1.67e-19 0.96715
64106 -154.30 86.50 1.54e-19 0.98331
65231 52.03 85.01 1.69e-19 0.96815
65228 15.00 86.00 1.70e-19 0.96874
65267 -76.03 66.00 1.30e-19 1.08578
64088 20.50 44.00 1.26e-19 1.10788
64193 2.01 45.89 1.30e-19 1.08358
64190 -2.11 45.05 1.27e-19 1.10524
64157 -154.30 77.50 1.31e-19 1.07847
64154 -154.30 71.50 1.14e-19 1.19725
64151 -154.30 72.50 1.17e-19 1.17396
64148 -154.30 73.50 1.20e-19 1.15212
64196 6.26 46.51 1.33e-19 1.06912
64982 15.00 74.00 1.90e-19 1.07178
64985 25.77 73.73 1.86e-19 1.02951
65369 114.82 74.77 1.43e-19 1.01813
64979 4.23 73.73 1.86e-19 1.02951
65375 113.60 68.75 1.32e-19 1.07640
65372 114.03 71.77 1.38e-19 1.04316
65366 116.22 77.76 1.48e-19 1.00029
65360 124.24 83.64 1.55e-19 0.98101
65363 118.82 80.73 1.52e-19 0.98835
65459 174.45 81.43 1.42e-19 1.02290
65462 158.42 79.90 1.41e-19 1.02985
65465 147.41 77.77 1.38e-19 1.04212
63173 -53.39 69.25 1.51e-19 0.99199
65036 -20.23 74.26 1.75e-19 0.97661
65270 -75.25 69.00 1.37e-19 1.04729
65273 -74.36 72.00 1.43e-19 1.01816
64952 71.94 57.20 1.34e-19 1.06054
65276 -73.29 74.99 1.49e-19 0.99708
65030 -35.21 70.32 1.63e-19 0.96828
65033 -28.52 72.43 1.69e-19 0.96814
64808 22.07 64.82 1.75e-19 0.97663
64811 28.94 64.29 1.72e-19 0.97160
65501 148.54 73.33 1.27e-19 1.10516
63353 80.22 67.15 1.49e-19 0.99706
64817 41.53 62.26 1.64e-19 0.96796
63389 62.51 61.46 1.50e-19 0.99369
63395 59.77 60.10 1.49e-19 0.99680
65507 -152.81 75.64 1.26e-19 1.10917
65054 50.23 74.26 1.75e-19 0.97661
65096 -16.27 78.38 1.77e-19 0.98161
65051 40.07 75.72 1.80e-19 0.99330
65048 28.12 76.67 1.84e-19 1.01549
65090 -36.13 74.51 1.67e-19 0.96714
65093 -27.58 76.63 1.72e-19 0.97156
65057 58.52 72.43 1.69e-19 0.96814
64496 44.37 58.15 1.54e-19 0.98297
64490 33.56 60.56 1.64e-19 0.96795
64493 39.17 59.48 1.59e-19 0.97259
63305 121.38 69.66 1.29e-19 1.08910
63299 126.61 69.25 1.26e-19 1.11233
64058 20.50 62.00 1.70e-19 0.96846
64061 20.50 60.00 1.66e-19 0.96715
64067 20.50 58.00 1.61e-19 0.96986
64802 7.93 64.82 1.75e-19 0.97663
64805 15.00 65.00 1.76e-19 0.97898
64799 1.06 64.29 1.72e-19 0.97160
64907 -29.72 63.95 1.57e-19 0.97722
64904 -34.39 61.83 1.50e-19 0.99523
64898 -41.94 57.20 1.34e-19 1.06054
64901 -38.43 59.57 1.42e-19 1.02279
64829 60.59 55.29 1.38e-19 1.04204
64379 -31.37 46.31 1.14e-19 1.19531
64367 48.58 49.61 1.32e-19 1.07635
64364 44.55 51.21 1.38e-19 1.04314
64361 40.23 52.61 1.43e-19 1.01813
64358 35.61 53.80 1.48e-19 1.00037
63371 72.27 65.14 1.51e-19 0.99203
63101 -146.50 74.10 1.23e-19 1.13399
63107 41.70 76.00 1.79e-19 0.99030
63968 -159.50 80.00 1.38e-19 1.04384
64343 9.65 55.86 1.57e-19 0.97723
63365 76.09 66.19 1.50e-19 0.99383
64247 33.10 47.99 1.34e-19 1.06042
64340 4.38 55.44 1.55e-19 0.98108
64244 28.75 48.86 1.38e-19 1.04215
64238 19.66 49.87 1.42e-19 1.02281
64346 15.00 56.00 1.57e-19 0.97604
64241 24.26 49.49 1.41e-19 1.02986
64268 -8.62 49.77 1.37e-19 1.04731
64271 -4.25 50.90 1.42e-19 1.02569
64274 0.34 51.81 1.45e-19 1.01064
64277 5.12 52.47 1.48e-19 1.00082
65264 -76.74 62.99 1.22e-19 1.13469
65261 -77.40 59.97 1.14e-19 1.19531
65258 101.35 59.93 1.19e-19 1.16137
65324 -83.42 59.64 1.09e-19 1.23931
65321 107.40 59.97 1.14e-19 1.19531
65318 106.74 62.99 1.22e-19 1.13469
64145 -154.30 74.50 1.23e-19 1.13169
65189 93.62 62.41 1.30e-19 1.08359
65195 -71.35 59.93 1.19e-19 1.16137
64139 -154.30 76.50 1.28e-19 1.09491
65441 -105.01 72.61 1.30e-19 1.08573
65438 -101.49 69.80 1.25e-19 1.11923
65444 -110.04 75.29 1.34e-19 1.06037
65447 -117.41 77.77 1.38e-19 1.04212
63341 89.39 68.69 1.46e-19 1.00775
63347 84.65 67.98 1.48e-19 1.00159
65018 -45.03 65.56 1.50e-19 0.99523
65027 -40.62 68.01 1.57e-19 0.97720
65159 -8.31 82.40 1.75e-19 0.97662
63239 -16.23 58.68 1.54e-19 0.98263
63245 -13.89 57.20 1.52e-19 0.98759
65165 38.31 82.40 1.75e-19 0.97662
63419 50.72 54.13 1.42e-19 1.02592
64943 59.72 63.95 1.57e-19 0.97722
64946 64.39 61.83 1.50e-19 0.99523
64847 -30.17 59.65 1.48e-19 1.00077
65141 -58.92 68.10 1.45e-19 1.01060
65138 -61.49 65.27 1.38e-19 1.04206
64838 67.39 50.87 1.22e-19 1.13653
64841 -37.82 55.26 1.33e-19 1.06898
64844 -34.24 57.52 1.41e-19 1.02982
64478 8.63 61.84 1.69e-19 0.96816
64481 15.00 62.00 1.70e-19 0.96874
64484 21.37 61.84 1.69e-19 0.96816
64487 27.59 61.35 1.67e-19 0.96715
64421 26.51 58.40 1.61e-19 0.97004
64424 32.00 57.66 1.58e-19 0.97441
64853 -20.33 63.41 1.61e-19 0.97001
64850 -25.56 61.63 1.55e-19 0.98109
64856 -14.43 64.97 1.67e-19 0.96718
63143 -74.98 69.92 1.39e-19 1.03752
64307 50.22 45.15 1.19e-19 1.16223
64298 38.62 49.77 1.37e-19 1.04731
64301 42.75 48.42 1.32e-19 1.07634
64304 46.62 46.88 1.25e-19 1.11432
64874 30.65 67.20 1.77e-19 0.98158
64868 15.00 68.00 1.81e-19 0.99897
64871 22.96 67.80 1.80e-19 0.99332
64877 37.85 66.25 1.72e-19 0.97161
64022 20.50 86.00 1.70e-19 0.96870
64025 20.50 84.00 1.74e-19 0.97434
64397 -16.66 53.94 1.43e-19 1.01822
64019 20.50 88.00 1.66e-19 0.96711
64394 -20.85 52.27 1.37e-19 1.04729
64388 -28.18 48.44 1.22e-19 1.13470
64391 -24.68 50.43 1.30e-19 1.08573
64214 32.11 45.05 1.27e-19 1.10524
64097 -154.30 89.50 1.61e-19 0.97076
64211 27.99 45.89 1.30e-19 1.08358
65219 -52.04 80.22 1.64e-19 0.96792
64217 -11.20 45.58 1.25e-19 1.11916
65222 -41.87 82.83 1.67e-19 0.96715
64427 37.23 56.66 1.54e-19 0.98299
64199 10.61 46.88 1.34e-19 1.06065
64202 15.00 47.00 1.35e-19 1.05780
64205 19.39 46.88 1.34e-19 1.06065
64976 -5.87 72.94 1.81e-19 0.99898
64973 -14.88 71.70 1.76e-19 0.97898
64970 -22.64 70.09 1.70e-19 0.96870
65450 -128.42 79.90 1.41e-19 1.02985
65453 -144.45 81.43 1.42e-19 1.02290
65162 15.00 83.00 1.76e-19 0.97898
63203 -31.27 65.14 1.58e-19 0.97509
65279 -71.91 77.98 1.54e-19 0.98296
65285 -66.36 83.93 1.61e-19 0.97002
65282 -69.91 80.96 1.58e-19 0.97440
65471 135.01 72.61 1.30e-19 1.08573
65468 140.04 75.29 1.34e-19 1.06037
65474 131.49 69.80 1.25e-19 1.11923
65477 -118.54 73.33 1.27e-19 1.10516
62993 15.00 -90.00 -1.85e-19 -0.18480
64940 54.30 65.88 1.63e-19 0.96823
65099 -1.81 79.57 1.80e-19 0.99331
65105 31.81 79.57 1.80e-19 0.99331
65102 15.00 80.00 1.81e-19 0.99897
64688 60.98 50.85 1.27e-19 1.10513
65405 -115.34 82.12 1.48e-19 1.00079
65402 -105.13 79.58 1.45e-19 1.01063
65399 -99.24 76.82 1.42e-19 1.02578
63269 -6.11 50.90 1.41e-19 1.02880
63275 -4.48 49.24 1.37e-19 1.04590
64037 20.50 76.00 1.87e-19 1.03631
64034 20.50 78.00 1.84e-19 1.01585
64028 20.50 82.00 1.77e-19 0.98409
64031 20.50 80.00 1.81e-19 0.99798
64916 -10.90 69.01 1.75e-19 0.97660
64793 -11.53 62.26 1.64e-19 0.96796
64790 -17.07 60.82 1.58e-19 0.97437
64910 -24.30 65.88 1.63e-19 0.96823
64913 -18.05 67.59 1.69e-19 0.96811
64796 -5.47 63.42 1.68e-19 0.96759
65144 -55.70 70.89 1.52e-19 0.98838
64430 42.12 55.41 1.49e-19 0.99714
64433 46.66 53.94 1.43e-19 1.01822
64349 20.35 55.86 1.57e-19 0.97723
64352 25.62 55.44 1.55e-19 0.98108
64355 30.72 54.74 1.52e-19 0.98830
63383 65.50 62.76 1.51e-19 0.99189
63113 -138.30 76.00 1.29e-19 1.09159
64436 50.85 52.27 1.37e-19 1.04729
64334 -5.61 53.80 1.48e-19 1.00037
65504 -141.78 74.62 1.25e-19 1.11914
64331 -10.23 52.61 1.43e-19 1.01813
64328 -14.55 51.21 1.38e-19 1.04314
64169 15.00 41.00 1.18e-19 1.16612
64172 18.97 40.88 1.18e-19 1.16992
64175 6.71 43.52 1.25e-19 1.11932
64337 -0.72 54.74 1.52e-19 0.98830
64814 35.47 63.42 1.68e-19 0.96759
65147 -51.53 73.61 1.58e-19 0.97443
65249 96.90 68.78 1.42e-19 1.02580
64085 20.50 46.00 1.32e-19 1.07426
65336 -84.03 71.77 1.38e-19 1.04316
65252 98.64 65.84 1.34e-19 1.06034
65255 100.10 62.89 1.27e-19 1.10512
65330 -83.40 65.72 1.25e-19 1.11921
65333 -83.60 68.75 1.32e-19 1.07640
64418 20.81 58.85 1.63e-19 0.96826
64133 -154.30 79.50 1.37e-19 1.04933
65186 91.49 65.27 1.38e-19 1.04206
64136 -154.30 78.50 1.34e-19 1.06329
65183 88.92 68.10 1.45e-19 1.01060
65180 85.70 70.89 1.52e-19 0.98838
65192 95.42 59.53 1.22e-19 1.13636
65414 164.13 84.15 1.50e-19 0.99534
65432 121.61 68.04 1.25e-19 1.11424
65435 120.51 65.03 1.19e-19 1.16222
63263 -7.85 52.53 1.44e-19 1.01476
65429 123.21 71.02 1.32e-19 1.07645
65408 -134.13 84.15 1.50e-19 0.99534
63317 110.50 70.00 1.36e-19 1.05204
63311 115.98 69.92 1.33e-19 1.06926
65009 76.59 58.92 1.35e-19 1.05770
65015 -48.69 63.02 1.42e-19 1.02290
65012 -51.77 60.39 1.34e-19 1.06050
65528 -165.00 70.00 1.09e-19 1.23923
65531 -165.00 67.00 9.96e-20 1.32622
63413 52.73 55.69 1.44e-19 1.01570
64955 -46.59 58.92 1.35e-19 1.05770
64949 68.43 59.57 1.42e-19 1.02279
65111 57.58 76.63 1.72e-19 0.97156
65168 55.98 80.83 1.72e-19 0.97155
65108 46.27 78.38 1.77e-19 0.98161
65114 66.13 74.51 1.67e-19 0.96714
65117 72.61 72.15 1.61e-19 0.97002
64862 -0.65 67.20 1.77e-19 0.98158
64835 64.18 53.14 1.30e-19 1.08373
65456 -165.00 82.00 1.43e-19 1.02057
64469 -9.17 59.48 1.59e-19 0.97259
64475 2.41 61.35 1.67e-19 0.96715
64472 -3.56 60.56 1.64e-19 0.96795
65513 -177.19 75.64 1.26e-19 1.10917
65510 -165.00 76.00 1.27e-19 1.10599
65516 171.78 74.62 1.25e-19 1.11914
64451 -34.20 48.66 1.19e-19 1.16137
64454 -30.98 50.85 1.27e-19 1.10513
63905 -159.50 78.00 1.32e-19 1.07210
64289 24.88 52.47 1.48e-19 1.00082
64295 34.25 50.90 1.42e-19 1.02569
64292 29.66 51.81 1.45e-19 1.01064
64883 50.33 63.41 1.61e-19 0.97001
64880 44.43 64.97 1.67e-19 0.96718
65498 156.21 75.54 1.30e-19 1.08365
63584 -159.50 72.00 1.15e-19 1.18805
64886 55.56 61.63 1.55e-19 0.98109
64406 -2.00 57.66 1.58e-19 0.97441
65378 113.40 65.72 1.25e-19 1.11921
64403 -7.23 56.66 1.54e-19 0.98299
64400 -12.12 55.41 1.49e-19 0.99714
64223 -3.10 47.99 1.34e-19 1.06042
64220 -7.26 46.89 1.30e-19 1.08566
64118 -154.30 82.50 1.44e-19 1.01446
64121 -154.30 81.50 1.42e-19 1.02495
64226 1.25 48.86 1.38e-19 1.04215
64124 -154.30 80.50 1.39e-19 1.03656
63161 -58.62 69.66 1.48e-19 0.99991
