65006 73.24 61.42 1.46e-19 1.08115
65000 64.69 66.09 1.62e-19 1.07610
65003 69.32 63.82 1.55e-19 1.08189
63197 -35.09 66.19 1.62e-19 1.07620
64142 -154.30 75.50 1.21e-19 1.05853
63191 -39.22 67.15 1.61e-19 1.07755
65213 -57.99 77.44 1.64e-19 1.07314
65210 -61.92 74.59 1.59e-19 1.07960
65294 86.94 86.84 1.67e-19 1.06550
65291 15.00 89.00 1.67e-19 1.06394
65288 -56.94 86.84 1.67e-19 1.06550
65075 -57.47 61.57 1.32e-19 1.07120
62987 15.00 -74.00 -3.07e-20 -0.03065
65072 81.77 60.39 1.34e-19 1.07326
65486 -149.69 78.56 1.34e-19 1.07321
65069 78.69 63.02 1.45e-19 1.08097
65420 135.13 79.58 1.49e-19 1.08214
62981 15.00 -90.00 -8.17e-20 -0.08167
65483 -136.50 77.35 1.32e-19 1.07128
65156 -25.98 80.83 1.71e-19 1.03665
65426 125.59 73.95 1.38e-19 1.07647
65480 -126.21 75.54 1.28e-19 1.06716
63281 -2.95 47.55 1.33e-19 1.07178
63287 -1.51 45.84 1.27e-19 1.06530
65150 -45.89 76.23 1.67e-19 1.06434
65390 -91.61 68.04 1.21e-19 1.05800
63227 -18.77 60.10 1.61e-19 1.07793
65393 -93.21 71.02 1.30e-19 1.06932
65396 -95.59 73.95 1.38e-19 1.07647
63221 -21.51 61.46 1.62e-19 1.07653
63443 45.48 49.24 1.31e-19 1.07030
64046 20.50 70.00 1.67e-19 0.97134
64082 20.50 48.00 1.38e-19 1.07680
64043 20.50 72.00 1.64e-19 0.94910
64040 20.50 74.00 1.62e-19 0.93518
64781 -30.59 55.29 1.39e-19 1.07749
64778 -34.18 53.14 1.28e-19 1.06727
64784 -26.57 57.31 1.49e-19 1.08212
64079 20.50 50.00 1.45e-19 1.08102
64787 -22.08 59.16 1.57e-19 1.08100
64919 -2.88 70.09 1.70e-19 0.99819
64925 15.00 71.00 1.65e-19 0.95471
64922 5.86 70.77 1.67e-19 0.97016
64439 54.68 50.43 1.28e-19 1.06661
64445 61.37 46.31 1.05e-19 1.03116
64442 58.18 48.44 1.17e-19 1.05165
63119 -95.35 67.98 1.18e-19 1.05336
63125 -90.61 68.69 1.24e-19 1.06228
63377 68.74 63.99 1.56e-19 1.08162
64544 53.49 54.84 1.44e-19 1.08040
64187 23.29 43.52 1.20e-19 1.05655
64325 -18.58 49.61 1.30e-19 1.06918
63776 -159.50 74.00 1.15e-19 1.04849
64181 15.00 44.00 1.23e-19 1.06058
64178 10.84 43.88 1.22e-19 1.05961
64184 19.16 43.88 1.22e-19 1.05961
64013 -159.50 88.00 1.62e-19 1.07612
64250 37.26 46.89 1.28e-19 1.06651
64253 41.20 45.58 1.20e-19 1.05632
64073 20.50 54.00 1.57e-19 1.08089
64070 20.50 56.00 1.62e-19 1.07653
65246 94.74 71.70 1.52e-19 1.08239
65492 179.69 78.56 1.34e-19 1.07321
65243 91.92 74.59 1.59e-19 1.07960
65495 166.50 77.35 1.32e-19 1.07128
64076 20.50 52.00 1.51e-19 1.08239
65240 87.99 77.44 1.64e-19 1.07314
64208 23.74 46.51 1.32e-19 1.07131
64457 -27.42 52.92 1.34e-19 1.07339
65177 81.53 73.61 1.63e-19 1.07490
64166 11.03 40.88 1.10e-19 1.03976
64163 15.00 38.00 9.74e-20 1.01588
65171 67.87 78.68 1.70e-19 1.05084
64094 20.50 40.00 1.06e-19 1.03249
65174 75.89 76.23 1.67e-19 1.06434
64160 15.00 35.00 8.44e-20 0.98537
65387 -90.51 65.03 1.11e-19 1.04228
63257 -9.72 54.13 1.51e-19 1.08243
65297 96.36 83.93 1.65e-19 1.06961
63251 -11.73 55.69 1.54e-19 1.08206
65381 113.36 62.69 1.09e-19 1.03884
65384 113.42 59.64 9.74e-20 1.01598
65357 139.00 86.38 1.62e-19 1.07690
65348 -94.24 83.64 1.60e-19 1.07884
65351 -109.00 86.38 1.62e-19 1.07690
64091 20.50 42.00 1.14e-19 1.04754
65354 -165.00 88.00 1.62e-19 1.07614
63179 -48.39 68.69 1.58e-19 1.08054
63185 -43.65 67.98 1.60e-19 1.07903
63323 105.02 69.92 1.40e-19 1.07855
65342 -86.22 77.76 1.52e-19 1.08232
65345 -88.82 80.73 1.57e-19 1.08108
65339 -84.82 74.77 1.46e-19 1.08142
65045 15.00 77.00 1.65e-19 0.95471
65042 1.88 76.67 1.67e-19 0.97018
65039 -10.07 75.72 1.70e-19 0.99818
63407 54.89 57.20 1.50e-19 1.08222
65423 129.24 76.82 1.44e-19 1.08048
64823 52.08 59.16 1.57e-19 1.08100
65489 -165.00 79.00 1.35e-19 1.07402
64820 47.07 60.82 1.63e-19 1.07483
64967 -29.19 68.20 1.67e-19 1.06392
64964 -34.69 66.09 1.62e-19 1.07610
63401 57.23 58.68 1.52e-19 1.08245
63095 40.40 47.00 1.26e-19 1.06471
64961 -39.32 63.82 1.55e-19 1.08189
64958 -43.24 61.42 1.46e-19 1.08115
64826 56.57 57.31 1.49e-19 1.08212
65063 70.62 68.01 1.62e-19 1.07690
65126 84.80 64.32 1.43e-19 1.07989
65060 65.21 70.32 1.67e-19 1.06552
65123 81.58 67.01 1.52e-19 1.08234
65066 75.03 65.56 1.54e-19 1.08203
65120 77.61 69.63 1.60e-19 1.07885
64592 57.42 52.92 1.34e-19 1.07339
64499 49.14 56.59 1.52e-19 1.08229
65519 -154.87 72.69 1.10e-19 1.03960
65522 -165.00 73.00 1.10e-19 1.04108
65525 -175.13 72.69 1.10e-19 1.03960
63293 -0.15 44.10 1.20e-19 1.05674
64055 20.50 64.00 1.71e-19 1.03123
64052 20.50 66.00 1.71e-19 1.01337
64466 -14.37 58.15 1.59e-19 1.07962
64049 20.50 68.00 1.69e-19 0.99326
64463 -19.14 56.59 1.52e-19 1.08229
64460 -23.49 54.84 1.44e-19 1.08040
64889 60.17 59.65 1.52e-19 1.08238
64895 67.82 55.26 1.32e-19 1.07110
64892 64.24 57.52 1.43e-19 1.07981
65225 -22.03 85.01 1.70e-19 1.04813
64376 58.87 43.83 9.74e-20 1.01599
64004 -159.50 82.00 1.46e-19 1.08121
64370 52.30 47.83 1.20e-19 1.05624
64007 -159.50 84.00 1.52e-19 1.08238
64373 55.72 45.90 1.09e-19 1.03867
64229 5.74 49.49 1.43e-19 1.07987
64235 15.00 50.00 1.46e-19 1.08118
64232 10.34 49.87 1.45e-19 1.08084
64109 -154.30 85.50 1.56e-19 1.08132
64115 -154.30 83.50 1.51e-19 1.08237
64112 -154.30 84.50 1.54e-19 1.08219
63809 -159.50 76.00 1.23e-19 1.06077
64283 15.00 53.00 1.55e-19 1.08190
64280 10.03 52.87 1.54e-19 1.08216
64286 19.97 52.87 1.54e-19 1.08216
65312 105.25 69.00 1.38e-19 1.07644
65315 106.03 66.00 1.28e-19 1.06669
65309 104.36 72.00 1.46e-19 1.08147
65306 103.29 74.99 1.53e-19 1.08218
65198 -70.10 62.89 1.23e-19 1.06070
65201 -68.64 65.84 1.34e-19 1.07333
65204 -66.90 68.78 1.44e-19 1.08050
65207 -64.74 71.70 1.52e-19 1.08239
65300 99.91 80.96 1.63e-19 1.07487
65303 101.91 77.98 1.59e-19 1.07960
65078 -54.80 64.32 1.43e-19 1.07989
65081 -51.58 67.01 1.52e-19 1.08234
65411 -165.00 85.00 1.55e-19 1.08190
65084 -47.61 69.63 1.60e-19 1.07885
65087 -42.61 72.15 1.65e-19 1.06961
64859 -7.85 66.25 1.71e-19 1.03666
64865 7.04 67.80 1.70e-19 0.99817
65417 145.34 82.12 1.52e-19 1.08241
63329 99.62 69.66 1.44e-19 1.08046
63335 94.39 69.25 1.47e-19 1.08172
63449 43.95 47.55 1.26e-19 1.06419
63455 42.51 45.84 1.20e-19 1.05668
64994 52.64 70.09 1.70e-19 1.04541
64988 35.87 72.94 1.69e-19 0.99046
64991 44.88 71.70 1.71e-19 1.02083
63215 -24.50 62.76 1.62e-19 1.07555
65153 -37.87 78.68 1.70e-19 1.05084
64997 59.19 68.20 1.67e-19 1.06392
63209 -27.74 63.99 1.63e-19 1.07519
64934 40.90 69.01 1.71e-19 1.02529
64016 14.04 90.00 1.66e-19 1.06871
64931 32.88 70.09 1.70e-19 0.99819
63431 48.85 52.53 1.40e-19 1.07823
64928 24.14 70.77 1.67e-19 0.97016
64010 -159.50 86.00 1.57e-19 1.08068
63473 -159.50 70.00 9.76e-20 1.01627
64937 48.05 67.59 1.70e-19 1.04811
63437 47.11 50.90 1.36e-19 1.07490
65132 -65.42 59.53 1.16e-19 1.05090
65135 -63.62 62.41 1.28e-19 1.06707
65129 87.47 61.57 1.32e-19 1.07120
64772 64.20 48.66 1.11e-19 1.04261
64775 -37.39 50.87 1.16e-19 1.05114
64415 15.00 59.00 1.67e-19 1.06394
64412 9.19 58.85 1.67e-19 1.06551
64409 3.49 58.40 1.65e-19 1.06963
63137 -80.38 69.66 1.35e-19 1.07448
63131 -85.61 69.25 1.30e-19 1.06915
64316 -22.30 47.83 1.20e-19 1.05624
64313 -25.72 45.90 1.09e-19 1.03867
64310 -28.87 43.83 9.74e-20 1.01599
63155 -64.02 69.92 1.49e-19 1.08224
63149 -69.50 70.00 1.45e-19 1.08094
64259 -20.22 45.15 1.11e-19 1.04229
64265 -12.75 48.42 1.30e-19 1.06916
64262 -16.62 46.88 1.21e-19 1.05813
65327 -83.36 62.69 1.09e-19 1.03884
57281 15.00 -74.00 -3.07e-20 -0.03065
64100 -154.30 88.50 1.63e-19 1.07447
64103 -154.30 87.50 1.61e-19 1.07745
65237 82.04 80.22 1.67e-19 1.06435
65234 71.87 82.83 1.69e-19 1.05519
64106 -154.30 86.50 1.59e-19 1.07973
65231 52.03 85.01 1.70e-19 1.04813
65228 15.00 86.00 1.70e-19 1.04542
65267 -76.03 66.00 1.28e-19 1.06669
64088 20.50 44.00 1.23e-19 1.06000
64193 2.01 45.89 1.28e-19 1.06705
64190 -2.11 45.05 1.23e-19 1.06088
64157 -154.30 77.50 1.30e-19 1.06862
64154 -154.30 71.50 1.05e-19 1.03046
64151 -154.30 72.50 1.09e-19 1.03843
64148 -154.30 73.50 1.13e-19 1.04577
64196 6.26 46.51 1.32e-19 1.07131
64982 15.00 74.00 1.58e-19 0.91406
64985 25.77 73.73 1.65e-19 0.95472
65369 114.82 74.77 1.46e-19 1.08142
64979 4.23 73.73 1.65e-19 0.95472
65375 113.60 68.75 1.30e-19 1.06924
65372 114.03 71.77 1.39e-19 1.07745
65366 116.22 77.76 1.52e-19 1.08232
65360 124.24 83.64 1.60e-19 1.07884
65363 118.82 80.73 1.57e-19 1.08108
65459 174.45 81.43 1.45e-19 1.08096
65462 158.42 79.90 1.43e-19 1.07984
65465 147.41 77.77 1.39e-19 1.07761
63173 -53.39 69.25 1.55e-19 1.08171
65036 -20.23 74.26 1.71e-19 1.02529
65270 -75.25 69.00 1.38e-19 1.07644
65273 -74.36 72.00 1.46e-19 1.08147
64952 71.94 57.20 1.34e-19 1.07330
65276 -73.29 74.99 1.53e-19 1.08218
65030 -35.21 70.32 1.67e-19 1.06552
65033 -28.52 72.43 1.70e-19 1.04812
64808 22.07 64.82 1.71e-19 1.02529
64811 28.94 64.29 1.71e-19 1.03666
65501 148.54 73.33 1.23e-19 1.06076
63353 80.22 67.15 1.53e-19 1.08226
64817 41.53 62.26 1.67e-19 1.06438
63389 62.51 61.46 1.55e-19 1.08190
63395 59.77 60.10 1.54e-19 1.08220
65507 -152.81 75.64 1.22e-19 1.05943
65054 50.23 74.26 1.71e-19 1.02529
65096 -16.27 78.38 1.71e-19 1.01617
65051 40.07 75.72 1.70e-19 0.99818
65048 28.12 76.67 1.67e-19 0.97018
65090 -36.13 74.51 1.69e-19 1.05518
65093 -27.58 76.63 1.71e-19 1.03665
65057 58.52 72.43 1.70e-19 1.04812
64496 44.37 58.15 1.59e-19 1.07962
64490 33.56 60.56 1.67e-19 1.06437
64493 39.17 59.48 1.64e-19 1.07313
63305 121.38 69.66 1.27e-19 1.06544
63299 126.61 69.25 1.22e-19 1.05855
64058 20.50 62.00 1.70e-19 1.04659
64061 20.50 60.00 1.68e-19 1.05932
64067 20.50 58.00 1.66e-19 1.06932
64802 7.93 64.82 1.71e-19 1.02529
64805 15.00 65.00 1.71e-19 1.02083
64799 1.06 64.29 1.71e-19 1.03666
64907 -29.72 63.95 1.62e-19 1.07692
64904 -34.39 61.83 1.54e-19 1.08204
64898 -41.94 57.20 1.34e-19 1.07330
64901 -38.43 59.57 1.45e-19 1.08081
64829 60.59 55.29 1.39e-19 1.07749
64379 -31.37 46.31 1.05e-19 1.03116
64367 48.58 49.61 1.30e-19 1.06918
64364 44.55 51.21 1.39e-19 1.07741
64361 40.23 52.61 1.46e-19 1.08143
64358 35.61 53.80 1.52e-19 1.08243
63371 72.27 65.14 1.55e-19 1.08172
63101 -146.50 74.10 1.17e-19 1.05173
63107 41.70 76.00 1.70e-19 1.00249
63968 -159.50 80.00 1.39e-19 1.07719
64343 9.65 55.86 1.62e-19 1.07694
63365 76.09 66.19 1.55e-19 1.08187
64247 33.10 47.99 1.34e-19 1.07345
64340 4.38 55.44 1.60e-19 1.07892
64244 28.75 48.86 1.39e-19 1.07764
64238 19.66 49.87 1.45e-19 1.08084
64346 15.00 56.00 1.62e-19 1.07614
64241 24.26 49.49 1.43e-19 1.07987
64268 -8.62 49.77 1.38e-19 1.07646
64271 -4.25 50.90 1.44e-19 1.08035
64274 0.34 51.81 1.49e-19 1.08215
64277 5.12 52.47 1.52e-19 1.08245
65264 -76.74 62.99 1.17e-19 1.05164
65261 -77.40 59.97 1.05e-19 1.03115
65258 101.35 59.93 1.11e-19 1.04260
65324 -83.42 59.64 9.74e-20 1.01598
65321 107.40 59.97 1.05e-19 1.03115
65318 106.74 62.99 1.17e-19 1.05164
64145 -154.30 74.50 1.17e-19 1.05248
65189 93.62 62.41 1.28e-19 1.06707
65195 -71.35 59.93 1.11e-19 1.04260
64139 -154.30 76.50 1.26e-19 1.06391
65441 -105.01 72.61 1.28e-19 1.06661
65438 -101.49 69.80 1.20e-19 1.05641
65444 -110.04 75.29 1.34e-19 1.07338
65447 -117.41 77.77 1.39e-19 1.07761
63341 89.39 68.69 1.50e-19 1.08233
63347 84.65 67.98 1.52e-19 1.08239
65018 -45.03 65.56 1.54e-19 1.08203
65027 -40.62 68.01 1.62e-19 1.07690
65159 -8.31 82.40 1.71e-19 1.02529
63239 -16.23 58.68 1.59e-19 1.07953
63245 -13.89 57.20 1.57e-19 1.08088
65165 38.31 82.40 1.71e-19 1.02529
63419 50.72 54.13 1.44e-19 1.08051
64943 59.72 63.95 1.62e-19 1.07692
64946 64.39 61.83 1.54e-19 1.08204
64847 -30.17 59.65 1.52e-19 1.08238
65141 -58.92 68.10 1.49e-19 1.08209
65138 -61.49 65.27 1.39e-19 1.07752
64838 67.39 50.87 1.16e-19 1.05114
64841 -37.82 55.26 1.32e-19 1.07110
64844 -34.24 57.52 1.43e-19 1.07981
64478 8.63 61.84 1.70e-19 1.04813
64481 15.00 62.00 1.70e-19 1.04542
64484 21.37 61.84 1.70e-19 1.04813
64487 27.59 61.35 1.69e-19 1.05519
64421 26.51 58.40 1.65e-19 1.06963
64424 32.00 57.66 1.63e-19 1.07487
64853 -20.33 63.41 1.65e-19 1.06960
64850 -25.56 61.63 1.60e-19 1.07893
64856 -14.43 64.97 1.69e-19 1.05520
63143 -74.98 69.92 1.40e-19 1.07857
64307 50.22 45.15 1.11e-19 1.04229
64298 38.62 49.77 1.38e-19 1.07646
64301 42.75 48.42 1.30e-19 1.06916
64304 46.62 46.88 1.21e-19 1.05813
64874 30.65 67.20 1.71e-19 1.01617
64868 15.00 68.00 1.69e-19 0.99046
64871 22.96 67.80 1.70e-19 0.99817
64877 37.85 66.25 1.71e-19 1.03666
64022 20.50 86.00 1.70e-19 1.04560
64025 20.50 84.00 1.71e-19 1.03006
64397 -16.66 53.94 1.46e-19 1.08155
64019 20.50 88.00 1.69e-19 1.05852
64394 -20.85 52.27 1.38e-19 1.07644
64388 -28.18 48.44 1.17e-19 1.05165
64391 -24.68 50.43 1.28e-19 1.06661
64214 32.11 45.05 1.23e-19 1.06088
64097 -154.30 89.50 1.65e-19 1.07080
64211 27.99 45.89 1.28e-19 1.06705
65219 -52.04 80.22 1.67e-19 1.06435
64217 -11.20 45.58 1.20e-19 1.05632
65222 -41.87 82.83 1.69e-19 1.05519
64427 37.23 56.66 1.59e-19 1.07964
64199 10.61 46.88 1.34e-19 1.07347
64202 15.00 47.00 1.35e-19 1.07402
64205 19.39 46.88 1.34e-19 1.07347
64976 -5.87 72.94 1.69e-19 0.99046
64973 -14.88 71.70 1.71e-19 1.02083
64970 -22.64 70.09 1.70e-19 1.04541
65450 -128.42 79.90 1.43e-19 1.07984
65453 -144.45 81.43 1.45e-19 1.08096
65162 15.00 83.00 1.71e-19 1.02083
63203 -31.27 65.14 1.63e-19 1.07543
65279 -71.91 77.98 1.59e-19 1.07960
65285 -66.36 83.93 1.65e-19 1.06961
65282 -69.91 80.96 1.63e-19 1.07487
65471 135.01 72.61 1.28e-19 1.06661
65468 140.04 75.29 1.34e-19 1.07338
65474 131.49 69.80 1.20e-19 1.05641
65477 -118.54 73.33 1.23e-19 1.06076
62993 15.00 -90.00 -8.17e-20 -0.08167
64940 54.30 65.88 1.67e-19 1.06548
65099 -1.81 79.57 1.70e-19 0.99818
65105 31.81 79.57 1.70e-19 0.99818
65102 15.00 80.00 1.69e-19 0.99046
64688 60.98 50.85 1.23e-19 1.06072
65405 -115.34 82.12 1.52e-19 1.08241
65402 -105.13 79.58 1.49e-19 1.08214
65399 -99.24 76.82 1.44e-19 1.08048
63269 -6.11 50.90 1.43e-19 1.07993
63275 -4.48 49.24 1.38e-19 1.07669
64037 20.50 76.00 1.64e-19 0.94765
64034 20.50 78.00 1.67e-19 0.96976
64028 20.50 82.00 1.71e-19 1.01204
64031 20.50 80.00 1.69e-19 0.99178
64916 -10.90 69.01 1.71e-19 1.02529
64793 -11.53 62.26 1.67e-19 1.06438
64790 -17.07 60.82 1.63e-19 1.07483
64910 -24.30 65.88 1.67e-19 1.06548
64913 -18.05 67.59 1.70e-19 1.04811
64796 -5.47 63.42 1.70e-19 1.05083
65144 -55.70 70.89 1.57e-19 1.08112
64430 42.12 55.41 1.53e-19 1.08226
64433 46.66 53.94 1.46e-19 1.08155
64349 20.35 55.86 1.62e-19 1.07694
64352 25.62 55.44 1.60e-19 1.07892
64355 30.72 54.74 1.57e-19 1.08102
63383 65.50 62.76 1.55e-19 1.08165
63113 -138.30 76.00 1.26e-19 1.06489
64436 50.85 52.27 1.38e-19 1.07644
64334 -5.61 53.80 1.52e-19 1.08243
65504 -141.78 74.62 1.20e-19 1.05629
64331 -10.23 52.61 1.46e-19 1.08143
64328 -14.55 51.21 1.39e-19 1.07741
64169 15.00 41.00 1.10e-19 1.04108
64172 18.97 40.88 1.10e-19 1.03976
64175 6.71 43.52 1.20e-19 1.05655
64337 -0.72 54.74 1.57e-19 1.08102
64814 35.47 63.42 1.70e-19 1.05083
65147 -51.53 73.61 1.63e-19 1.07490
65249 96.90 68.78 1.44e-19 1.08050
64085 20.50 46.00 1.31e-19 1.06978
65336 -84.03 71.77 1.39e-19 1.07745
65252 98.64 65.84 1.34e-19 1.07333
65255 100.10 62.89 1.23e-19 1.06070
65330 -83.40 65.72 1.20e-19 1.05639
65333 -83.60 68.75 1.30e-19 1.06924
64418 20.81 58.85 1.67e-19 1.06551
64133 -154.30 79.50 1.37e-19 1.07600
65186 91.49 65.27 1.39e-19 1.07752
64136 -154.30 78.50 1.33e-19 1.07266
65183 88.92 68.10 1.49e-19 1.08209
65180 85.70 70.89 1.57e-19 1.08112
65192 95.42 59.53 1.16e-19 1.05090
65414 164.13 84.15 1.54e-19 1.08217
65432 121.61 68.04 1.21e-19 1.05800
65435 120.51 65.03 1.11e-19 1.04228
63263 -7.85 52.53 1.47e-19 1.08176
65429 123.21 71.02 1.30e-19 1.06932
65408 -134.13 84.15 1.54e-19 1.08217
63317 110.50 70.00 1.36e-19 1.07538
63311 115.98 69.92 1.32e-19 1.07125
65009 76.59 58.92 1.35e-19 1.07388
65015 -48.69 63.02 1.45e-19 1.08097
65012 -51.77 60.39 1.34e-19 1.07326
65528 -165.00 70.00 9.74e-20 1.01588
65531 -165.00 67.00 8.44e-20 0.98537
63413 52.73 55.69 1.47e-19 1.08178
64955 -46.59 58.92 1.35e-19 1.07388
64949 68.43 59.57 1.45e-19 1.08081
65111 57.58 76.63 1.71e-19 1.03665
65168 55.98 80.83 1.71e-19 1.03665
65108 46.27 78.38 1.71e-19 1.01617
65114 66.13 74.51 1.69e-19 1.05518
65117 72.61 72.15 1.65e-19 1.06961
64862 -0.65 67.20 1.71e-19 1.01617
64835 64.18 53.14 1.28e-19 1.06727
65456 -165.00 82.00 1.46e-19 1.08118
64469 -9.17 59.48 1.64e-19 1.07313
64475 2.41 61.35 1.69e-19 1.05519
64472 -3.56 60.56 1.67e-19 1.06437
65513 -177.19 75.64 1.22e-19 1.05943
65510 -165.00 76.00 1.23e-19 1.06058
65516 171.78 74.62 1.20e-19 1.05629
64451 -34.20 48.66 1.11e-19 1.04261
64454 -30.98 50.85 1.23e-19 1.06072
63905 -159.50 78.00 1.31e-19 1.07036
64289 24.88 52.47 1.52e-19 1.08245
64295 34.25 50.90 1.44e-19 1.08035
64292 29.66 51.81 1.49e-19 1.08215
64883 50.33 63.41 1.65e-19 1.06960
64880 44.43 64.97 1.69e-19 1.05520
65498 156.21 75.54 1.28e-19 1.06716
63584 -159.50 72.00 1.06e-19 1.03362
64886 55.56 61.63 1.60e-19 1.07893
64406 -2.00 57.66 1.63e-19 1.07487
65378 113.40 65.72 1.20e-19 1.05639
64403 -7.23 56.66 1.59e-19 1.07964
64400 -12.12 55.41 1.53e-19 1.08226
64223 -3.10 47.99 1.34e-19 1.07345
64220 -7.26 46.89 1.28e-19 1.06651
64118 -154.30 82.50 1.47e-19 1.08183
64121 -154.30 81.50 1.44e-19 1.08059
64226 1.25 48.86 1.39e-19 1.07764
64124 -154.30 80.50 1.41e-19 1.07864
63161 -58.62 69.66 1.52e-19 1.08231
