   1.2784329e+09   1.3097345e+00
   1.2784338e+09   1.3097345e+00
   1.2784347e+09   1.3097345e+00
   1.2784356e+09   1.3097345e+00
   1.2784365e+09   1.3097345e+00
   1.2784374e+09   1.3097345e+00
   1.2784383e+09   1.3097345e+00
   1.2784392e+09   1.3097345e+00
   1.2784401e+09   1.3097345e+00
   1.2784410e+09   1.3097345e+00
   1.2784419e+09   1.3097345e+00
   1.2784428e+09   1.3097345e+00
   1.2784437e+09   1.3097345e+00
   1.2784446e+09   1.3097345e+00
   1.2784455e+09   1.3097345e+00
   1.2784464e+09   1.3097345e+00
   1.2784473e+09   1.3097345e+00
   1.2784482e+09   1.3097345e+00
   1.2784491e+09   1.3097345e+00
   1.2784500e+09   1.3097345e+00
   1.2784509e+09   1.3097345e+00
   1.2784518e+09   1.3097345e+00
   1.2784527e+09   1.3097345e+00
   1.2784536e+09   1.3097345e+00
   1.2784545e+09   1.3097345e+00
   1.2784554e+09   1.3097345e+00
   1.2784563e+09   1.3097345e+00
   1.2784572e+09   1.3097345e+00
   1.2784581e+09   1.3097345e+00
   1.2784590e+09   1.3097345e+00
   1.2784599e+09   1.3097345e+00
   1.2784608e+09   1.3097345e+00
   1.2784617e+09   1.3097345e+00
   1.2784626e+09   1.3097345e+00
   1.2784635e+09   1.3097345e+00
   1.2784644e+09   1.3097345e+00
   1.2784653e+09   1.3097345e+00
   1.2784662e+09   1.3097345e+00
   1.2784671e+09   1.3097345e+00
   1.2784680e+09   1.3097345e+00
   1.2784689e+09   1.3097345e+00
   1.2784698e+09   1.3097345e+00
   1.2784707e+09   1.3097345e+00
   1.2784716e+09   1.3097345e+00
   1.2784725e+09   1.3097345e+00
   1.2784734e+09   1.3097345e+00
   1.2784743e+09   1.3097345e+00
   1.2784752e+09   1.3097345e+00
   1.2784761e+09   1.3097345e+00
   1.2784770e+09   1.3097345e+00
   1.2784779e+09   1.3097345e+00
   1.2784788e+09   1.3097345e+00
   1.2784797e+09   1.3097345e+00
   1.2784806e+09   1.3097345e+00
   1.2784815e+09   1.3097345e+00
   1.2784824e+09   1.3097345e+00
   1.2784833e+09   1.3097345e+00
   1.2784842e+09   1.3097345e+00
   1.2784851e+09   1.3097345e+00
   1.2784860e+09   1.3097345e+00
   1.2784869e+09   1.3097345e+00
   1.2784878e+09   1.3097345e+00
   1.2784887e+09   1.3097345e+00
   1.2784896e+09   1.3097345e+00
   1.2784905e+09   1.3097345e+00
   1.2784914e+09   1.3097345e+00
   1.2784923e+09   1.3097345e+00
   1.2784932e+09   1.3097345e+00
   1.2784941e+09   1.3097345e+00
   1.2784950e+09   1.3097345e+00
   1.2784959e+09   1.3097345e+00
   1.2784968e+09   1.3097345e+00
   1.2784977e+09   1.3097345e+00
   1.2784986e+09   1.3097345e+00
   1.2784995e+09   1.3097345e+00
   1.2785004e+09   1.3097345e+00
   1.2785013e+09   1.3097345e+00
   1.2785022e+09   1.3097345e+00
   1.2785031e+09   1.3097345e+00
   1.2785040e+09   1.3097345e+00
   1.2785049e+09   1.3097345e+00
   1.2785058e+09   1.3097345e+00
   1.2785067e+09   1.3097345e+00
   1.2785076e+09   1.3097345e+00
   1.2785085e+09   1.3097345e+00
   1.2785094e+09   1.3097345e+00
   1.2785103e+09   1.3097345e+00
   1.2785112e+09   1.3097345e+00
   1.2785121e+09   1.3097345e+00
   1.2785130e+09   1.3097345e+00
   1.2785139e+09   1.3097345e+00
   1.2785148e+09   1.3097345e+00
   1.2785157e+09   1.3097345e+00
   1.2785166e+09   1.3097345e+00
   1.2785175e+09   1.3097345e+00
   1.2785184e+09   1.3097345e+00
