65006 73.24 61.42 1.10e-19 0.81917
65000 64.69 66.09 1.25e-19 0.82788
65003 69.32 63.82 1.18e-19 0.82421
63197 -35.09 66.19 1.25e-19 0.82784
64142 -154.30 75.50 9.23e-20 0.80422
63191 -39.22 67.15 1.24e-19 0.82744
65213 -57.99 77.44 1.27e-19 0.82877
65210 -61.92 74.59 1.22e-19 0.82635
65294 86.94 86.84 1.30e-19 0.83015
65291 15.00 89.00 1.31e-19 0.83032
65288 -56.94 86.84 1.30e-19 0.83015
65075 -57.47 61.57 9.99e-20 0.81106
62987 15.00 -74.00 -2.64e-20 -0.02644
65072 81.77 60.39 1.01e-19 0.81235
65486 -149.69 78.56 1.01e-19 0.81232
65069 78.69 63.02 1.10e-19 0.81886
65420 135.13 79.58 1.13e-19 0.82099
62981 15.00 -90.00 -4.20e-20 -0.04201
65483 -136.50 77.35 9.99e-20 0.81112
65156 -25.98 80.83 1.37e-19 0.83148
65426 125.59 73.95 1.04e-19 0.81462
65480 -126.21 75.54 9.72e-20 0.80870
63281 -2.95 47.55 1.00e-19 0.81141
63287 -1.51 45.84 9.60e-20 0.80770
65150 -45.89 76.23 1.30e-19 0.83026
65390 -91.61 68.04 9.20e-20 0.80395
63227 -18.77 60.10 1.23e-19 0.82725
65393 -93.21 71.02 9.85e-20 0.80995
65396 -95.59 73.95 1.04e-19 0.81462
63221 -21.51 61.46 1.24e-19 0.82776
63443 45.48 49.24 9.93e-20 0.81050
64046 20.50 70.00 1.42e-19 0.82824
64082 20.50 48.00 1.05e-19 0.81488
64043 20.50 72.00 1.43e-19 0.82628
64040 20.50 74.00 1.43e-19 0.82491
64781 -30.59 55.29 1.05e-19 0.81543
64778 -34.18 53.14 9.72e-20 0.80878
64784 -26.57 57.31 1.13e-19 0.82098
64079 20.50 50.00 1.10e-19 0.81898
64787 -22.08 59.16 1.20e-19 0.82516
64919 -2.88 70.09 1.41e-19 0.83013
64925 15.00 71.00 1.43e-19 0.82680
64922 5.86 70.77 1.42e-19 0.82815
64439 54.68 50.43 9.68e-20 0.80840
64445 61.37 46.31 8.06e-20 0.79216
64442 58.18 48.44 8.89e-20 0.80100
63119 -95.35 67.98 8.98e-20 0.80175
63125 -90.61 68.69 9.42e-20 0.80613
63377 68.74 63.99 1.19e-19 0.82462
64544 53.49 54.84 1.09e-19 0.81823
64187 23.29 43.52 9.12e-20 0.80328
64325 -18.58 49.61 9.85e-20 0.80985
63776 -159.50 74.00 8.75e-20 0.79954
64181 15.00 44.00 9.34e-20 0.80523
64178 10.84 43.88 9.28e-20 0.80476
64184 19.16 43.88 9.28e-20 0.80476
64013 -159.50 88.00 1.25e-19 0.82793
64250 37.26 46.89 9.68e-20 0.80833
64253 41.20 45.58 9.12e-20 0.80312
64073 20.50 54.00 1.20e-19 0.82543
64070 20.50 56.00 1.24e-19 0.82779
65246 94.74 71.70 1.16e-19 0.82292
65492 179.69 78.56 1.01e-19 0.81232
65243 91.92 74.59 1.22e-19 0.82635
65495 166.50 77.35 9.99e-20 0.81112
64076 20.50 52.00 1.15e-19 0.82249
65240 87.99 77.44 1.27e-19 0.82877
64208 23.74 46.51 9.99e-20 0.81114
64457 -27.42 52.92 1.02e-19 0.81245
65177 81.53 73.61 1.26e-19 0.82832
64166 11.03 40.88 8.39e-20 0.79572
64163 15.00 38.00 7.54e-20 0.78606
65171 67.87 78.68 1.34e-19 0.83125
64094 20.50 40.00 8.11e-20 0.79270
65174 75.89 76.23 1.30e-19 0.83026
64160 15.00 35.00 6.64e-20 0.77452
65387 -90.51 65.03 8.49e-20 0.79678
63257 -9.72 54.13 1.15e-19 0.82235
65297 96.36 83.93 1.28e-19 0.82951
63251 -11.73 55.69 1.18e-19 0.82407
65381 113.36 62.69 8.35e-20 0.79537
65384 113.42 59.64 7.54e-20 0.78613
65357 139.00 86.38 1.24e-19 0.82764
65348 -94.24 83.64 1.22e-19 0.82676
65351 -109.00 86.38 1.24e-19 0.82764
64091 20.50 42.00 8.71e-20 0.79911
65354 -165.00 88.00 1.25e-19 0.82792
63179 -48.39 68.69 1.21e-19 0.82578
63185 -43.65 67.98 1.22e-19 0.82671
63323 105.02 69.92 1.06e-19 0.81632
65342 -86.22 77.76 1.16e-19 0.82286
65345 -88.82 80.73 1.20e-19 0.82524
65339 -84.82 74.77 1.11e-19 0.81959
65045 15.00 77.00 1.43e-19 0.82680
65042 1.88 76.67 1.42e-19 0.82814
65039 -10.07 75.72 1.41e-19 0.83014
63407 54.89 57.20 1.14e-19 0.82149
65423 129.24 76.82 1.09e-19 0.81829
64823 52.08 59.16 1.20e-19 0.82516
65489 -165.00 79.00 1.02e-19 0.81287
64820 47.07 60.82 1.26e-19 0.82826
64967 -29.19 68.20 1.31e-19 0.83030
64964 -34.69 66.09 1.25e-19 0.82788
63401 57.23 58.68 1.15e-19 0.82277
63095 40.40 47.00 9.57e-20 0.80737
64961 -39.32 63.82 1.18e-19 0.82421
64958 -43.24 61.42 1.10e-19 0.81917
64826 56.57 57.31 1.13e-19 0.82098
65063 70.62 68.01 1.24e-19 0.82763
65126 84.80 64.32 1.08e-19 0.81761
65060 65.21 70.32 1.30e-19 0.83017
65123 81.58 67.01 1.16e-19 0.82279
65066 75.03 65.56 1.17e-19 0.82383
65120 77.61 69.63 1.22e-19 0.82677
64592 57.42 52.92 1.02e-19 0.81245
64499 49.14 56.59 1.16e-19 0.82284
65519 -154.87 72.69 8.39e-20 0.79561
65522 -165.00 73.00 8.44e-20 0.79630
65525 -175.13 72.69 8.39e-20 0.79561
63293 -0.15 44.10 9.13e-20 0.80337
64055 20.50 64.00 1.38e-19 0.83144
64052 20.50 66.00 1.40e-19 0.83092
64466 -14.37 58.15 1.22e-19 0.82637
64049 20.50 68.00 1.41e-19 0.82984
64463 -19.14 56.59 1.16e-19 0.82284
64460 -23.49 54.84 1.09e-19 0.81823
64889 60.17 59.65 1.16e-19 0.82283
64895 67.82 55.26 9.99e-20 0.81099
64892 64.24 57.52 1.08e-19 0.81756
65225 -22.03 85.01 1.35e-19 0.83138
64376 58.87 43.83 7.54e-20 0.78614
64004 -159.50 82.00 1.10e-19 0.81924
64370 52.30 47.83 9.12e-20 0.80306
64007 -159.50 84.00 1.15e-19 0.82272
64373 55.72 45.90 8.35e-20 0.79525
64229 5.74 49.49 1.08e-19 0.81760
64235 15.00 50.00 1.10e-19 0.81919
64232 10.34 49.87 1.10e-19 0.81876
64109 -154.30 85.50 1.19e-19 0.82501
64115 -154.30 83.50 1.14e-19 0.82200
64112 -154.30 84.50 1.17e-19 0.82358
63809 -159.50 76.00 9.35e-20 0.80533
64283 15.00 53.00 1.18e-19 0.82421
64280 10.03 52.87 1.17e-19 0.82394
64286 19.97 52.87 1.17e-19 0.82394
65312 105.25 69.00 1.04e-19 0.81460
65315 106.03 66.00 9.68e-20 0.80846
65309 104.36 72.00 1.11e-19 0.81963
65306 103.29 74.99 1.17e-19 0.82348
65198 -70.10 62.89 9.35e-20 0.80527
65201 -68.64 65.84 1.02e-19 0.81240
65204 -66.90 68.78 1.09e-19 0.81830
65207 -64.74 71.70 1.16e-19 0.82292
65300 99.91 80.96 1.26e-19 0.82829
65303 101.91 77.98 1.22e-19 0.82636
65078 -54.80 64.32 1.08e-19 0.81761
65081 -51.58 67.01 1.16e-19 0.82279
65411 -165.00 85.00 1.18e-19 0.82421
65084 -47.61 69.63 1.22e-19 0.82677
65087 -42.61 72.15 1.28e-19 0.82950
64859 -7.85 66.25 1.37e-19 0.83151
64865 7.04 67.80 1.41e-19 0.83015
65417 145.34 82.12 1.16e-19 0.82285
63329 99.62 69.66 1.09e-19 0.81829
63335 94.39 69.25 1.12e-19 0.82007
63449 43.95 47.55 9.54e-20 0.80707
63455 42.51 45.84 9.13e-20 0.80334
64994 52.64 70.09 1.35e-19 0.83139
64988 35.87 72.94 1.42e-19 0.82966
64991 44.88 71.70 1.39e-19 0.83120
63215 -24.50 62.76 1.25e-19 0.82806
65153 -37.87 78.68 1.34e-19 0.83125
64997 59.19 68.20 1.31e-19 0.83030
63209 -27.74 63.99 1.25e-19 0.82822
64934 40.90 69.01 1.39e-19 0.83130
64016 14.04 90.00 1.29e-19 0.82967
64931 32.88 70.09 1.41e-19 0.83013
63431 48.85 52.53 1.06e-19 0.81606
64928 24.14 70.77 1.42e-19 0.82815
64010 -159.50 86.00 1.20e-19 0.82561
63473 -159.50 70.00 7.55e-20 0.78621
64937 48.05 67.59 1.35e-19 0.83135
63437 47.11 50.90 1.03e-19 0.81347
65132 -65.42 59.53 8.86e-20 0.80061
65135 -63.62 62.41 9.72e-20 0.80863
65129 87.47 61.57 9.99e-20 0.81106
64772 64.20 48.66 8.51e-20 0.79694
64775 -37.39 50.87 8.86e-20 0.80078
64415 15.00 59.00 1.31e-19 0.83032
64412 9.19 58.85 1.30e-19 0.83015
64409 3.49 58.40 1.28e-19 0.82953
63137 -80.38 69.66 1.03e-19 0.81317
63131 -85.61 69.25 9.85e-20 0.80982
64316 -22.30 47.83 9.12e-20 0.80306
64313 -25.72 45.90 8.35e-20 0.79525
64310 -28.87 43.83 7.54e-20 0.78614
63155 -64.02 69.92 1.13e-19 0.82115
63149 -69.50 70.00 1.10e-19 0.81887
64259 -20.22 45.15 8.49e-20 0.79679
64265 -12.75 48.42 9.85e-20 0.80983
64262 -16.62 46.88 9.20e-20 0.80405
65327 -83.36 62.69 8.35e-20 0.79537
57281 15.00 -74.00 -2.64e-20 -0.02644
64100 -154.30 88.50 1.26e-19 0.82844
64103 -154.30 87.50 1.24e-19 0.82744
65237 82.04 80.22 1.30e-19 0.83027
65234 71.87 82.83 1.33e-19 0.83105
64106 -154.30 86.50 1.21e-19 0.82629
65231 52.03 85.01 1.35e-19 0.83138
65228 15.00 86.00 1.35e-19 0.83141
65267 -76.03 66.00 9.68e-20 0.80846
64088 20.50 44.00 9.31e-20 0.80494
64193 2.01 45.89 9.72e-20 0.80862
64190 -2.11 45.05 9.35e-20 0.80540
64157 -154.30 77.50 9.81e-20 0.80953
64154 -154.30 71.50 8.04e-20 0.79186
64151 -154.30 72.50 8.34e-20 0.79517
64148 -154.30 73.50 8.64e-20 0.79833
64196 6.26 46.51 9.99e-20 0.81114
64982 15.00 74.00 1.43e-19 0.82263
64985 25.77 73.73 1.43e-19 0.82680
65369 114.82 74.77 1.11e-19 0.81959
64979 4.23 73.73 1.43e-19 0.82680
65375 113.60 68.75 9.85e-20 0.80989
65372 114.03 71.77 1.05e-19 0.81538
65366 116.22 77.76 1.16e-19 0.82286
65360 124.24 83.64 1.22e-19 0.82676
65363 118.82 80.73 1.20e-19 0.82524
65459 174.45 81.43 1.10e-19 0.81885
65462 158.42 79.90 1.08e-19 0.81758
65465 147.41 77.77 1.05e-19 0.81552
63173 -53.39 69.25 1.18e-19 0.82451
65036 -20.23 74.26 1.39e-19 0.83131
65270 -75.25 69.00 1.04e-19 0.81460
65273 -74.36 72.00 1.11e-19 0.81963
64952 71.94 57.20 1.01e-19 0.81239
65276 -73.29 74.99 1.17e-19 0.82348
65030 -35.21 70.32 1.30e-19 0.83017
65033 -28.52 72.43 1.35e-19 0.83137
64808 22.07 64.82 1.39e-19 0.83132
64811 28.94 64.29 1.37e-19 0.83151
65501 148.54 73.33 9.35e-20 0.80531
63353 80.22 67.15 1.17e-19 0.82357
64817 41.53 62.26 1.30e-19 0.83031
63389 62.51 61.46 1.18e-19 0.82415
63395 59.77 60.10 1.17e-19 0.82358
65507 -152.81 75.64 9.28e-20 0.80463
65054 50.23 74.26 1.39e-19 0.83131
65096 -16.27 78.38 1.40e-19 0.83103
65051 40.07 75.72 1.41e-19 0.83014
65048 28.12 76.67 1.42e-19 0.82814
65090 -36.13 74.51 1.33e-19 0.83104
65093 -27.58 76.63 1.37e-19 0.83148
65057 58.52 72.43 1.35e-19 0.83137
64496 44.37 58.15 1.22e-19 0.82637
64490 33.56 60.56 1.30e-19 0.83030
64493 39.17 59.48 1.27e-19 0.82876
63305 121.38 69.66 9.62e-20 0.80773
63299 126.61 69.25 9.23e-20 0.80422
64058 20.50 62.00 1.35e-19 0.83139
64061 20.50 60.00 1.32e-19 0.83077
64067 20.50 58.00 1.28e-19 0.82957
64802 7.93 64.82 1.39e-19 0.83132
64805 15.00 65.00 1.39e-19 0.83119
64799 1.06 64.29 1.37e-19 0.83151
64907 -29.72 63.95 1.24e-19 0.82766
64904 -34.39 61.83 1.17e-19 0.82384
64898 -41.94 57.20 1.01e-19 0.81239
64901 -38.43 59.57 1.10e-19 0.81874
64829 60.59 55.29 1.05e-19 0.81543
64379 -31.37 46.31 8.06e-20 0.79216
64367 48.58 49.61 9.85e-20 0.80985
64364 44.55 51.21 1.05e-19 0.81535
64361 40.23 52.61 1.11e-19 0.81960
64358 35.61 53.80 1.16e-19 0.82296
63371 72.27 65.14 1.18e-19 0.82451
63101 -146.50 74.10 8.90e-20 0.80100
63107 41.70 76.00 1.41e-19 0.83039
63968 -159.50 80.00 1.05e-19 0.81518
64343 9.65 55.86 1.24e-19 0.82767
63365 76.09 66.19 1.18e-19 0.82408
64247 33.10 47.99 1.02e-19 0.81249
64340 4.38 55.44 1.22e-19 0.82683
64244 28.75 48.86 1.05e-19 0.81554
64238 19.66 49.87 1.10e-19 0.81876
64346 15.00 56.00 1.25e-19 0.82792
64241 24.26 49.49 1.08e-19 0.81760
64268 -8.62 49.77 1.04e-19 0.81462
64271 -4.25 50.90 1.09e-19 0.81819
64274 0.34 51.81 1.13e-19 0.82100
64277 5.12 52.47 1.16e-19 0.82288
65264 -76.74 62.99 8.89e-20 0.80099
65261 -77.40 59.97 8.06e-20 0.79215
65258 101.35 59.93 8.51e-20 0.79693
65324 -83.42 59.64 7.54e-20 0.78613
65321 107.40 59.97 8.06e-20 0.79215
65318 106.74 62.99 8.89e-20 0.80099
64145 -154.30 74.50 8.93e-20 0.80135
65189 93.62 62.41 9.72e-20 0.80863
65195 -71.35 59.93 8.51e-20 0.79693
64139 -154.30 76.50 9.52e-20 0.80695
65441 -105.01 72.61 9.68e-20 0.80840
65438 -101.49 69.80 9.12e-20 0.80319
65444 -110.04 75.29 1.02e-19 0.81244
65447 -117.41 77.77 1.05e-19 0.81552
63341 89.39 68.69 1.14e-19 0.82155
63347 84.65 67.98 1.15e-19 0.82267
65018 -45.03 65.56 1.17e-19 0.82383
65027 -40.62 68.01 1.24e-19 0.82763
65159 -8.31 82.40 1.39e-19 0.83131
63239 -16.23 58.68 1.22e-19 0.82651
63245 -13.89 57.20 1.20e-19 0.82534
65165 38.31 82.40 1.39e-19 0.83131
63419 50.72 54.13 1.09e-19 0.81830
64943 59.72 63.95 1.24e-19 0.82766
64946 64.39 61.83 1.17e-19 0.82384
64847 -30.17 59.65 1.16e-19 0.82283
65141 -58.92 68.10 1.13e-19 0.82095
65138 -61.49 65.27 1.05e-19 0.81545
64838 67.39 50.87 8.86e-20 0.80078
64841 -37.82 55.26 9.99e-20 0.81099
64844 -34.24 57.52 1.08e-19 0.81756
64478 8.63 61.84 1.35e-19 0.83138
64481 15.00 62.00 1.35e-19 0.83141
64484 21.37 61.84 1.35e-19 0.83138
64487 27.59 61.35 1.33e-19 0.83105
64421 26.51 58.40 1.28e-19 0.82953
64424 32.00 57.66 1.26e-19 0.82830
64853 -20.33 63.41 1.28e-19 0.82950
64850 -25.56 61.63 1.22e-19 0.82684
64856 -14.43 64.97 1.33e-19 0.83108
63143 -74.98 69.92 1.06e-19 0.81634
64307 50.22 45.15 8.49e-20 0.79679
64298 38.62 49.77 1.04e-19 0.81462
64301 42.75 48.42 9.85e-20 0.80983
64304 46.62 46.88 9.20e-20 0.80405
64874 30.65 67.20 1.40e-19 0.83101
64868 15.00 68.00 1.42e-19 0.82966
64871 22.96 67.80 1.41e-19 0.83015
64877 37.85 66.25 1.37e-19 0.83151
64022 20.50 86.00 1.35e-19 0.83141
64025 20.50 84.00 1.38e-19 0.83142
64397 -16.66 53.94 1.11e-19 0.81969
64019 20.50 88.00 1.32e-19 0.83083
64394 -20.85 52.27 1.04e-19 0.81460
64388 -28.18 48.44 8.89e-20 0.80100
64391 -24.68 50.43 9.68e-20 0.80840
64214 32.11 45.05 9.35e-20 0.80540
64097 -154.30 89.50 1.28e-19 0.82929
64211 27.99 45.89 9.72e-20 0.80862
65219 -52.04 80.22 1.30e-19 0.83027
64217 -11.20 45.58 9.12e-20 0.80312
65222 -41.87 82.83 1.33e-19 0.83105
64427 37.23 56.66 1.22e-19 0.82639
64199 10.61 46.88 1.02e-19 0.81251
64202 15.00 47.00 1.02e-19 0.81287
64205 19.39 46.88 1.02e-19 0.81251
64976 -5.87 72.94 1.42e-19 0.82966
64973 -14.88 71.70 1.39e-19 0.83120
64970 -22.64 70.09 1.35e-19 0.83139
65450 -128.42 79.90 1.08e-19 0.81758
65453 -144.45 81.43 1.10e-19 0.81885
65162 15.00 83.00 1.39e-19 0.83119
63203 -31.27 65.14 1.25e-19 0.82816
65279 -71.91 77.98 1.22e-19 0.82636
65285 -66.36 83.93 1.28e-19 0.82951
65282 -69.91 80.96 1.26e-19 0.82829
65471 135.01 72.61 9.68e-20 0.80840
65468 140.04 75.29 1.02e-19 0.81244
65474 131.49 69.80 9.12e-20 0.80319
65477 -118.54 73.33 9.35e-20 0.80531
62993 15.00 -90.00 -4.20e-20 -0.04201
64940 54.30 65.88 1.30e-19 0.83012
65099 -1.81 79.57 1.41e-19 0.83015
65105 31.81 79.57 1.41e-19 0.83015
65102 15.00 80.00 1.42e-19 0.82966
64688 60.98 50.85 9.35e-20 0.80529
65405 -115.34 82.12 1.16e-19 0.82285
65402 -105.13 79.58 1.13e-19 0.82099
65399 -99.24 76.82 1.09e-19 0.81829
63269 -6.11 50.90 1.08e-19 0.81769
63275 -4.48 49.24 1.04e-19 0.81479
64037 20.50 76.00 1.43e-19 0.82614
64034 20.50 78.00 1.42e-19 0.82811
64028 20.50 82.00 1.40e-19 0.83086
64031 20.50 80.00 1.41e-19 0.82974
64916 -10.90 69.01 1.39e-19 0.83130
64793 -11.53 62.26 1.30e-19 0.83031
64790 -17.07 60.82 1.26e-19 0.82826
64910 -24.30 65.88 1.30e-19 0.83012
64913 -18.05 67.59 1.35e-19 0.83135
64796 -5.47 63.42 1.34e-19 0.83123
65144 -55.70 70.89 1.20e-19 0.82527
64430 42.12 55.41 1.17e-19 0.82355
64433 46.66 53.94 1.11e-19 0.81969
64349 20.35 55.86 1.24e-19 0.82767
64352 25.62 55.44 1.22e-19 0.82683
64355 30.72 54.74 1.20e-19 0.82518
63383 65.50 62.76 1.18e-19 0.82447
63113 -138.30 76.00 9.58e-20 0.80746
64436 50.85 52.27 1.04e-19 0.81460
64334 -5.61 53.80 1.16e-19 0.82296
65504 -141.78 74.62 9.12e-20 0.80310
64331 -10.23 52.61 1.11e-19 0.81960
64328 -14.55 51.21 1.05e-19 0.81535
64169 15.00 41.00 8.44e-20 0.79630
64172 18.97 40.88 8.39e-20 0.79572
64175 6.71 43.52 9.12e-20 0.80328
64337 -0.72 54.74 1.20e-19 0.82518
64814 35.47 63.42 1.34e-19 0.83123
65147 -51.53 73.61 1.26e-19 0.82832
65249 96.90 68.78 1.09e-19 0.81830
64085 20.50 46.00 9.89e-20 0.81020
65336 -84.03 71.77 1.05e-19 0.81538
65252 98.64 65.84 1.02e-19 0.81240
65255 100.10 62.89 9.35e-20 0.80527
65330 -83.40 65.72 9.12e-20 0.80317
65333 -83.60 68.75 9.85e-20 0.80989
64418 20.81 58.85 1.30e-19 0.83015
64133 -154.30 79.50 1.04e-19 0.81426
65186 91.49 65.27 1.05e-19 0.81545
64136 -154.30 78.50 1.01e-19 0.81197
65183 88.92 68.10 1.13e-19 0.82095
65180 85.70 70.89 1.20e-19 0.82527
65192 95.42 59.53 8.86e-20 0.80061
65414 164.13 84.15 1.17e-19 0.82395
65432 121.61 68.04 9.20e-20 0.80395
65435 120.51 65.03 8.49e-20 0.79678
63263 -7.85 52.53 1.12e-19 0.82020
65429 123.21 71.02 9.85e-20 0.80995
65408 -134.13 84.15 1.17e-19 0.82395
63317 110.50 70.00 1.03e-19 0.81382
63311 115.98 69.92 9.98e-20 0.81110
65009 76.59 58.92 1.02e-19 0.81276
65015 -48.69 63.02 1.10e-19 0.81886
65012 -51.77 60.39 1.01e-19 0.81235
65528 -165.00 70.00 7.54e-20 0.78606
65531 -165.00 67.00 6.64e-20 0.77452
63413 52.73 55.69 1.12e-19 0.82012
64955 -46.59 58.92 1.02e-19 0.81276
64949 68.43 59.57 1.10e-19 0.81874
65111 57.58 76.63 1.37e-19 0.83148
65168 55.98 80.83 1.37e-19 0.83148
65108 46.27 78.38 1.40e-19 0.83103
65114 66.13 74.51 1.33e-19 0.83104
65117 72.61 72.15 1.28e-19 0.82950
64862 -0.65 67.20 1.40e-19 0.83101
64835 64.18 53.14 9.72e-20 0.80878
65456 -165.00 82.00 1.10e-19 0.81919
64469 -9.17 59.48 1.27e-19 0.82876
64475 2.41 61.35 1.33e-19 0.83105
64472 -3.56 60.56 1.30e-19 0.83030
65513 -177.19 75.64 9.28e-20 0.80463
65510 -165.00 76.00 9.34e-20 0.80523
65516 171.78 74.62 9.12e-20 0.80310
64451 -34.20 48.66 8.51e-20 0.79694
64454 -30.98 50.85 9.35e-20 0.80529
63905 -159.50 78.00 9.93e-20 0.81055
64289 24.88 52.47 1.16e-19 0.82288
64295 34.25 50.90 1.09e-19 0.81819
64292 29.66 51.81 1.13e-19 0.82100
64883 50.33 63.41 1.28e-19 0.82950
64880 44.43 64.97 1.33e-19 0.83108
65498 156.21 75.54 9.72e-20 0.80870
63584 -159.50 72.00 8.15e-20 0.79316
64886 55.56 61.63 1.22e-19 0.82684
64406 -2.00 57.66 1.26e-19 0.82830
65378 113.40 65.72 9.12e-20 0.80317
64403 -7.23 56.66 1.22e-19 0.82639
64400 -12.12 55.41 1.17e-19 0.82355
64223 -3.10 47.99 1.02e-19 0.81249
64220 -7.26 46.89 9.68e-20 0.80833
64118 -154.30 82.50 1.12e-19 0.82028
64121 -154.30 81.50 1.09e-19 0.81842
64226 1.25 48.86 1.05e-19 0.81554
64124 -154.30 80.50 1.07e-19 0.81641
63161 -58.62 69.66 1.16e-19 0.82294
