65006 73.24 61.42 1.53e-19 1.09508
65000 64.69 66.09 1.87e-19 1.15903
65003 69.32 63.82 1.71e-19 1.13280
63197 -35.09 66.19 1.87e-19 1.15877
64142 -154.30 75.50 1.11e-19 0.98228
63191 -39.22 67.15 1.84e-19 1.15572
65213 -57.99 77.44 1.91e-19 1.16466
65210 -61.92 74.59 1.80e-19 1.14838
65294 86.94 86.84 1.98e-19 1.17244
65291 15.00 89.00 1.99e-19 1.17332
65288 -56.94 86.84 1.98e-19 1.17244
65075 -57.47 61.57 1.28e-19 1.03326
62987 15.00 -74.00 -1.25e-20 -0.01250
65072 81.77 60.39 1.32e-19 1.04345
65486 -149.69 78.56 1.32e-19 1.04337
65069 78.69 63.02 1.52e-19 1.09223
65420 135.13 79.58 1.59e-19 1.10869
62981 15.00 -90.00 -6.12e-20 -0.06117
65483 -136.50 77.35 1.28e-19 1.03339
65156 -25.98 80.83 2.08e-19 1.17236
65426 125.59 73.95 1.39e-19 1.06025
65480 -126.21 75.54 1.22e-19 1.01565
63281 -2.95 47.55 1.30e-19 1.03632
63287 -1.51 45.84 1.19e-19 1.00780
65150 -45.89 76.23 1.98e-19 1.17307
65390 -91.61 68.04 1.10e-19 0.98042
63227 -18.77 60.10 1.84e-19 1.15450
65393 -93.21 71.02 1.25e-19 1.02456
65396 -95.59 73.95 1.39e-19 1.06025
63221 -21.51 61.46 1.86e-19 1.15812
63443 45.48 49.24 1.27e-19 1.02941
64046 20.50 70.00 2.04e-19 1.12346
64082 20.50 48.00 1.40e-19 1.06230
64043 20.50 72.00 1.98e-19 1.10061
64040 20.50 74.00 1.95e-19 1.08538
64781 -30.59 55.29 1.41e-19 1.06676
64778 -34.18 53.14 1.22e-19 1.01584
64784 -26.57 57.31 1.59e-19 1.10865
64079 20.50 50.00 1.53e-19 1.09347
64787 -22.08 59.16 1.75e-19 1.14017
64919 -2.88 70.09 2.08e-19 1.14780
64925 15.00 71.00 2.00e-19 1.10657
64922 5.86 70.77 2.03e-19 1.12229
64439 54.68 50.43 1.21e-19 1.01329
64445 61.37 46.31 8.57e-20 0.89559
64442 58.18 48.44 1.03e-19 0.95825
63119 -95.35 67.98 1.05e-19 0.96425
63125 -90.61 68.69 1.15e-19 0.99591
63377 68.74 63.99 1.73e-19 1.13588
64544 53.49 54.84 1.50e-19 1.08804
64187 23.29 43.52 1.09e-19 0.97505
64325 -18.58 49.61 1.25e-19 1.02432
63776 -159.50 74.00 1.00e-19 0.94808
64181 15.00 44.00 1.13e-19 0.98979
64178 10.84 43.88 1.12e-19 0.98614
64184 19.16 43.88 1.12e-19 0.98614
64013 -159.50 88.00 1.87e-19 1.15917
64250 37.26 46.89 1.21e-19 1.01311
64253 41.20 45.58 1.09e-19 0.97467
64073 20.50 54.00 1.76e-19 1.14171
64070 20.50 56.00 1.86e-19 1.15821
65246 94.74 71.70 1.66e-19 1.12312
65492 179.69 78.56 1.32e-19 1.04337
65243 91.92 74.59 1.80e-19 1.14838
65495 166.50 77.35 1.28e-19 1.03339
64076 20.50 52.00 1.65e-19 1.12004
65240 87.99 77.44 1.91e-19 1.16466
64208 23.74 46.51 1.28e-19 1.03345
64457 -27.42 52.92 1.32e-19 1.04385
65177 81.53 73.61 1.89e-19 1.16171
64166 11.03 40.88 9.25e-20 0.92088
64163 15.00 38.00 7.51e-20 0.85384
65171 67.87 78.68 2.05e-19 1.17581
64094 20.50 40.00 8.67e-20 0.89944
65174 75.89 76.23 1.98e-19 1.17307
64160 15.00 35.00 5.85e-20 0.77848
65387 -90.51 65.03 9.48e-20 0.92864
63257 -9.72 54.13 1.64e-19 1.11874
65297 96.36 83.93 1.94e-19 1.16907
63251 -11.73 55.69 1.71e-19 1.13150
65381 113.36 62.69 9.17e-20 0.91792
65384 113.42 59.64 7.52e-20 0.85399
65357 139.00 86.38 1.86e-19 1.15725
65348 -94.24 83.64 1.82e-19 1.15128
65351 -109.00 86.38 1.86e-19 1.15725
64091 20.50 42.00 9.95e-20 0.94500
65354 -165.00 88.00 1.87e-19 1.15912
63179 -48.39 68.69 1.77e-19 1.14406
63185 -43.65 67.98 1.81e-19 1.15080
63323 105.02 69.92 1.44e-19 1.07287
65342 -86.22 77.76 1.66e-19 1.12298
65345 -88.82 80.73 1.75e-19 1.14034
65339 -84.82 74.77 1.55e-19 1.09832
65045 15.00 77.00 2.00e-19 1.10657
65042 1.88 76.67 2.03e-19 1.12232
65039 -10.07 75.72 2.08e-19 1.14778
63407 54.89 57.20 1.61e-19 1.11277
65423 129.24 76.82 1.50e-19 1.08818
64823 52.08 59.16 1.75e-19 1.14017
65489 -165.00 79.00 1.34e-19 1.04703
64820 47.07 60.82 1.89e-19 1.16158
64967 -29.19 68.20 1.99e-19 1.17327
64964 -34.69 66.09 1.87e-19 1.15903
63401 57.23 58.68 1.66e-19 1.12175
63095 40.40 47.00 1.19e-19 1.00567
64961 -39.32 63.82 1.71e-19 1.13280
64958 -43.24 61.42 1.53e-19 1.09508
64826 56.57 57.31 1.59e-19 1.10865
65063 70.62 68.01 1.86e-19 1.15724
65126 84.80 64.32 1.48e-19 1.08288
65060 65.21 70.32 1.98e-19 1.17247
65123 81.58 67.01 1.66e-19 1.12238
65066 75.03 65.56 1.70e-19 1.13019
65120 77.61 69.63 1.82e-19 1.15130
64592 57.42 52.92 1.32e-19 1.04385
64499 49.14 56.59 1.66e-19 1.12294
65519 -154.87 72.69 9.25e-20 0.92063
65522 -165.00 73.00 9.37e-20 0.92485
65525 -175.13 72.69 9.25e-20 0.92063
63293 -0.15 44.10 1.09e-19 0.97575
64055 20.50 64.00 2.09e-19 1.16999
64052 20.50 66.00 2.09e-19 1.15936
64466 -14.37 58.15 1.80e-19 1.14841
64049 20.50 68.00 2.07e-19 1.14365
64463 -19.14 56.59 1.66e-19 1.12294
64460 -23.49 54.84 1.50e-19 1.08804
64889 60.17 59.65 1.66e-19 1.12246
64895 67.82 55.26 1.28e-19 1.03310
64892 64.24 57.52 1.48e-19 1.08275
65225 -22.03 85.01 2.06e-19 1.17556
64376 58.87 43.83 7.52e-20 0.85401
64004 -159.50 82.00 1.53e-19 1.09548
64370 52.30 47.83 1.09e-19 0.97455
64007 -159.50 84.00 1.66e-19 1.12172
64373 55.72 45.90 9.17e-20 0.91764
64229 5.74 49.49 1.48e-19 1.08285
64235 15.00 50.00 1.53e-19 1.09513
64232 10.34 49.87 1.52e-19 1.09200
64109 -154.30 85.50 1.74e-19 1.13863
64115 -154.30 83.50 1.63e-19 1.11636
64112 -154.30 84.50 1.69e-19 1.12812
63809 -159.50 76.00 1.14e-19 0.99050
64283 15.00 53.00 1.71e-19 1.13282
64280 10.03 52.87 1.70e-19 1.13044
64286 19.97 52.87 1.70e-19 1.13044
65312 105.25 69.00 1.39e-19 1.06020
65315 106.03 66.00 1.21e-19 1.01342
65309 104.36 72.00 1.55e-19 1.09840
65306 103.29 74.99 1.69e-19 1.12757
65198 -70.10 62.89 1.14e-19 0.99049
65201 -68.64 65.84 1.32e-19 1.04374
65204 -66.90 68.78 1.50e-19 1.08821
65207 -64.74 71.70 1.66e-19 1.12312
65300 99.91 80.96 1.89e-19 1.16165
65303 101.91 77.98 1.80e-19 1.14838
65078 -54.80 64.32 1.48e-19 1.08288
65081 -51.58 67.01 1.66e-19 1.12238
65411 -165.00 85.00 1.71e-19 1.13282
65084 -47.61 69.63 1.82e-19 1.15130
65087 -42.61 72.15 1.94e-19 1.16906
64859 -7.85 66.25 2.08e-19 1.17239
64865 7.04 67.80 2.08e-19 1.14777
65417 145.34 82.12 1.66e-19 1.12251
63329 99.62 69.66 1.50e-19 1.08846
63335 94.39 69.25 1.56e-19 1.10182
63449 43.95 47.55 1.18e-19 1.00380
63455 42.51 45.84 1.09e-19 0.97552
64994 52.64 70.09 2.06e-19 1.17502
64988 35.87 72.94 2.07e-19 1.14122
64991 44.88 71.70 2.09e-19 1.16426
63215 -24.50 62.76 1.88e-19 1.16023
65153 -37.87 78.68 2.05e-19 1.17581
64997 59.19 68.20 1.99e-19 1.17327
63209 -27.74 63.99 1.88e-19 1.16110
64934 40.90 69.01 2.09e-19 1.16689
64016 14.04 90.00 1.95e-19 1.16996
64931 32.88 70.09 2.08e-19 1.14780
63431 48.85 52.53 1.43e-19 1.07141
64928 24.14 70.77 2.03e-19 1.12229
64010 -159.50 86.00 1.77e-19 1.14303
63473 -159.50 70.00 7.54e-20 0.85487
64937 48.05 67.59 2.06e-19 1.17552
63437 47.11 50.90 1.35e-19 1.05188
65132 -65.42 59.53 1.03e-19 0.95606
65135 -63.62 62.41 1.22e-19 1.01550
65129 87.47 61.57 1.28e-19 1.03326
64772 64.20 48.66 9.50e-20 0.92960
64775 -37.39 50.87 1.03e-19 0.95644
64415 15.00 59.00 1.99e-19 1.17332
64412 9.19 58.85 1.98e-19 1.17245
64409 3.49 58.40 1.94e-19 1.16911
63137 -80.38 69.66 1.35e-19 1.04985
63131 -85.61 69.25 1.25e-19 1.02424
64316 -22.30 47.83 1.09e-19 0.97455
64313 -25.72 45.90 9.17e-20 0.91764
64310 -28.87 43.83 7.52e-20 0.85401
63155 -64.02 69.92 1.60e-19 1.10967
63149 -69.50 70.00 1.52e-19 1.09265
64259 -20.22 45.15 9.48e-20 0.92866
64265 -12.75 48.42 1.25e-19 1.02429
64262 -16.62 46.88 1.10e-19 0.98063
65327 -83.36 62.69 9.17e-20 0.91792
57281 15.00 -74.00 -1.25e-20 -0.01250
64100 -154.30 88.50 1.89e-19 1.16248
64103 -154.30 87.50 1.85e-19 1.15584
65237 82.04 80.22 1.98e-19 1.17309
65234 71.87 82.83 2.03e-19 1.17578
64106 -154.30 86.50 1.80e-19 1.14788
65231 52.03 85.01 2.06e-19 1.17556
65228 15.00 86.00 2.06e-19 1.17505
65267 -76.03 66.00 1.21e-19 1.01342
64088 20.50 44.00 1.13e-19 0.98764
64193 2.01 45.89 1.22e-19 1.01546
64190 -2.11 45.05 1.14e-19 0.99078
64157 -154.30 77.50 1.24e-19 1.02184
64154 -154.30 71.50 8.52e-20 0.89364
64151 -154.30 72.50 9.14e-20 0.91684
64148 -154.30 73.50 9.78e-20 0.93939
64196 6.26 46.51 1.28e-19 1.03345
64982 15.00 74.00 1.88e-19 1.06118
64985 25.77 73.73 2.00e-19 1.10658
65369 114.82 74.77 1.55e-19 1.09832
64979 4.23 73.73 2.00e-19 1.10658
65375 113.60 68.75 1.25e-19 1.02443
65372 114.03 71.77 1.41e-19 1.06575
65366 116.22 77.76 1.66e-19 1.12298
65360 124.24 83.64 1.82e-19 1.15128
65363 118.82 80.73 1.75e-19 1.14034
65459 174.45 81.43 1.52e-19 1.09222
65462 158.42 79.90 1.48e-19 1.08281
65465 147.41 77.77 1.41e-19 1.06696
63173 -53.39 69.25 1.72e-19 1.13501
65036 -20.23 74.26 2.09e-19 1.16689
65270 -75.25 69.00 1.39e-19 1.06020
65273 -74.36 72.00 1.55e-19 1.09840
64952 71.94 57.20 1.32e-19 1.04354
65276 -73.29 74.99 1.69e-19 1.12757
65030 -35.21 70.32 1.98e-19 1.17247
65033 -28.52 72.43 2.06e-19 1.17555
64808 22.07 64.82 2.09e-19 1.16689
64811 28.94 64.29 2.08e-19 1.17239
65501 148.54 73.33 1.14e-19 0.99059
63353 80.22 67.15 1.69e-19 1.12785
64817 41.53 62.26 1.98e-19 1.17316
63005 15.00 -90.00 -6.12e-20 -0.06117
63389 62.51 61.46 1.71e-19 1.13249
62999 15.00 -74.00 -1.25e-20 -0.01250
63395 59.77 60.10 1.69e-19 1.12810
65507 -152.81 75.64 1.12e-19 0.98584
65054 50.23 74.26 2.09e-19 1.16689
65096 -16.27 78.38 2.09e-19 1.16126
65051 40.07 75.72 2.08e-19 1.14778
65048 28.12 76.67 2.03e-19 1.12232
65090 -36.13 74.51 2.03e-19 1.17577
65093 -27.58 76.63 2.08e-19 1.17237
65057 58.52 72.43 2.06e-19 1.17555
64496 44.37 58.15 1.80e-19 1.14841
64490 33.56 60.56 1.98e-19 1.17314
64493 39.17 59.48 1.91e-19 1.16464
63017 15.00 -90.00 -6.12e-20 -0.06117
63305 121.38 69.66 1.20e-19 1.00891
63011 15.00 -74.00 -1.25e-20 -0.01250
63299 126.61 69.25 1.11e-19 0.98249
64058 20.50 62.00 2.06e-19 1.17528
64061 20.50 60.00 2.01e-19 1.17509
64067 20.50 58.00 1.95e-19 1.16938
64802 7.93 64.82 2.09e-19 1.16689
64805 15.00 65.00 2.09e-19 1.16426
64799 1.06 64.29 2.08e-19 1.17239
64907 -29.72 63.95 1.86e-19 1.15729
64904 -34.39 61.83 1.70e-19 1.13021
64898 -41.94 57.20 1.32e-19 1.04354
64901 -38.43 59.57 1.52e-19 1.09195
64829 60.59 55.29 1.41e-19 1.06676
64379 -31.37 46.31 8.57e-20 0.89559
64367 48.58 49.61 1.25e-19 1.02432
64364 44.55 51.21 1.41e-19 1.06568
64361 40.23 52.61 1.55e-19 1.09832
64358 35.61 53.80 1.66e-19 1.12319
63371 72.27 65.14 1.72e-19 1.13497
63101 -146.50 74.10 1.04e-19 0.95873
63107 41.70 76.00 2.08e-19 1.15126
63968 -159.50 80.00 1.40e-19 1.06462
64343 9.65 55.86 1.86e-19 1.15732
63365 76.09 66.19 1.71e-19 1.13215
64247 33.10 47.99 1.32e-19 1.04395
64340 4.38 55.44 1.82e-19 1.15144
64244 28.75 48.86 1.41e-19 1.06702
64238 19.66 49.87 1.52e-19 1.09200
64346 15.00 56.00 1.87e-19 1.15912
64241 24.26 49.49 1.48e-19 1.08285
64268 -8.62 49.77 1.39e-19 1.06025
64271 -4.25 50.90 1.50e-19 1.08795
64274 0.34 51.81 1.59e-19 1.10871
64277 5.12 52.47 1.66e-19 1.12259
65264 -76.74 62.99 1.03e-19 0.95823
65261 -77.40 59.97 8.57e-20 0.89557
65258 101.35 59.93 9.50e-20 0.92959
65324 -83.42 59.64 7.52e-20 0.85399
65321 107.40 59.97 8.57e-20 0.89557
65318 106.74 62.99 1.03e-19 0.95823
64145 -154.30 74.50 1.04e-19 0.96122
65189 93.62 62.41 1.22e-19 1.01550
65195 -71.35 59.93 9.50e-20 0.92959
64139 -154.30 76.50 1.18e-19 1.00251
65441 -105.01 72.61 1.21e-19 1.01330
65438 -101.49 69.80 1.09e-19 0.97483
65444 -110.04 75.29 1.32e-19 1.04382
65447 -117.41 77.77 1.41e-19 1.06696
63341 89.39 68.69 1.61e-19 1.11277
63347 84.65 67.98 1.65e-19 1.12130
65018 -45.03 65.56 1.70e-19 1.13019
65027 -40.62 68.01 1.86e-19 1.15724
65159 -8.31 82.40 2.09e-19 1.16689
63239 -16.23 58.68 1.80e-19 1.14911
63245 -13.89 57.20 1.76e-19 1.14129
65165 38.31 82.40 2.09e-19 1.16689
63419 50.72 54.13 1.50e-19 1.08812
64943 59.72 63.95 1.86e-19 1.15729
64946 64.39 61.83 1.70e-19 1.13021
64847 -30.17 59.65 1.66e-19 1.12246
65141 -58.92 68.10 1.59e-19 1.10859
65138 -61.49 65.27 1.41e-19 1.06680
64838 67.39 50.87 1.03e-19 0.95644
64841 -37.82 55.26 1.28e-19 1.03310
64844 -34.24 57.52 1.48e-19 1.08275
64478 8.63 61.84 2.06e-19 1.17557
64481 15.00 62.00 2.06e-19 1.17505
64484 21.37 61.84 2.06e-19 1.17557
64487 27.59 61.35 2.03e-19 1.17579
64421 26.51 58.40 1.94e-19 1.16911
64424 32.00 57.66 1.89e-19 1.16166
64853 -20.33 63.41 1.94e-19 1.16905
64850 -25.56 61.63 1.82e-19 1.15146
64856 -14.43 64.97 2.03e-19 1.17582
63143 -74.98 69.92 1.44e-19 1.07302
64307 50.22 45.15 9.48e-20 0.92866
64298 38.62 49.77 1.39e-19 1.06025
64301 42.75 48.42 1.25e-19 1.02429
64304 46.62 46.88 1.10e-19 0.98063
64874 30.65 67.20 2.09e-19 1.16127
64868 15.00 68.00 2.07e-19 1.14123
64871 22.96 67.80 2.08e-19 1.14777
64877 37.85 66.25 2.08e-19 1.17239
64022 20.50 86.00 2.06e-19 1.17509
64025 20.50 84.00 2.09e-19 1.16942
64397 -16.66 53.94 1.55e-19 1.09854
64019 20.50 88.00 2.02e-19 1.17528
64394 -20.85 52.27 1.39e-19 1.06020
64388 -28.18 48.44 1.03e-19 0.95825
64391 -24.68 50.43 1.21e-19 1.01329
64214 32.11 45.05 1.14e-19 0.99078
64097 -154.30 89.50 1.93e-19 1.16780
64211 27.99 45.89 1.22e-19 1.01546
65219 -52.04 80.22 1.98e-19 1.17309
64217 -11.20 45.58 1.09e-19 0.97467
65222 -41.87 82.83 2.03e-19 1.17578
64427 37.23 56.66 1.80e-19 1.14845
64199 10.61 46.88 1.32e-19 1.04382
64202 15.00 47.00 1.34e-19 1.04703
64205 19.39 46.88 1.32e-19 1.04382
64976 -5.87 72.94 2.07e-19 1.14122
64973 -14.88 71.70 2.09e-19 1.16426
64970 -22.64 70.09 2.06e-19 1.17502
65450 -128.42 79.90 1.48e-19 1.08281
65453 -144.45 81.43 1.52e-19 1.09222
65162 15.00 83.00 2.09e-19 1.16426
63203 -31.27 65.14 1.88e-19 1.16064
65279 -71.91 77.98 1.80e-19 1.14838
65285 -66.36 83.93 1.94e-19 1.16907
65282 -69.91 80.96 1.89e-19 1.16165
65471 135.01 72.61 1.21e-19 1.01330
65468 140.04 75.29 1.32e-19 1.04382
65474 131.49 69.80 1.09e-19 0.97483
65477 -118.54 73.33 1.14e-19 0.99059
62993 15.00 -90.00 -6.12e-20 -0.06117
64940 54.30 65.88 1.98e-19 1.17239
65099 -1.81 79.57 2.08e-19 1.14778
65105 31.81 79.57 2.08e-19 1.14778
65102 15.00 80.00 2.07e-19 1.14123
64688 60.98 50.85 1.14e-19 0.99052
65405 -115.34 82.12 1.66e-19 1.12251
65402 -105.13 79.58 1.59e-19 1.10869
65399 -99.24 76.82 1.50e-19 1.08818
63269 -6.11 50.90 1.48e-19 1.08398
63275 -4.48 49.24 1.39e-19 1.06186
64037 20.50 76.00 1.98e-19 1.09906
64034 20.50 78.00 2.03e-19 1.12191
64028 20.50 82.00 2.09e-19 1.15842
64031 20.50 80.00 2.07e-19 1.14237
64916 -10.90 69.01 2.09e-19 1.16689
64793 -11.53 62.26 1.98e-19 1.17316
64790 -17.07 60.82 1.89e-19 1.16158
64910 -24.30 65.88 1.98e-19 1.17239
64913 -18.05 67.59 2.06e-19 1.17552
64796 -5.47 63.42 2.05e-19 1.17578
65144 -55.70 70.89 1.75e-19 1.14041
64430 42.12 55.41 1.69e-19 1.12773
64433 46.66 53.94 1.55e-19 1.09854
64349 20.35 55.86 1.86e-19 1.15732
64352 25.62 55.44 1.82e-19 1.15144
64355 30.72 54.74 1.75e-19 1.14022
63383 65.50 62.76 1.73e-19 1.13499
63113 -138.30 76.00 1.19e-19 1.00636
64436 50.85 52.27 1.39e-19 1.06020
64334 -5.61 53.80 1.66e-19 1.12319
65504 -141.78 74.62 1.09e-19 0.97462
64331 -10.23 52.61 1.55e-19 1.09832
64328 -14.55 51.21 1.41e-19 1.06568
64169 15.00 41.00 9.37e-20 0.92485
64172 18.97 40.88 9.25e-20 0.92088
64175 6.71 43.52 1.09e-19 0.97505
64337 -0.72 54.74 1.75e-19 1.14022
64814 35.47 63.42 2.05e-19 1.17578
65147 -51.53 73.61 1.89e-19 1.16171
65249 96.90 68.78 1.50e-19 1.08821
64085 20.50 46.00 1.26e-19 1.02689
65336 -84.03 71.77 1.41e-19 1.06575
65252 98.64 65.84 1.32e-19 1.04374
65255 100.10 62.89 1.14e-19 0.99049
65330 -83.40 65.72 1.09e-19 0.97478
65333 -83.60 68.75 1.25e-19 1.02443
64418 20.81 58.85 1.98e-19 1.17245
64133 -154.30 79.50 1.38e-19 1.05764
65186 91.49 65.27 1.41e-19 1.06680
64136 -154.30 78.50 1.31e-19 1.04024
65183 88.92 68.10 1.59e-19 1.10859
65180 85.70 70.89 1.75e-19 1.14041
65192 95.42 59.53 1.03e-19 0.95606
65414 164.13 84.15 1.70e-19 1.13046
65432 121.61 68.04 1.10e-19 0.98042
65435 120.51 65.03 9.48e-20 0.92864
63263 -7.85 52.53 1.57e-19 1.10289
65429 123.21 71.02 1.25e-19 1.02456
65408 -134.13 84.15 1.70e-19 1.13046
63317 110.50 70.00 1.36e-19 1.05422
63311 115.98 69.92 1.28e-19 1.03325
65009 76.59 58.92 1.34e-19 1.04679
65015 -48.69 63.02 1.52e-19 1.09223
65012 -51.77 60.39 1.32e-19 1.04345
65528 -165.00 70.00 7.51e-20 0.85384
65531 -165.00 67.00 5.85e-20 0.77848
63413 52.73 55.69 1.56e-19 1.10189
64955 -46.59 58.92 1.34e-19 1.04679
64949 68.43 59.57 1.52e-19 1.09195
65111 57.58 76.63 2.08e-19 1.17237
65168 55.98 80.83 2.08e-19 1.17236
65108 46.27 78.38 2.09e-19 1.16126
65114 66.13 74.51 2.03e-19 1.17577
65117 72.61 72.15 1.94e-19 1.16906
64862 -0.65 67.20 2.09e-19 1.16127
64835 64.18 53.14 1.22e-19 1.01584
65456 -165.00 82.00 1.53e-19 1.09513
64469 -9.17 59.48 1.91e-19 1.16464
64475 2.41 61.35 2.03e-19 1.17579
64472 -3.56 60.56 1.98e-19 1.17314
65513 -177.19 75.64 1.12e-19 0.98584
65510 -165.00 76.00 1.13e-19 0.98979
65516 171.78 74.62 1.09e-19 0.97462
64451 -34.20 48.66 9.50e-20 0.92960
64454 -30.98 50.85 1.14e-19 0.99052
63905 -159.50 78.00 1.27e-19 1.02950
64289 24.88 52.47 1.66e-19 1.12259
64295 34.25 50.90 1.50e-19 1.08795
64292 29.66 51.81 1.59e-19 1.10871
64883 50.33 63.41 1.94e-19 1.16905
64880 44.43 64.97 2.03e-19 1.17582
65498 156.21 75.54 1.22e-19 1.01565
63584 -159.50 72.00 8.76e-20 0.90271
64886 55.56 61.63 1.82e-19 1.15146
64406 -2.00 57.66 1.89e-19 1.16166
65378 113.40 65.72 1.09e-19 0.97478
64403 -7.23 56.66 1.80e-19 1.14845
64400 -12.12 55.41 1.69e-19 1.12773
64223 -3.10 47.99 1.32e-19 1.04395
64220 -7.26 46.89 1.21e-19 1.01311
64118 -154.30 82.50 1.57e-19 1.10340
64121 -154.30 81.50 1.51e-19 1.08926
64226 1.25 48.86 1.41e-19 1.06702
64124 -154.30 80.50 1.44e-19 1.07399
63161 -58.62 69.66 1.67e-19 1.12354
