65006 73.24 61.42 1.28e-19 0.91381
65000 64.69 66.09 1.44e-19 0.89360
65003 69.32 63.82 1.37e-19 0.90287
63197 -35.09 66.19 1.44e-19 0.89369
64142 -154.30 75.50 1.07e-19 0.94341
63191 -39.22 67.15 1.43e-19 0.89506
65213 -57.99 77.44 1.46e-19 0.89118
65210 -61.92 74.59 1.41e-19 0.89770
65294 86.94 86.84 1.49e-19 0.88675
65291 15.00 89.00 1.50e-19 0.88602
65288 -56.94 86.84 1.49e-19 0.88675
65075 -57.47 61.57 1.16e-19 0.93025
62987 15.00 -74.00 4.43e-20 0.04429
65072 81.77 60.39 1.18e-19 0.92746
65486 -149.69 78.56 1.18e-19 0.92742
65069 78.69 63.02 1.27e-19 0.91474
65420 135.13 79.58 1.31e-19 0.91006
62981 15.00 -90.00 8.80e-20 0.08798
65483 -136.50 77.35 1.16e-19 0.93032
65156 -25.98 80.83 1.56e-19 0.87799
65426 125.59 73.95 1.21e-19 0.92321
65480 -126.21 75.54 1.12e-19 0.93476
63281 -2.95 47.55 1.16e-19 0.92931
63287 -1.51 45.84 1.11e-19 0.93692
65150 -45.89 76.23 1.50e-19 0.88620
65390 -91.61 68.04 1.06e-19 0.94386
63227 -18.77 60.10 1.43e-19 0.89549
65393 -93.21 71.02 1.14e-19 0.93263
65396 -95.59 73.95 1.21e-19 0.92321
63221 -21.51 61.46 1.44e-19 0.89401
63443 45.48 49.24 1.15e-19 0.93114
64046 20.50 70.00 1.58e-19 0.87097
64082 20.50 48.00 1.21e-19 0.92264
64043 20.50 72.00 1.57e-19 0.87018
64040 20.50 74.00 1.56e-19 0.86994
64781 -30.59 55.29 1.22e-19 0.92138
64778 -34.18 53.14 1.12e-19 0.93486
64784 -26.57 57.31 1.31e-19 0.91004
64079 20.50 50.00 1.28e-19 0.91429
64787 -22.08 59.16 1.38e-19 0.90037
64919 -2.88 70.09 1.58e-19 0.87277
64925 15.00 71.00 1.57e-19 0.87033
64922 5.86 70.77 1.58e-19 0.87091
64439 54.68 50.43 1.12e-19 0.93542
64445 61.37 46.31 9.24e-20 0.96642
64442 58.18 48.44 1.02e-19 0.94983
63119 -95.35 67.98 1.04e-19 0.94809
63125 -90.61 68.69 1.09e-19 0.94006
63377 68.74 63.99 1.37e-19 0.90189
64544 53.49 54.84 1.26e-19 0.91568
64187 23.29 43.52 1.05e-19 0.94542
64325 -18.58 49.61 1.14e-19 0.93251
63776 -159.50 74.00 1.01e-19 0.95234
64181 15.00 44.00 1.08e-19 0.94147
64178 10.84 43.88 1.07e-19 0.94247
64184 19.16 43.88 1.07e-19 0.94247
64013 -159.50 88.00 1.44e-19 0.89362
64250 37.26 46.89 1.12e-19 0.93533
64253 41.20 45.58 1.05e-19 0.94522
64073 20.50 54.00 1.39e-19 0.90001
64070 20.50 56.00 1.44e-19 0.89401
65246 94.74 71.70 1.34e-19 0.90589
65492 179.69 78.56 1.18e-19 0.92742
65243 91.92 74.59 1.41e-19 0.89770
65495 166.50 77.35 1.16e-19 0.93032
64076 20.50 52.00 1.33e-19 0.90675
65240 87.99 77.44 1.46e-19 0.89118
64208 23.74 46.51 1.16e-19 0.93035
64457 -27.42 52.92 1.18e-19 0.92748
65177 81.53 73.61 1.45e-19 0.89255
64166 11.03 40.88 9.64e-20 0.95951
64163 15.00 38.00 8.61e-20 0.97798
65171 67.87 78.68 1.53e-19 0.88138
64094 20.50 40.00 9.30e-20 0.96534
65174 75.89 76.23 1.50e-19 0.88620
64160 15.00 35.00 7.52e-20 1.00019
65387 -90.51 65.03 9.77e-20 0.95736
63257 -9.72 54.13 1.33e-19 0.90721
65297 96.36 83.93 1.48e-19 0.88890
63251 -11.73 55.69 1.36e-19 0.90338
65381 113.36 62.69 9.59e-20 0.96050
65384 113.42 59.64 8.61e-20 0.97807
65357 139.00 86.38 1.43e-19 0.89438
65348 -94.24 83.64 1.42e-19 0.89662
65351 -109.00 86.38 1.43e-19 0.89438
64091 20.50 42.00 1.00e-19 0.95315
65354 -165.00 88.00 1.44e-19 0.89364
63179 -48.39 68.69 1.39e-19 0.89927
63185 -43.65 67.98 1.41e-19 0.89687
63323 105.02 69.92 1.23e-19 0.91997
65342 -86.22 77.76 1.34e-19 0.90582
65345 -88.82 80.73 1.38e-19 0.90045
65339 -84.82 74.77 1.29e-19 0.91290
65045 15.00 77.00 1.57e-19 0.87033
65042 1.88 76.67 1.58e-19 0.87091
65039 -10.07 75.72 1.58e-19 0.87277
63407 54.89 57.20 1.32e-19 0.90877
65423 129.24 76.82 1.26e-19 0.91575
64823 52.08 59.16 1.38e-19 0.90037
65489 -165.00 79.00 1.18e-19 0.92664
64820 47.07 60.82 1.45e-19 0.89248
64967 -29.19 68.20 1.50e-19 0.88600
64964 -34.69 66.09 1.44e-19 0.89360
63401 57.23 58.68 1.34e-19 0.90636
63095 40.40 47.00 1.11e-19 0.93736
64961 -39.32 63.82 1.37e-19 0.90287
64958 -43.24 61.42 1.28e-19 0.91381
64826 56.57 57.31 1.31e-19 0.91004
65063 70.62 68.01 1.43e-19 0.89438
65126 84.80 64.32 1.25e-19 0.91724
65060 65.21 70.32 1.49e-19 0.88677
65123 81.58 67.01 1.34e-19 0.90602
65066 75.03 65.56 1.36e-19 0.90362
65120 77.61 69.63 1.42e-19 0.89663
64592 57.42 52.92 1.18e-19 0.92748
64499 49.14 56.59 1.34e-19 0.90580
65519 -154.87 72.69 9.64e-20 0.95937
65522 -165.00 73.00 9.71e-20 0.95850
65525 -175.13 72.69 9.64e-20 0.95937
63293 -0.15 44.10 1.05e-19 0.94522
64055 20.50 64.00 1.56e-19 0.87697
64052 20.50 66.00 1.58e-19 0.87435
64466 -14.37 58.15 1.41e-19 0.89771
64049 20.50 68.00 1.58e-19 0.87235
64463 -19.14 56.59 1.34e-19 0.90580
64460 -23.49 54.84 1.26e-19 0.91568
64889 60.17 59.65 1.34e-19 0.90606
64895 67.82 55.26 1.16e-19 0.93017
64892 64.24 57.52 1.25e-19 0.91718
65225 -22.03 85.01 1.54e-19 0.88065
64376 58.87 43.83 8.61e-20 0.97808
64004 -159.50 82.00 1.28e-19 0.91373
64370 52.30 47.83 1.05e-19 0.94515
64007 -159.50 84.00 1.34e-19 0.90626
64373 55.72 45.90 9.59e-20 0.96034
64229 5.74 49.49 1.25e-19 0.91722
64235 15.00 50.00 1.28e-19 0.91383
64232 10.34 49.87 1.27e-19 0.91463
64109 -154.30 85.50 1.38e-19 0.90102
64115 -154.30 83.50 1.33e-19 0.90783
64112 -154.30 84.50 1.35e-19 0.90433
63809 -159.50 76.00 1.08e-19 0.94128
64283 15.00 53.00 1.37e-19 0.90288
64280 10.03 52.87 1.36e-19 0.90374
64286 19.97 52.87 1.36e-19 0.90374
65312 105.25 69.00 1.21e-19 0.92319
65315 106.03 66.00 1.12e-19 0.93549
65309 104.36 72.00 1.29e-19 0.91295
65306 103.29 74.99 1.35e-19 0.90445
65198 -70.10 62.89 1.08e-19 0.94113
65201 -68.64 65.84 1.18e-19 0.92743
65204 -66.90 68.78 1.26e-19 0.91576
65207 -64.74 71.70 1.34e-19 0.90589
65300 99.91 80.96 1.45e-19 0.89252
65303 101.91 77.98 1.41e-19 0.89770
65078 -54.80 64.32 1.25e-19 0.91724
65081 -51.58 67.01 1.34e-19 0.90602
65411 -165.00 85.00 1.37e-19 0.90288
65084 -47.61 69.63 1.42e-19 0.89663
65087 -42.61 72.15 1.48e-19 0.88889
64859 -7.85 66.25 1.56e-19 0.87801
64865 7.04 67.80 1.58e-19 0.87277
65417 145.34 82.12 1.34e-19 0.90608
63329 99.62 69.66 1.26e-19 0.91559
63335 94.39 69.25 1.29e-19 0.91197
63449 43.95 47.55 1.10e-19 0.93772
63455 42.51 45.84 1.05e-19 0.94529
64994 52.64 70.09 1.54e-19 0.87992
64988 35.87 72.94 1.58e-19 0.87214
64991 44.88 71.70 1.57e-19 0.87533
63215 -24.50 62.76 1.44e-19 0.89310
65153 -37.87 78.68 1.53e-19 0.88138
64997 59.19 68.20 1.50e-19 0.88600
63209 -27.74 63.99 1.45e-19 0.89279
64934 40.90 69.01 1.57e-19 0.87598
64016 14.04 90.00 1.48e-19 0.88839
64931 32.88 70.09 1.58e-19 0.87277
63431 48.85 52.53 1.23e-19 0.92018
64928 24.14 70.77 1.58e-19 0.87091
64010 -159.50 86.00 1.39e-19 0.89956
63473 -159.50 70.00 8.62e-20 0.97768
64937 48.05 67.59 1.54e-19 0.88063
63437 47.11 50.90 1.19e-19 0.92529
65132 -65.42 59.53 1.02e-19 0.95019
65135 -63.62 62.41 1.12e-19 0.93468
65129 87.47 61.57 1.16e-19 0.93025
64772 64.20 48.66 9.78e-20 0.95715
64775 -37.39 50.87 1.02e-19 0.95040
64415 15.00 59.00 1.50e-19 0.88602
64412 9.19 58.85 1.49e-19 0.88675
64409 3.49 58.40 1.48e-19 0.88891
63137 -80.38 69.66 1.19e-19 0.92574
63131 -85.61 69.25 1.14e-19 0.93249
64316 -22.30 47.83 1.05e-19 0.94515
64313 -25.72 45.90 9.59e-20 0.96034
64310 -28.87 43.83 8.61e-20 0.97808
63155 -64.02 69.92 1.31e-19 0.90986
63149 -69.50 70.00 1.27e-19 0.91451
64259 -20.22 45.15 9.77e-20 0.95737
64265 -12.75 48.42 1.14e-19 0.93249
64262 -16.62 46.88 1.06e-19 0.94397
65327 -83.36 62.69 9.59e-20 0.96050
57281 15.00 -74.00 4.43e-20 0.04429
64100 -154.30 88.50 1.45e-19 0.89220
64103 -154.30 87.50 1.43e-19 0.89496
65237 82.04 80.22 1.50e-19 0.88621
65234 71.87 82.83 1.53e-19 0.88271
64106 -154.30 86.50 1.41e-19 0.89789
65231 52.03 85.01 1.54e-19 0.88065
65228 15.00 86.00 1.54e-19 0.87994
65267 -76.03 66.00 1.12e-19 0.93549
64088 20.50 44.00 1.07e-19 0.94202
64193 2.01 45.89 1.12e-19 0.93466
64190 -2.11 45.05 1.08e-19 0.94128
64157 -154.30 77.50 1.14e-19 0.93318
64154 -154.30 71.50 9.21e-20 0.96692
64151 -154.30 72.50 9.58e-20 0.96064
64148 -154.30 73.50 9.94e-20 0.95464
64196 6.26 46.51 1.16e-19 0.93035
64982 15.00 74.00 1.55e-19 0.86989
64985 25.77 73.73 1.57e-19 0.87033
65369 114.82 74.77 1.29e-19 0.91290
64979 4.23 73.73 1.57e-19 0.87033
65375 113.60 68.75 1.14e-19 0.93256
65372 114.03 71.77 1.22e-19 0.92187
65366 116.22 77.76 1.34e-19 0.90582
65360 124.24 83.64 1.42e-19 0.89662
65363 118.82 80.73 1.38e-19 0.90045
65459 174.45 81.43 1.27e-19 0.91474
65462 158.42 79.90 1.25e-19 0.91720
65465 147.41 77.77 1.22e-19 0.92148
63173 -53.39 69.25 1.37e-19 0.90218
65036 -20.23 74.26 1.57e-19 0.87598
65270 -75.25 69.00 1.21e-19 0.92319
65273 -74.36 72.00 1.29e-19 0.91295
64952 71.94 57.20 1.18e-19 0.92750
65276 -73.29 74.99 1.35e-19 0.90445
65030 -35.21 70.32 1.49e-19 0.88677
65033 -28.52 72.43 1.54e-19 0.88064
64808 22.07 64.82 1.57e-19 0.87599
64811 28.94 64.29 1.56e-19 0.87801
65501 148.54 73.33 1.08e-19 0.94118
63353 80.22 67.15 1.35e-19 0.90448
64817 41.53 62.26 1.50e-19 0.88624
63005 15.00 -90.00 8.80e-20 0.08798
63389 62.51 61.46 1.36e-19 0.90294
62999 15.00 -74.00 4.43e-20 0.04429
63395 59.77 60.10 1.35e-19 0.90435
65507 -152.81 75.64 1.07e-19 0.94231
65054 50.23 74.26 1.57e-19 0.87598
65096 -16.27 78.38 1.57e-19 0.87470
65051 40.07 75.72 1.58e-19 0.87277
65048 28.12 76.67 1.58e-19 0.87091
65090 -36.13 74.51 1.53e-19 0.88270
65093 -27.58 76.63 1.56e-19 0.87799
65057 58.52 72.43 1.54e-19 0.88064
64496 44.37 58.15 1.41e-19 0.89771
64490 33.56 60.56 1.50e-19 0.88623
64493 39.17 59.48 1.46e-19 0.89117
63017 15.00 -90.00 8.80e-20 0.08798
63305 121.38 69.66 1.11e-19 0.93633
63011 15.00 -74.00 4.43e-20 0.04429
63299 126.61 69.25 1.07e-19 0.94329
64058 20.50 62.00 1.54e-19 0.88023
64061 20.50 60.00 1.51e-19 0.88415
64067 20.50 58.00 1.48e-19 0.88873
64802 7.93 64.82 1.57e-19 0.87599
64805 15.00 65.00 1.57e-19 0.87533
64799 1.06 64.29 1.56e-19 0.87801
64907 -29.72 63.95 1.43e-19 0.89440
64904 -34.39 61.83 1.36e-19 0.90363
64898 -41.94 57.20 1.18e-19 0.92750
64901 -38.43 59.57 1.27e-19 0.91461
64829 60.59 55.29 1.22e-19 0.92138
64379 -31.37 46.31 9.24e-20 0.96642
64367 48.58 49.61 1.14e-19 0.93251
64364 44.55 51.21 1.22e-19 0.92183
64361 40.23 52.61 1.29e-19 0.91290
64358 35.61 53.80 1.34e-19 0.90592
63371 72.27 65.14 1.37e-19 0.90220
63101 -146.50 74.10 1.03e-19 0.94955
63107 41.70 76.00 1.58e-19 0.87317
63968 -159.50 80.00 1.22e-19 0.92203
64343 9.65 55.86 1.43e-19 0.89441
63365 76.09 66.19 1.36e-19 0.90298
64247 33.10 47.99 1.18e-19 0.92753
64340 4.38 55.44 1.42e-19 0.89670
64244 28.75 48.86 1.22e-19 0.92152
64238 19.66 49.87 1.27e-19 0.91463
64346 15.00 56.00 1.44e-19 0.89364
64241 24.26 49.49 1.25e-19 0.91722
64268 -8.62 49.77 1.21e-19 0.92321
64271 -4.25 50.90 1.26e-19 0.91564
64274 0.34 51.81 1.31e-19 0.91007
64277 5.12 52.47 1.34e-19 0.90612
65264 -76.74 62.99 1.02e-19 0.94982
65261 -77.40 59.97 9.24e-20 0.96641
65258 101.35 59.93 9.78e-20 0.95714
65324 -83.42 59.64 8.61e-20 0.97807
65321 107.40 59.97 9.24e-20 0.96641
65318 106.74 62.99 1.02e-19 0.94982
64145 -154.30 74.50 1.03e-19 0.94890
65189 93.62 62.41 1.12e-19 0.93468
65195 -71.35 59.93 9.78e-20 0.95714
64139 -154.30 76.50 1.10e-19 0.93818
65441 -105.01 72.61 1.12e-19 0.93542
65438 -101.49 69.80 1.05e-19 0.94530
65444 -110.04 75.29 1.18e-19 0.92747
65447 -117.41 77.77 1.22e-19 0.92148
63341 89.39 68.69 1.32e-19 0.90894
63347 84.65 67.98 1.34e-19 0.90640
65018 -45.03 65.56 1.36e-19 0.90362
65027 -40.62 68.01 1.43e-19 0.89438
65159 -8.31 82.40 1.57e-19 0.87598
63239 -16.23 58.68 1.41e-19 0.89756
63245 -13.89 57.20 1.39e-19 0.90005
65165 38.31 82.40 1.57e-19 0.87598
63419 50.72 54.13 1.26e-19 0.91582
64943 59.72 63.95 1.43e-19 0.89440
64946 64.39 61.83 1.36e-19 0.90363
64847 -30.17 59.65 1.34e-19 0.90606
65141 -58.92 68.10 1.31e-19 0.91002
65138 -61.49 65.27 1.22e-19 0.92141
64838 67.39 50.87 1.02e-19 0.95040
64841 -37.82 55.26 1.16e-19 0.93017
64844 -34.24 57.52 1.25e-19 0.91718
64478 8.63 61.84 1.54e-19 0.88066
64481 15.00 62.00 1.54e-19 0.87994
64484 21.37 61.84 1.54e-19 0.88066
64487 27.59 61.35 1.53e-19 0.88271
64421 26.51 58.40 1.48e-19 0.88891
64424 32.00 57.66 1.45e-19 0.89252
64853 -20.33 63.41 1.48e-19 0.88888
64850 -25.56 61.63 1.42e-19 0.89671
64856 -14.43 64.97 1.53e-19 0.88273
63143 -74.98 69.92 1.23e-19 0.91994
64307 50.22 45.15 9.77e-20 0.95737
64298 38.62 49.77 1.21e-19 0.92321
64301 42.75 48.42 1.14e-19 0.93249
64304 46.62 46.88 1.06e-19 0.94397
64874 30.65 67.20 1.57e-19 0.87469
64868 15.00 68.00 1.58e-19 0.87214
64871 22.96 67.80 1.58e-19 0.87277
64877 37.85 66.25 1.56e-19 0.87801
64022 20.50 86.00 1.54e-19 0.87998
64025 20.50 84.00 1.56e-19 0.87677
64397 -16.66 53.94 1.29e-19 0.91301
64019 20.50 88.00 1.52e-19 0.88385
64394 -20.85 52.27 1.21e-19 0.92318
64388 -28.18 48.44 1.02e-19 0.94983
64391 -24.68 50.43 1.12e-19 0.93542
64214 32.11 45.05 1.08e-19 0.94128
64097 -154.30 89.50 1.47e-19 0.88961
64211 27.99 45.89 1.12e-19 0.93466
65219 -52.04 80.22 1.50e-19 0.88621
64217 -11.20 45.58 1.05e-19 0.94522
65222 -41.87 82.83 1.53e-19 0.88271
64427 37.23 56.66 1.41e-19 0.89773
64199 10.61 46.88 1.18e-19 0.92765
64202 15.00 47.00 1.18e-19 0.92664
64205 19.39 46.88 1.18e-19 0.92765
64976 -5.87 72.94 1.58e-19 0.87214
64973 -14.88 71.70 1.57e-19 0.87533
64970 -22.64 70.09 1.54e-19 0.87992
65450 -128.42 79.90 1.25e-19 0.91720
65453 -144.45 81.43 1.27e-19 0.91474
65162 15.00 83.00 1.57e-19 0.87533
63203 -31.27 65.14 1.45e-19 0.89300
65279 -71.91 77.98 1.41e-19 0.89770
65285 -66.36 83.93 1.48e-19 0.88890
65282 -69.91 80.96 1.45e-19 0.89252
65471 135.01 72.61 1.12e-19 0.93542
65468 140.04 75.29 1.18e-19 0.92747
65474 131.49 69.80 1.05e-19 0.94530
65477 -118.54 73.33 1.08e-19 0.94118
62993 15.00 -90.00 8.80e-20 0.08798
64940 54.30 65.88 1.49e-19 0.88672
65099 -1.81 79.57 1.58e-19 0.87277
65105 31.81 79.57 1.58e-19 0.87277
65102 15.00 80.00 1.58e-19 0.87214
64688 60.98 50.85 1.08e-19 0.94115
65405 -115.34 82.12 1.34e-19 0.90608
65402 -105.13 79.58 1.31e-19 0.91006
65399 -99.24 76.82 1.26e-19 0.91575
63269 -6.11 50.90 1.26e-19 0.91679
63275 -4.48 49.24 1.21e-19 0.92269
64037 20.50 76.00 1.57e-19 0.87015
64034 20.50 78.00 1.58e-19 0.87089
64028 20.50 82.00 1.58e-19 0.87419
64031 20.50 80.00 1.58e-19 0.87224
64916 -10.90 69.01 1.57e-19 0.87598
64793 -11.53 62.26 1.50e-19 0.88624
64790 -17.07 60.82 1.45e-19 0.89248
64910 -24.30 65.88 1.49e-19 0.88672
64913 -18.05 67.59 1.54e-19 0.88063
64796 -5.47 63.42 1.53e-19 0.88136
65144 -55.70 70.89 1.38e-19 0.90049
64430 42.12 55.41 1.35e-19 0.90452
64433 46.66 53.94 1.29e-19 0.91301
64349 20.35 55.86 1.43e-19 0.89441
64352 25.62 55.44 1.42e-19 0.89670
64355 30.72 54.74 1.38e-19 0.90039
63383 65.50 62.76 1.37e-19 0.90210
63113 -138.30 76.00 1.11e-19 0.93718
64436 50.85 52.27 1.21e-19 0.92318
64334 -5.61 53.80 1.34e-19 0.90592
65504 -141.78 74.62 1.05e-19 0.94519
64331 -10.23 52.61 1.29e-19 0.91290
64328 -14.55 51.21 1.22e-19 0.92183
64169 15.00 41.00 9.71e-20 0.95850
64172 18.97 40.88 9.64e-20 0.95951
64175 6.71 43.52 1.05e-19 0.94542
64337 -0.72 54.74 1.38e-19 0.90039
64814 35.47 63.42 1.53e-19 0.88136
65147 -51.53 73.61 1.45e-19 0.89255
65249 96.90 68.78 1.26e-19 0.91576
64085 20.50 46.00 1.14e-19 0.93187
65336 -84.03 71.77 1.22e-19 0.92187
65252 98.64 65.84 1.18e-19 0.92743
65255 100.10 62.89 1.08e-19 0.94113
65330 -83.40 65.72 1.05e-19 0.94527
65333 -83.60 68.75 1.14e-19 0.93256
64418 20.81 58.85 1.49e-19 0.88675
64133 -154.30 79.50 1.20e-19 0.92387
65186 91.49 65.27 1.22e-19 0.92141
64136 -154.30 78.50 1.17e-19 0.92841
65183 88.92 68.10 1.31e-19 0.91002
65180 85.70 70.89 1.38e-19 0.90049
65192 95.42 59.53 1.02e-19 0.95019
65414 164.13 84.15 1.36e-19 0.90375
65432 121.61 68.04 1.06e-19 0.94386
65435 120.51 65.03 9.77e-20 0.95736
63263 -7.85 52.53 1.30e-19 0.91163
65429 123.21 71.02 1.14e-19 0.93263
65408 -134.13 84.15 1.36e-19 0.90375
63317 110.50 70.00 1.20e-19 0.92476
63311 115.98 69.92 1.16e-19 0.93038
65009 76.59 58.92 1.18e-19 0.92652
65015 -48.69 63.02 1.27e-19 0.91474
65012 -51.77 60.39 1.18e-19 0.92746
65528 -165.00 70.00 8.61e-20 0.97798
65531 -165.00 67.00 7.52e-20 1.00019
63413 52.73 55.69 1.29e-19 0.91205
64955 -46.59 58.92 1.18e-19 0.92652
64949 68.43 59.57 1.27e-19 0.91461
65111 57.58 76.63 1.56e-19 0.87799
65168 55.98 80.83 1.56e-19 0.87799
65108 46.27 78.38 1.57e-19 0.87470
65114 66.13 74.51 1.53e-19 0.88270
65117 72.61 72.15 1.48e-19 0.88889
64862 -0.65 67.20 1.57e-19 0.87469
64835 64.18 53.14 1.12e-19 0.93486
65456 -165.00 82.00 1.28e-19 0.91383
64469 -9.17 59.48 1.46e-19 0.89117
64475 2.41 61.35 1.53e-19 0.88271
64472 -3.56 60.56 1.50e-19 0.88623
65513 -177.19 75.64 1.07e-19 0.94231
65510 -165.00 76.00 1.08e-19 0.94147
65516 171.78 74.62 1.05e-19 0.94519
64451 -34.20 48.66 9.78e-20 0.95715
64454 -30.98 50.85 1.08e-19 0.94115
63905 -159.50 78.00 1.15e-19 0.93120
64289 24.88 52.47 1.34e-19 0.90612
64295 34.25 50.90 1.26e-19 0.91564
64292 29.66 51.81 1.31e-19 0.91007
64883 50.33 63.41 1.48e-19 0.88888
64880 44.43 64.97 1.53e-19 0.88273
65498 156.21 75.54 1.12e-19 0.93476
63584 -159.50 72.00 9.36e-20 0.96445
64886 55.56 61.63 1.42e-19 0.89671
64406 -2.00 57.66 1.45e-19 0.89252
65378 113.40 65.72 1.05e-19 0.94527
64403 -7.23 56.66 1.41e-19 0.89773
64400 -12.12 55.41 1.35e-19 0.90452
64223 -3.10 47.99 1.18e-19 0.92753
64220 -7.26 46.89 1.12e-19 0.93533
64118 -154.30 82.50 1.30e-19 0.91154
64121 -154.30 81.50 1.27e-19 0.91544
64226 1.25 48.86 1.22e-19 0.92152
64124 -154.30 80.50 1.23e-19 0.91955
63161 -58.62 69.66 1.34e-19 0.90567
