   1.3041830e+09   1.8580976e+00
   1.3041839e+09   1.8621604e+00
   1.3041848e+09   1.8662223e+00
   1.3041857e+09   1.8702826e+00
   1.3041866e+09   1.8743404e+00
   1.3041875e+09   1.8783949e+00
   1.3041884e+09   1.8824453e+00
   1.3041893e+09   1.8864904e+00
   1.3041902e+09   1.8905287e+00
   1.3041911e+09   1.8945586e+00
   1.3041920e+09   1.8985783e+00
   1.3041929e+09   1.9025862e+00
   1.3041938e+09   1.9065808e+00
   1.3041947e+09   1.9105599e+00
   1.3041956e+09   1.9145205e+00
   1.3041965e+09   1.9184597e+00
   1.3041974e+09   1.9223742e+00
   1.3041983e+09   1.9262610e+00
   1.3041992e+09   1.9301170e+00
   1.3042001e+09   1.9339391e+00
   1.3042010e+09   1.9377242e+00
   1.3042019e+09   1.9414692e+00
   1.3042028e+09   1.9451710e+00
   1.3042037e+09   1.9488266e+00
   1.3042046e+09   1.9524328e+00
   1.3042055e+09   1.9559865e+00
   1.3042064e+09   1.9594847e+00
   1.3042073e+09   1.9629242e+00
   1.3042082e+09   1.9663021e+00
   1.3042091e+09   1.9696150e+00
   1.3042100e+09   1.9728601e+00
   1.3042109e+09   1.9760341e+00
   1.3042118e+09   1.9791340e+00
   1.3042127e+09   1.9821568e+00
   1.3042136e+09   1.9850992e+00
   1.3042145e+09   1.9879582e+00
   1.3042154e+09   1.9907308e+00
   1.3042163e+09   1.9934139e+00
   1.3042172e+09   1.9960055e+00
   1.3042181e+09   1.9985041e+00
   1.3042190e+09   2.0009084e+00
   1.3042199e+09   2.0032170e+00
   1.3042208e+09   2.0054283e+00
   1.3042217e+09   2.0075412e+00
   1.3042226e+09   2.0095551e+00
   1.3042235e+09   2.0114701e+00
   1.3042244e+09   2.0132861e+00
   1.3042253e+09   2.0150033e+00
   1.3042262e+09   2.0166217e+00
   1.3042271e+09   2.0181413e+00
   1.3042280e+09   2.0195628e+00
   1.3042289e+09   2.0208875e+00
   1.3042298e+09   2.0221168e+00
   1.3042307e+09   2.0232521e+00
   1.3042316e+09   2.0242948e+00
   1.3042325e+09   2.0252463e+00
   1.3042334e+09   2.0261081e+00
   1.3042343e+09   2.0268823e+00
   1.3042352e+09   2.0275707e+00
   1.3042361e+09   2.0281754e+00
   1.3042370e+09   2.0286984e+00
   1.3042379e+09   2.0291418e+00
   1.3042388e+09   2.0295080e+00
   1.3042397e+09   2.0298001e+00
   1.3042406e+09   2.0300210e+00
   1.3042415e+09   2.0301738e+00
   1.3042424e+09   2.0302612e+00
   1.3042433e+09   2.0302863e+00
   1.3042442e+09   2.0302522e+00
   1.3042451e+09   2.0301616e+00
   1.3042460e+09   2.0300176e+00
   1.3042469e+09   2.0298232e+00
   1.3042478e+09   2.0295812e+00
   1.3042487e+09   2.0292947e+00
   1.3042496e+09   2.0289667e+00
   1.3042505e+09   2.0286003e+00
   1.3042514e+09   2.0281990e+00
   1.3042523e+09   2.0277667e+00
   1.3042532e+09   2.0273070e+00
   1.3042541e+09   2.0268236e+00
   1.3042550e+09   2.0263201e+00
   1.3042559e+09   2.0258005e+00
   1.3042568e+09   2.0252697e+00
   1.3042577e+09   2.0247324e+00
   1.3042586e+09   2.0241939e+00
   1.3042595e+09   2.0236589e+00
   1.3042604e+09   2.0231327e+00
   1.3042613e+09   2.0226206e+00
   1.3042622e+09   2.0221279e+00
   1.3042631e+09   2.0216600e+00
   1.3042640e+09   2.0212222e+00
   1.3042649e+09   2.0208198e+00
   1.3042658e+09   2.0204581e+00
   1.3042667e+09   2.0201406e+00
   1.3042676e+09   2.0198699e+00
   1.3042685e+09   2.0196486e+00
   1.3042694e+09   2.0194795e+00
   1.3042703e+09   2.0193651e+00
   1.3042712e+09   2.0193079e+00
   1.3042721e+09   2.0193092e+00
   1.3042730e+09   2.0193688e+00
   1.3042739e+09   2.0194865e+00
   1.3042748e+09   2.0196618e+00
   1.3042757e+09   2.0198946e+00
   1.3042766e+09   2.0201845e+00
   1.3042775e+09   2.0205309e+00
   1.3042784e+09   2.0209326e+00
   1.3042793e+09   2.0213884e+00
   1.3042802e+09   2.0218970e+00
   1.3042811e+09   2.0224573e+00
   1.3042820e+09   2.0230679e+00
   1.3042829e+09   2.0237270e+00
   1.3042838e+09   2.0244326e+00
   1.3042847e+09   2.0251824e+00
   1.3042856e+09   2.0259743e+00
   1.3042865e+09   2.0268063e+00
   1.3042874e+09   2.0276761e+00
   1.3042883e+09   2.0285805e+00
   1.3042892e+09   2.0295158e+00
   1.3042901e+09   2.0304780e+00
   1.3042910e+09   2.0314633e+00
   1.3042919e+09   2.0324679e+00
   1.3042928e+09   2.0334880e+00
   1.3042937e+09   2.0345197e+00
   1.3042946e+09   2.0355591e+00
   1.3042955e+09   2.0366025e+00
   1.3042964e+09   2.0376459e+00
   1.3042973e+09   2.0386856e+00
   1.3042982e+09   2.0397189e+00
   1.3042991e+09   2.0407447e+00
   1.3043000e+09   2.0417621e+00
   1.3043009e+09   2.0427700e+00
   1.3043018e+09   2.0437677e+00
   1.3043027e+09   2.0447540e+00
   1.3043036e+09   2.0457282e+00
   1.3043045e+09   2.0466898e+00
   1.3043054e+09   2.0476393e+00
   1.3043063e+09   2.0485773e+00
   1.3043072e+09   2.0495043e+00
   1.3043081e+09   2.0504209e+00
   1.3043090e+09   2.0513275e+00
   1.3043099e+09   2.0522247e+00
   1.3043108e+09   2.0531130e+00
   1.3043117e+09   2.0539930e+00
   1.3043126e+09   2.0548652e+00
   1.3043135e+09   2.0557301e+00
   1.3043144e+09   2.0565882e+00
   1.3043153e+09   2.0574402e+00
   1.3043162e+09   2.0582864e+00
   1.3043171e+09   2.0591275e+00
   1.3043180e+09   2.0599640e+00
   1.3043189e+09   2.0607964e+00
   1.3043198e+09   2.0616253e+00
   1.3043207e+09   2.0624511e+00
   1.3043216e+09   2.0632745e+00
   1.3043225e+09   2.0640959e+00
   1.3043234e+09   2.0649158e+00
   1.3043243e+09   2.0657349e+00
   1.3043252e+09   2.0665536e+00
   1.3043261e+09   2.0673730e+00
   1.3043270e+09   2.0681941e+00
   1.3043279e+09   2.0690181e+00
   1.3043288e+09   2.0698463e+00
   1.3043297e+09   2.0706797e+00
   1.3043306e+09   2.0715195e+00
   1.3043315e+09   2.0723669e+00
   1.3043324e+09   2.0732230e+00
   1.3043333e+09   2.0740890e+00
   1.3043342e+09   2.0749661e+00
   1.3043351e+09   2.0758554e+00
   1.3043360e+09   2.0767580e+00
   1.3043369e+09   2.0776752e+00
   1.3043378e+09   2.0786082e+00
   1.3043387e+09   2.0795584e+00
   1.3043396e+09   2.0805276e+00
   1.3043405e+09   2.0815173e+00
   1.3043414e+09   2.0825293e+00
   1.3043423e+09   2.0835652e+00
   1.3043432e+09   2.0846265e+00
   1.3043441e+09   2.0857142e+00
   1.3043450e+09   2.0868290e+00
   1.3043459e+09   2.0879716e+00
   1.3043468e+09   2.0891427e+00
   1.3043477e+09   2.0903429e+00
   1.3043486e+09   2.0915730e+00
   1.3043495e+09   2.0928337e+00
   1.3043504e+09   2.0941258e+00
   1.3043513e+09   2.0954499e+00
   1.3043522e+09   2.0968070e+00
   1.3043531e+09   2.0981975e+00
   1.3043540e+09   2.0996214e+00
   1.3043549e+09   2.1010778e+00
   1.3043558e+09   2.1025658e+00
   1.3043567e+09   2.1040847e+00
   1.3043576e+09   2.1056337e+00
   1.3043585e+09   2.1072119e+00
   1.3043594e+09   2.1088185e+00
   1.3043603e+09   2.1104526e+00
   1.3043612e+09   2.1121122e+00
   1.3043621e+09   2.1137942e+00
   1.3043630e+09   2.1154957e+00
   1.3043639e+09   2.1172136e+00
   1.3043648e+09   2.1189448e+00
   1.3043657e+09   2.1206846e+00
   1.3043666e+09   2.1224270e+00
   1.3043675e+09   2.1241658e+00
   1.3043684e+09   2.1258950e+00
   1.3043693e+09   2.1276084e+00
   1.3043702e+09   2.1293000e+00
   1.3043711e+09   2.1309638e+00
   1.3043720e+09   2.1325952e+00
   1.3043729e+09   2.1341904e+00
   1.3043738e+09   2.1357458e+00
   1.3043747e+09   2.1372577e+00
   1.3043756e+09   2.1387223e+00
   1.3043765e+09   2.1401359e+00
   1.3043774e+09   2.1414948e+00
   1.3043783e+09   2.1427954e+00
   1.3043792e+09   2.1440339e+00
   1.3043801e+09   2.1452066e+00
   1.3043810e+09   2.1463098e+00
   1.3043819e+09   2.1473409e+00
   1.3043828e+09   2.1482993e+00
   1.3043837e+09   2.1491847e+00
   1.3043846e+09   2.1499967e+00
   1.3043855e+09   2.1507352e+00
   1.3043864e+09   2.1513998e+00
   1.3043873e+09   2.1519902e+00
   1.3043882e+09   2.1525077e+00
   1.3043891e+09   2.1529539e+00
   1.3043900e+09   2.1533307e+00
   1.3043909e+09   2.1536398e+00
   1.3043918e+09   2.1538832e+00
   1.3043927e+09   2.1540625e+00
   1.3043936e+09   2.1541801e+00
   1.3043945e+09   2.1542381e+00
   1.3043954e+09   2.1542387e+00
   1.3043963e+09   2.1541842e+00
   1.3043972e+09   2.1540767e+00
   1.3043981e+09   2.1539186e+00
   1.3043990e+09   2.1537119e+00
   1.3043999e+09   2.1534586e+00
   1.3044008e+09   2.1531609e+00
   1.3044017e+09   2.1528208e+00
   1.3044026e+09   2.1524403e+00
   1.3044035e+09   2.1520216e+00
   1.3044044e+09   2.1515673e+00
   1.3044053e+09   2.1510799e+00
   1.3044062e+09   2.1505622e+00
   1.3044071e+09   2.1500168e+00
   1.3044080e+09   2.1494466e+00
   1.3044089e+09   2.1488542e+00
   1.3044098e+09   2.1482416e+00
   1.3044107e+09   2.1476104e+00
   1.3044116e+09   2.1469623e+00
   1.3044125e+09   2.1462986e+00
   1.3044134e+09   2.1456211e+00
   1.3044143e+09   2.1449311e+00
   1.3044152e+09   2.1442298e+00
   1.3044161e+09   2.1435181e+00
   1.3044170e+09   2.1427969e+00
   1.3044179e+09   2.1420669e+00
   1.3044188e+09   2.1413290e+00
   1.3044197e+09   2.1405842e+00
   1.3044206e+09   2.1398334e+00
   1.3044215e+09   2.1390781e+00
   1.3044224e+09   2.1383198e+00
   1.3044233e+09   2.1375598e+00
   1.3044242e+09   2.1367998e+00
   1.3044251e+09   2.1360411e+00
   1.3044260e+09   2.1352852e+00
   1.3044269e+09   2.1345328e+00
   1.3044278e+09   2.1337850e+00
   1.3044287e+09   2.1330425e+00
   1.3044296e+09   2.1323062e+00
   1.3044305e+09   2.1315772e+00
   1.3044314e+09   2.1308562e+00
   1.3044323e+09   2.1301445e+00
   1.3044332e+09   2.1294433e+00
   1.3044341e+09   2.1287539e+00
   1.3044350e+09   2.1280775e+00
   1.3044359e+09   2.1274153e+00
   1.3044368e+09   2.1267688e+00
   1.3044377e+09   2.1261399e+00
   1.3044386e+09   2.1255310e+00
   1.3044395e+09   2.1249443e+00
   1.3044404e+09   2.1243818e+00
   1.3044413e+09   2.1238459e+00
   1.3044422e+09   2.1233385e+00
   1.3044431e+09   2.1228601e+00
   1.3044440e+09   2.1224109e+00
   1.3044449e+09   2.1219907e+00
   1.3044458e+09   2.1215996e+00
   1.3044467e+09   2.1212377e+00
   1.3044476e+09   2.1209048e+00
   1.3044485e+09   2.1205991e+00
   1.3044494e+09   2.1203179e+00
   1.3044503e+09   2.1200584e+00
   1.3044512e+09   2.1198178e+00
   1.3044521e+09   2.1195934e+00
   1.3044530e+09   2.1193825e+00
   1.3044539e+09   2.1191826e+00
   1.3044548e+09   2.1189916e+00
   1.3044557e+09   2.1188074e+00
   1.3044566e+09   2.1186278e+00
   1.3044575e+09   2.1184507e+00
   1.3044584e+09   2.1182739e+00
   1.3044593e+09   2.1180955e+00
   1.3044602e+09   2.1179136e+00
   1.3044611e+09   2.1177264e+00
   1.3044620e+09   2.1175321e+00
   1.3044629e+09   2.1173288e+00
   1.3044638e+09   2.1171148e+00
   1.3044647e+09   2.1168887e+00
   1.3044656e+09   2.1166498e+00
   1.3044665e+09   2.1163975e+00
   1.3044674e+09   2.1161309e+00
   1.3044683e+09   2.1158495e+00
   1.3044692e+09   2.1155526e+00
   1.3044701e+09   2.1152395e+00
   1.3044710e+09   2.1149100e+00
   1.3044719e+09   2.1145637e+00
   1.3044728e+09   2.1142002e+00
   1.3044737e+09   2.1138191e+00
   1.3044746e+09   2.1134202e+00
   1.3044755e+09   2.1130032e+00
   1.3044764e+09   2.1125683e+00
   1.3044773e+09   2.1121157e+00
   1.3044782e+09   2.1116458e+00
   1.3044791e+09   2.1111586e+00
   1.3044800e+09   2.1106544e+00
   1.3044809e+09   2.1101336e+00
   1.3044818e+09   2.1095967e+00
   1.3044827e+09   2.1090445e+00
   1.3044836e+09   2.1084776e+00
   1.3044845e+09   2.1078969e+00
   1.3044854e+09   2.1073029e+00
   1.3044863e+09   2.1066965e+00
   1.3044872e+09   2.1060783e+00
   1.3044881e+09   2.1054490e+00
   1.3044890e+09   2.1048096e+00
   1.3044899e+09   2.1041607e+00
   1.3044908e+09   2.1035030e+00
   1.3044917e+09   2.1028374e+00
   1.3044926e+09   2.1021645e+00
   1.3044935e+09   2.1014852e+00
   1.3044944e+09   2.1008001e+00
   1.3044953e+09   2.1001100e+00
   1.3044962e+09   2.0994157e+00
   1.3044971e+09   2.0987179e+00
   1.3044980e+09   2.0980174e+00
   1.3044989e+09   2.0973153e+00
   1.3044998e+09   2.0966123e+00
   1.3045007e+09   2.0959094e+00
   1.3045016e+09   2.0952075e+00
   1.3045025e+09   2.0945075e+00
   1.3045034e+09   2.0938106e+00
   1.3045043e+09   2.0931182e+00
   1.3045052e+09   2.0924318e+00
   1.3045061e+09   2.0917528e+00
   1.3045070e+09   2.0910828e+00
   1.3045079e+09   2.0904231e+00
   1.3045088e+09   2.0897754e+00
   1.3045097e+09   2.0891412e+00
   1.3045106e+09   2.0885222e+00
   1.3045115e+09   2.0879200e+00
   1.3045124e+09   2.0873362e+00
   1.3045133e+09   2.0867724e+00
   1.3045142e+09   2.0862307e+00
   1.3045151e+09   2.0857135e+00
   1.3045160e+09   2.0852233e+00
   1.3045169e+09   2.0847627e+00
   1.3045178e+09   2.0843341e+00
   1.3045187e+09   2.0839400e+00
   1.3045196e+09   2.0835821e+00
   1.3045205e+09   2.0832610e+00
   1.3045214e+09   2.0829771e+00
   1.3045223e+09   2.0827309e+00
   1.3045232e+09   2.0825228e+00
   1.3045241e+09   2.0823532e+00
   1.3045250e+09   2.0822230e+00
   1.3045259e+09   2.0821338e+00
   1.3045268e+09   2.0820871e+00
   1.3045277e+09   2.0820846e+00
   1.3045286e+09   2.0821280e+00
   1.3045295e+09   2.0822189e+00
   1.3045304e+09   2.0823588e+00
   1.3045313e+09   2.0825478e+00
   1.3045322e+09   2.0827843e+00
   1.3045331e+09   2.0830673e+00
   1.3045340e+09   2.0833952e+00
   1.3045349e+09   2.0837669e+00
   1.3045358e+09   2.0841808e+00
   1.3045367e+09   2.0846341e+00
   1.3045376e+09   2.0851229e+00
   1.3045385e+09   2.0856434e+00
   1.3045394e+09   2.0861915e+00
   1.3045403e+09   2.0867634e+00
   1.3045412e+09   2.0873551e+00
   1.3045421e+09   2.0879629e+00
   1.3045430e+09   2.0885839e+00
   1.3045439e+09   2.0892161e+00
   1.3045448e+09   2.0898572e+00
   1.3045457e+09   2.0905051e+00
   1.3045466e+09   2.0911577e+00
   1.3045475e+09   2.0918136e+00
   1.3045484e+09   2.0924716e+00
   1.3045493e+09   2.0931310e+00
