56894 2.38 31.38 1.69e-21
56924 13.90 34.08 1.88e-21
56954 26.00 35.00 2.05e-21
56984 38.10 34.08 1.87e-21
57014 49.62 31.38 1.65e-21
58772 -0.98 41.06 1.88e-21
58802 12.03 43.98 1.89e-21
58832 26.00 45.00 2.10e-21
58862 39.97 43.98 2.21e-21
58892 52.98 41.06 1.83e-21
60557 -6.40 50.33 1.93e-21
60587 8.91 53.78 1.83e-21
60617 26.00 55.00 1.85e-21
60647 43.09 53.78 1.90e-21
60677 58.40 50.33 1.81e-21
62342 -15.44 58.88 1.81e-21
62372 3.23 63.34 1.90e-21
62402 26.00 65.00 1.91e-21
62432 48.77 63.34 1.93e-21
62462 67.44 58.88 1.68e-21
64220 -31.03 65.94 1.66e-21
64250 -8.83 72.30 1.76e-21
64280 26.00 75.00 1.90e-21
64310 60.83 72.30 1.79e-21
64340 83.03 65.94 1.61e-21
