65006 73.24 61.42 1.29e-19 0.95725
65000 64.69 66.09 1.51e-19 1.00292
65003 69.32 63.82 1.41e-19 0.98541
63197 -35.09 66.19 1.51e-19 1.00276
64142 -154.30 75.50 9.94e-20 0.86655
63191 -39.22 67.15 1.50e-19 1.00092
65213 -57.99 77.44 1.54e-19 1.00609
65210 -61.92 74.59 1.47e-19 0.99618
65294 86.94 86.84 1.58e-19 1.00931
65291 15.00 89.00 1.59e-19 1.00945
65288 -56.94 86.84 1.58e-19 1.00931
65075 -57.47 61.57 1.12e-19 0.90826
62987 15.00 -74.00 -2.36e-20 -0.02365
65072 81.77 60.39 1.14e-19 0.91651
65486 -149.69 78.56 1.14e-19 0.91645
65069 78.69 63.02 1.28e-19 0.95504
65420 135.13 79.58 1.33e-19 0.96763
62981 15.00 -90.00 -8.42e-20 -0.08420
65483 -136.50 77.35 1.12e-19 0.90836
65156 -25.98 80.83 1.65e-19 0.99977
65426 125.59 73.95 1.19e-19 0.92993
65480 -126.21 75.54 1.07e-19 0.89396
63281 -2.95 47.55 1.13e-19 0.91075
63287 -1.51 45.84 1.05e-19 0.88752
65150 -45.89 76.23 1.59e-19 1.00940
65390 -91.61 68.04 9.90e-20 0.86502
63227 -18.77 60.10 1.49e-19 1.00015
65393 -93.21 71.02 1.10e-19 0.90119
65396 -95.59 73.95 1.19e-19 0.92993
63221 -21.51 61.46 1.51e-19 1.00238
63443 45.48 49.24 1.11e-19 0.90515
64046 20.50 70.00 1.62e-19 0.94282
64082 20.50 48.00 1.19e-19 0.93157
64043 20.50 72.00 1.59e-19 0.91914
64040 20.50 74.00 1.56e-19 0.90370
64781 -30.59 55.29 1.21e-19 0.93511
64778 -34.18 53.14 1.07e-19 0.89410
64784 -26.57 57.31 1.33e-19 0.96761
64079 20.50 50.00 1.28e-19 0.95601
64787 -22.08 59.16 1.44e-19 0.99061
64919 -2.88 70.09 1.65e-19 0.96922
64925 15.00 71.00 1.60e-19 0.92524
64922 5.86 70.77 1.62e-19 0.94160
64439 54.68 50.43 1.07e-19 0.89202
64445 61.37 46.31 8.08e-20 0.79406
64442 58.18 48.44 9.40e-20 0.84659
63119 -95.35 67.98 9.53e-20 0.85161
63125 -90.61 68.69 1.03e-19 0.87776
63377 68.74 63.99 1.42e-19 0.98760
64544 53.49 54.84 1.27e-19 0.95181
64187 23.29 43.52 9.78e-20 0.86055
64325 -18.58 49.61 1.10e-19 0.90102
63776 -159.50 74.00 9.18e-20 0.83814
64181 15.00 44.00 1.01e-19 0.87274
64178 10.84 43.88 1.00e-19 0.86973
64184 19.16 43.88 1.00e-19 0.86973
64013 -159.50 88.00 1.51e-19 1.00301
64250 37.26 46.89 1.07e-19 0.89190
64253 41.20 45.58 9.77e-20 0.86028
64073 20.50 54.00 1.44e-19 0.99167
64070 20.50 56.00 1.51e-19 1.00244
65246 94.74 71.70 1.38e-19 0.97839
65492 179.69 78.56 1.14e-19 0.91645
65243 91.92 74.59 1.47e-19 0.99618
65495 166.50 77.35 1.12e-19 0.90836
64076 20.50 52.00 1.37e-19 0.97612
65240 87.99 77.44 1.54e-19 1.00609
64208 23.74 46.51 1.12e-19 0.90840
64457 -27.42 52.92 1.15e-19 0.91680
65177 81.53 73.61 1.52e-19 1.00449
64166 11.03 40.88 8.60e-20 0.81537
64163 15.00 38.00 7.27e-20 0.75869
65171 67.87 78.68 1.63e-19 1.00696
64094 20.50 40.00 8.16e-20 0.79731
65174 75.89 76.23 1.59e-19 1.00940
64160 15.00 35.00 5.95e-20 0.69429
65387 -90.51 65.03 8.76e-20 0.82189
63257 -9.72 54.13 1.36e-19 0.97516
65297 96.36 83.93 1.56e-19 1.00819
63251 -11.73 55.69 1.40e-19 0.98448
65381 113.36 62.69 8.53e-20 0.81285
65384 113.42 59.64 7.27e-20 0.75880
65357 139.00 86.38 1.50e-19 1.00186
65348 -94.24 83.64 1.48e-19 0.99809
65351 -109.00 86.38 1.50e-19 1.00186
64091 20.50 42.00 9.11e-20 0.83557
65354 -165.00 88.00 1.51e-19 1.00298
63179 -48.39 68.69 1.45e-19 0.99328
63185 -43.65 67.98 1.48e-19 0.99778
63323 105.02 69.92 1.22e-19 0.93992
65342 -86.22 77.76 1.38e-19 0.97830
65345 -88.82 80.73 1.44e-19 0.99072
65339 -84.82 74.77 1.30e-19 0.95974
65045 15.00 77.00 1.60e-19 0.92524
65042 1.88 76.67 1.62e-19 0.94162
65039 -10.07 75.72 1.65e-19 0.96921
63407 54.89 57.20 1.34e-19 0.97072
65423 129.24 76.82 1.27e-19 0.95191
64823 52.08 59.16 1.44e-19 0.99061
65489 -165.00 79.00 1.15e-19 0.91937
64820 47.07 60.82 1.52e-19 1.00440
64967 -29.19 68.20 1.59e-19 1.00942
64964 -34.69 66.09 1.51e-19 1.00292
63401 57.23 58.68 1.37e-19 0.97738
63095 40.40 47.00 1.05e-19 0.88579
64961 -39.32 63.82 1.41e-19 0.98541
64958 -43.24 61.42 1.29e-19 0.95725
64826 56.57 57.31 1.33e-19 0.96761
65063 70.62 68.01 1.50e-19 1.00185
65126 84.80 64.32 1.25e-19 0.94778
65060 65.21 70.32 1.58e-19 1.00934
65123 81.58 67.01 1.37e-19 0.97785
65066 75.03 65.56 1.40e-19 0.98354
65120 77.61 69.63 1.48e-19 0.99810
64592 57.42 52.92 1.15e-19 0.91680
64499 49.14 56.59 1.38e-19 0.97827
65519 -154.87 72.69 8.59e-20 0.81519
65522 -165.00 73.00 8.68e-20 0.81870
65525 -175.13 72.69 8.59e-20 0.81519
63293 -0.15 44.10 9.79e-20 0.86113
64055 20.50 64.00 1.65e-19 0.99625
64052 20.50 66.00 1.65e-19 0.98261
64466 -14.37 58.15 1.47e-19 0.99621
64049 20.50 68.00 1.64e-19 0.96460
64463 -19.14 56.59 1.38e-19 0.97827
64460 -23.49 54.84 1.27e-19 0.95181
64889 60.17 59.65 1.37e-19 0.97791
64895 67.82 55.26 1.12e-19 0.90815
64892 64.24 57.52 1.25e-19 0.94769
65225 -22.03 85.01 1.63e-19 1.00588
64376 58.87 43.83 7.27e-20 0.75881
64004 -159.50 82.00 1.29e-19 0.95756
64370 52.30 47.83 9.77e-20 0.86019
64007 -159.50 84.00 1.37e-19 0.97736
64373 55.72 45.90 8.53e-20 0.81266
64229 5.74 49.49 1.25e-19 0.94775
64235 15.00 50.00 1.29e-19 0.95728
64232 10.34 49.87 1.28e-19 0.95488
64109 -154.30 85.50 1.43e-19 0.98953
64115 -154.30 83.50 1.35e-19 0.97339
64112 -154.30 84.50 1.39e-19 0.98204
63809 -159.50 76.00 1.01e-19 0.87333
64283 15.00 53.00 1.41e-19 0.98542
64280 10.03 52.87 1.40e-19 0.98372
64286 19.97 52.87 1.40e-19 0.98372
65312 105.25 69.00 1.19e-19 0.92989
65315 106.03 66.00 1.07e-19 0.89212
65309 104.36 72.00 1.30e-19 0.95980
65306 103.29 74.99 1.39e-19 0.98165
65198 -70.10 62.89 1.01e-19 0.87334
65201 -68.64 65.84 1.15e-19 0.91673
65204 -66.90 68.78 1.27e-19 0.95193
65207 -64.74 71.70 1.38e-19 0.97839
65300 99.91 80.96 1.52e-19 1.00444
65303 101.91 77.98 1.47e-19 0.99619
65078 -54.80 64.32 1.25e-19 0.94778
65081 -51.58 67.01 1.37e-19 0.97785
65411 -165.00 85.00 1.41e-19 0.98542
65084 -47.61 69.63 1.48e-19 0.99810
65087 -42.61 72.15 1.56e-19 1.00818
64859 -7.85 66.25 1.65e-19 0.99979
64865 7.04 67.80 1.65e-19 0.96920
65417 145.34 82.12 1.37e-19 0.97795
63329 99.62 69.66 1.27e-19 0.95213
63335 94.39 69.25 1.31e-19 0.96242
63449 43.95 47.55 1.05e-19 0.88428
63455 42.51 45.84 9.79e-20 0.86094
64994 52.64 70.09 1.64e-19 1.00460
64988 35.87 72.94 1.64e-19 0.96192
64991 44.88 71.70 1.65e-19 0.98864
63215 -24.50 62.76 1.52e-19 1.00363
65153 -37.87 78.68 1.63e-19 1.00696
64997 59.19 68.20 1.59e-19 1.00942
63209 -27.74 63.99 1.52e-19 1.00414
64934 40.90 69.01 1.65e-19 0.99202
64016 14.04 90.00 1.56e-19 1.00854
64931 32.88 70.09 1.65e-19 0.96922
63431 48.85 52.53 1.22e-19 0.93878
64928 24.14 70.77 1.62e-19 0.94160
64010 -159.50 86.00 1.45e-19 0.99258
63473 -159.50 70.00 7.29e-20 0.75957
64937 48.05 67.59 1.63e-19 1.00586
63437 47.11 50.90 1.17e-19 0.92327
65132 -65.42 59.53 9.35e-20 0.84480
65135 -63.62 62.41 1.07e-19 0.89385
65129 87.47 61.57 1.12e-19 0.90826
64772 64.20 48.66 8.78e-20 0.82270
64775 -37.39 50.87 9.35e-20 0.84507
64415 15.00 59.00 1.59e-19 1.00945
64412 9.19 58.85 1.58e-19 1.00932
64409 3.49 58.40 1.56e-19 1.00821
63137 -80.38 69.66 1.16e-19 0.92165
63131 -85.61 69.25 1.10e-19 0.90096
64316 -22.30 47.83 9.77e-20 0.86019
64313 -25.72 45.90 8.53e-20 0.81266
64310 -28.87 43.83 7.27e-20 0.75881
63155 -64.02 69.92 1.33e-19 0.96837
63149 -69.50 70.00 1.28e-19 0.95537
64259 -20.22 45.15 8.76e-20 0.82192
64265 -12.75 48.42 1.10e-19 0.90100
64262 -16.62 46.88 9.90e-20 0.86517
65327 -83.36 62.69 8.53e-20 0.81285
57281 15.00 -74.00 -2.36e-20 -0.02365
64100 -154.30 88.50 1.53e-19 1.00492
64103 -154.30 87.50 1.50e-19 1.00099
65237 82.04 80.22 1.59e-19 1.00942
65234 71.87 82.83 1.62e-19 1.00838
64106 -154.30 86.50 1.46e-19 0.99586
65231 52.03 85.01 1.63e-19 1.00588
65228 15.00 86.00 1.64e-19 1.00462
65267 -76.03 66.00 1.07e-19 0.89212
64088 20.50 44.00 1.01e-19 0.87098
64193 2.01 45.89 1.07e-19 0.89383
64190 -2.11 45.05 1.01e-19 0.87355
64157 -154.30 77.50 1.09e-19 0.89900
64154 -154.30 71.50 8.04e-20 0.79242
64151 -154.30 72.50 8.51e-20 0.81197
64148 -154.30 73.50 8.99e-20 0.83088
64196 6.26 46.51 1.12e-19 0.90840
64982 15.00 74.00 1.52e-19 0.87959
64985 25.77 73.73 1.60e-19 0.92525
65369 114.82 74.77 1.30e-19 0.95974
64979 4.23 73.73 1.60e-19 0.92525
65375 113.60 68.75 1.10e-19 0.90109
65372 114.03 71.77 1.20e-19 0.93429
65366 116.22 77.76 1.38e-19 0.97830
65360 124.24 83.64 1.48e-19 0.99809
65363 118.82 80.73 1.44e-19 0.99072
65459 174.45 81.43 1.28e-19 0.95503
65462 158.42 79.90 1.25e-19 0.94772
65465 147.41 77.77 1.21e-19 0.93525
63173 -53.39 69.25 1.42e-19 0.98699
65036 -20.23 74.26 1.65e-19 0.99202
65270 -75.25 69.00 1.19e-19 0.92989
65273 -74.36 72.00 1.30e-19 0.95980
64952 71.94 57.20 1.15e-19 0.91656
65276 -73.29 74.99 1.39e-19 0.98165
65030 -35.21 70.32 1.58e-19 1.00934
65033 -28.52 72.43 1.63e-19 1.00587
64808 22.07 64.82 1.65e-19 0.99203
64811 28.94 64.29 1.65e-19 0.99978
65501 148.54 73.33 1.01e-19 0.87341
63353 80.22 67.15 1.39e-19 0.98184
64817 41.53 62.26 1.59e-19 1.00946
63389 62.51 61.46 1.41e-19 0.98519
63395 59.77 60.10 1.39e-19 0.98203
65507 -152.81 75.64 1.00e-19 0.86952
65054 50.23 74.26 1.65e-19 0.99202
65096 -16.27 78.38 1.65e-19 0.98492
65051 40.07 75.72 1.65e-19 0.96921
65048 28.12 76.67 1.62e-19 0.94162
65090 -36.13 74.51 1.62e-19 1.00837
65093 -27.58 76.63 1.65e-19 0.99977
65057 58.52 72.43 1.63e-19 1.00587
64496 44.37 58.15 1.47e-19 0.99621
64490 33.56 60.56 1.59e-19 1.00945
64493 39.17 59.48 1.54e-19 1.00608
63305 121.38 69.66 1.06e-19 0.88848
63299 126.61 69.25 9.95e-20 0.86673
64058 20.50 62.00 1.63e-19 1.00518
64061 20.50 60.00 1.60e-19 1.00923
64067 20.50 58.00 1.56e-19 1.00832
64802 7.93 64.82 1.65e-19 0.99203
64805 15.00 65.00 1.65e-19 0.98864
64799 1.06 64.29 1.65e-19 0.99978
64907 -29.72 63.95 1.50e-19 1.00188
64904 -34.39 61.83 1.40e-19 0.98355
64898 -41.94 57.20 1.15e-19 0.91656
64901 -38.43 59.57 1.28e-19 0.95484
64829 60.59 55.29 1.21e-19 0.93511
64379 -31.37 46.31 8.08e-20 0.79406
64367 48.58 49.61 1.10e-19 0.90102
64364 44.55 51.21 1.20e-19 0.93424
64361 40.23 52.61 1.30e-19 0.95974
64358 35.61 53.80 1.38e-19 0.97844
63371 72.27 65.14 1.42e-19 0.98695
63101 -146.50 74.10 9.41e-20 0.84702
63107 41.70 76.00 1.65e-19 0.97315
63968 -159.50 80.00 1.20e-19 0.93341
64343 9.65 55.86 1.50e-19 1.00191
63365 76.09 66.19 1.41e-19 0.98494
64247 33.10 47.99 1.15e-19 0.91687
64340 4.38 55.44 1.48e-19 0.99820
64244 28.75 48.86 1.21e-19 0.93530
64238 19.66 49.87 1.28e-19 0.95488
64346 15.00 56.00 1.51e-19 1.00298
64241 24.26 49.49 1.25e-19 0.94775
64268 -8.62 49.77 1.19e-19 0.92993
64271 -4.25 50.90 1.27e-19 0.95175
64274 0.34 51.81 1.33e-19 0.96765
64277 5.12 52.47 1.37e-19 0.97800
65264 -76.74 62.99 9.40e-20 0.84658
65261 -77.40 59.97 8.08e-20 0.79405
65258 101.35 59.93 8.78e-20 0.82269
65324 -83.42 59.64 7.27e-20 0.75880
65321 107.40 59.97 8.08e-20 0.79405
65318 106.74 62.99 9.40e-20 0.84658
64145 -154.30 74.50 9.47e-20 0.84909
65189 93.62 62.41 1.07e-19 0.89385
65195 -71.35 59.93 8.78e-20 0.82269
64139 -154.30 76.50 1.04e-19 0.88320
65441 -105.01 72.61 1.07e-19 0.89203
65438 -101.49 69.80 9.77e-20 0.86039
65444 -110.04 75.29 1.15e-19 0.91678
65447 -117.41 77.77 1.21e-19 0.93525
63341 89.39 68.69 1.34e-19 0.97070
63347 84.65 67.98 1.37e-19 0.97705
65018 -45.03 65.56 1.40e-19 0.98354
65027 -40.62 68.01 1.50e-19 1.00185
65159 -8.31 82.40 1.65e-19 0.99202
63239 -16.23 58.68 1.47e-19 0.99668
63245 -13.89 57.20 1.44e-19 0.99138
65165 38.31 82.40 1.65e-19 0.99202
63419 50.72 54.13 1.27e-19 0.95185
64943 59.72 63.95 1.50e-19 1.00188
64946 64.39 61.83 1.40e-19 0.98355
64847 -30.17 59.65 1.37e-19 0.97791
65141 -58.92 68.10 1.33e-19 0.96756
65138 -61.49 65.27 1.21e-19 0.93514
64838 67.39 50.87 9.35e-20 0.84507
64841 -37.82 55.26 1.12e-19 0.90815
64844 -34.24 57.52 1.25e-19 0.94769
64478 8.63 61.84 1.63e-19 1.00589
64481 15.00 62.00 1.64e-19 1.00462
64484 21.37 61.84 1.63e-19 1.00589
64487 27.59 61.35 1.62e-19 1.00838
64421 26.51 58.40 1.56e-19 1.00821
64424 32.00 57.66 1.52e-19 1.00445
64853 -20.33 63.41 1.56e-19 1.00817
64850 -25.56 61.63 1.48e-19 0.99821
64856 -14.43 64.97 1.62e-19 1.00840
63143 -74.98 69.92 1.22e-19 0.94003
64307 50.22 45.15 8.76e-20 0.82192
64298 38.62 49.77 1.19e-19 0.92993
64301 42.75 48.42 1.10e-19 0.90100
64304 46.62 46.88 9.90e-20 0.86517
64874 30.65 67.20 1.65e-19 0.98492
64868 15.00 68.00 1.64e-19 0.96193
64871 22.96 67.80 1.65e-19 0.96920
64877 37.85 66.25 1.65e-19 0.99979
64022 20.50 86.00 1.64e-19 1.00471
64025 20.50 84.00 1.65e-19 0.99544
64397 -16.66 53.94 1.30e-19 0.95990
64019 20.50 88.00 1.61e-19 1.00910
64394 -20.85 52.27 1.19e-19 0.92989
64388 -28.18 48.44 9.40e-20 0.84659
64391 -24.68 50.43 1.07e-19 0.89202
64214 32.11 45.05 1.01e-19 0.87355
64097 -154.30 89.50 1.55e-19 1.00764
64211 27.99 45.89 1.07e-19 0.89383
65219 -52.04 80.22 1.59e-19 1.00942
64217 -11.20 45.58 9.77e-20 0.86028
65222 -41.87 82.83 1.62e-19 1.00838
64427 37.23 56.66 1.47e-19 0.99624
64199 10.61 46.88 1.15e-19 0.91676
64202 15.00 47.00 1.15e-19 0.91937
64205 19.39 46.88 1.15e-19 0.91676
64976 -5.87 72.94 1.64e-19 0.96192
64973 -14.88 71.70 1.65e-19 0.98864
64970 -22.64 70.09 1.64e-19 1.00460
65450 -128.42 79.90 1.25e-19 0.94772
65453 -144.45 81.43 1.28e-19 0.95503
65162 15.00 83.00 1.65e-19 0.98864
63203 -31.27 65.14 1.52e-19 1.00388
65279 -71.91 77.98 1.47e-19 0.99619
65285 -66.36 83.93 1.56e-19 1.00819
65282 -69.91 80.96 1.52e-19 1.00444
65471 135.01 72.61 1.07e-19 0.89203
65468 140.04 75.29 1.15e-19 0.91678
65474 131.49 69.80 9.77e-20 0.86039
65477 -118.54 73.33 1.01e-19 0.87341
62993 15.00 -90.00 -8.42e-20 -0.08420
64940 54.30 65.88 1.58e-19 1.00928
65099 -1.81 79.57 1.65e-19 0.96921
65105 31.81 79.57 1.65e-19 0.96921
65102 15.00 80.00 1.64e-19 0.96193
64688 60.98 50.85 1.01e-19 0.87337
65405 -115.34 82.12 1.37e-19 0.97795
65402 -105.13 79.58 1.33e-19 0.96763
65399 -99.24 76.82 1.27e-19 0.95191
63269 -6.11 50.90 1.26e-19 0.94865
63275 -4.48 49.24 1.19e-19 0.93122
64037 20.50 76.00 1.59e-19 0.91755
64034 20.50 78.00 1.62e-19 0.94119
64028 20.50 82.00 1.65e-19 0.98149
64031 20.50 80.00 1.64e-19 0.96319
64916 -10.90 69.01 1.65e-19 0.99202
64793 -11.53 62.26 1.59e-19 1.00946
64790 -17.07 60.82 1.52e-19 1.00440
64910 -24.30 65.88 1.58e-19 1.00928
64913 -18.05 67.59 1.63e-19 1.00586
64796 -5.47 63.42 1.63e-19 1.00694
65144 -55.70 70.89 1.44e-19 0.99077
64430 42.12 55.41 1.39e-19 0.98175
64433 46.66 53.94 1.30e-19 0.95990
64349 20.35 55.86 1.50e-19 1.00191
64352 25.62 55.44 1.48e-19 0.99820
64355 30.72 54.74 1.44e-19 0.99064
63383 65.50 62.76 1.42e-19 0.98697
63113 -138.30 76.00 1.05e-19 0.88636
64436 50.85 52.27 1.19e-19 0.92989
64334 -5.61 53.80 1.38e-19 0.97844
65504 -141.78 74.62 9.77e-20 0.86024
64331 -10.23 52.61 1.30e-19 0.95974
64328 -14.55 51.21 1.20e-19 0.93424
64169 15.00 41.00 8.68e-20 0.81870
64172 18.97 40.88 8.60e-20 0.81537
64175 6.71 43.52 9.78e-20 0.86055
64337 -0.72 54.74 1.44e-19 0.99064
64814 35.47 63.42 1.63e-19 1.00694
65147 -51.53 73.61 1.52e-19 1.00449
65249 96.90 68.78 1.27e-19 0.95193
64085 20.50 46.00 1.10e-19 0.90310
65336 -84.03 71.77 1.20e-19 0.93429
65252 98.64 65.84 1.15e-19 0.91673
65255 100.10 62.89 1.01e-19 0.87334
65330 -83.40 65.72 9.77e-20 0.86036
65333 -83.60 68.75 1.10e-19 0.90109
64418 20.81 58.85 1.58e-19 1.00932
64133 -154.30 79.50 1.18e-19 0.92785
65186 91.49 65.27 1.21e-19 0.93514
64136 -154.30 78.50 1.14e-19 0.91390
65183 88.92 68.10 1.33e-19 0.96756
65180 85.70 70.89 1.44e-19 0.99077
65192 95.42 59.53 9.35e-20 0.84480
65414 164.13 84.15 1.40e-19 0.98373
65432 121.61 68.04 9.90e-20 0.86502
65435 120.51 65.03 8.76e-20 0.82189
63263 -7.85 52.53 1.31e-19 0.96323
65429 123.21 71.02 1.10e-19 0.90119
65408 -134.13 84.15 1.40e-19 0.98373
63317 110.50 70.00 1.17e-19 0.92513
63311 115.98 69.92 1.12e-19 0.90823
65009 76.59 58.92 1.15e-19 0.91920
65015 -48.69 63.02 1.28e-19 0.95504
65012 -51.77 60.39 1.14e-19 0.91651
65528 -165.00 70.00 7.27e-20 0.75869
65531 -165.00 67.00 5.95e-20 0.69429
63413 52.73 55.69 1.31e-19 0.96247
64955 -46.59 58.92 1.15e-19 0.91920
64949 68.43 59.57 1.28e-19 0.95484
65111 57.58 76.63 1.65e-19 0.99977
65168 55.98 80.83 1.65e-19 0.99977
65108 46.27 78.38 1.65e-19 0.98492
65114 66.13 74.51 1.62e-19 1.00837
65117 72.61 72.15 1.56e-19 1.00818
64862 -0.65 67.20 1.65e-19 0.98492
64835 64.18 53.14 1.07e-19 0.89410
65456 -165.00 82.00 1.29e-19 0.95728
64469 -9.17 59.48 1.54e-19 1.00608
64475 2.41 61.35 1.62e-19 1.00838
64472 -3.56 60.56 1.59e-19 1.00945
65513 -177.19 75.64 1.00e-19 0.86952
65510 -165.00 76.00 1.01e-19 0.87274
65516 171.78 74.62 9.77e-20 0.86024
64451 -34.20 48.66 8.78e-20 0.82270
64454 -30.98 50.85 1.01e-19 0.87337
63905 -159.50 78.00 1.11e-19 0.90522
64289 24.88 52.47 1.37e-19 0.97800
64295 34.25 50.90 1.27e-19 0.95175
64292 29.66 51.81 1.33e-19 0.96765
64883 50.33 63.41 1.56e-19 1.00817
64880 44.43 64.97 1.62e-19 1.00840
65498 156.21 75.54 1.07e-19 0.89396
63584 -159.50 72.00 8.22e-20 0.80007
64886 55.56 61.63 1.48e-19 0.99821
64406 -2.00 57.66 1.52e-19 1.00445
65378 113.40 65.72 9.77e-20 0.86036
64403 -7.23 56.66 1.47e-19 0.99624
64400 -12.12 55.41 1.39e-19 0.98175
64223 -3.10 47.99 1.15e-19 0.91687
64220 -7.26 46.89 1.07e-19 0.89190
64118 -154.30 82.50 1.31e-19 0.96362
64121 -154.30 81.50 1.27e-19 0.95275
64226 1.25 48.86 1.21e-19 0.93530
64124 -154.30 80.50 1.23e-19 0.94081
63161 -58.62 69.66 1.38e-19 0.97870
