65006 73.24 61.42 1.43e-19 1.01957
65000 64.69 66.09 1.56e-19 0.97087
65003 69.32 63.82 1.50e-19 0.99342
63197 -35.09 66.19 1.56e-19 0.97112
64142 -154.30 75.50 1.23e-19 1.08923
63191 -39.22 67.15 1.56e-19 0.97436
65213 -57.99 77.44 1.58e-19 0.96479
65210 -61.92 74.59 1.54e-19 0.98090
65294 86.94 86.84 1.61e-19 0.95353
65291 15.00 89.00 1.61e-19 0.95167
65288 -56.94 86.84 1.61e-19 0.95353
65075 -57.47 61.57 1.32e-19 1.05827
62987 15.00 -74.00 5.31e-20 0.05308
65072 81.77 60.39 1.33e-19 1.05185
65486 -149.69 78.56 1.33e-19 1.05182
65069 78.69 63.02 1.42e-19 1.02164
65420 135.13 79.58 1.45e-19 1.01061
62981 15.00 -90.00 1.05e-19 0.10521
65483 -136.50 77.35 1.32e-19 1.05834
65156 -25.98 80.83 1.65e-19 0.92993
65426 125.59 73.95 1.36e-19 1.04172
65480 -126.21 75.54 1.29e-19 1.06892
63281 -2.95 47.55 1.32e-19 1.05621
63287 -1.51 45.84 1.27e-19 1.07386
65150 -45.89 76.23 1.61e-19 0.95214
65390 -91.61 68.04 1.23e-19 1.09031
63227 -18.77 60.10 1.55e-19 0.97545
65393 -93.21 71.02 1.30e-19 1.06375
65396 -95.59 73.95 1.36e-19 1.04172
63221 -21.51 61.46 1.56e-19 0.97185
63443 45.48 49.24 1.31e-19 1.06047
64046 20.50 70.00 1.64e-19 0.90614
64082 20.50 48.00 1.37e-19 1.04041
64043 20.50 72.00 1.63e-19 0.90163
64040 20.50 74.00 1.61e-19 0.89935
64781 -30.59 55.29 1.37e-19 1.03752
64778 -34.18 53.14 1.29e-19 1.06901
64784 -26.57 57.31 1.45e-19 1.01060
64079 20.50 50.00 1.42e-19 1.02067
64787 -22.08 59.16 1.52e-19 0.98751
64919 -2.88 70.09 1.65e-19 0.91346
64925 15.00 71.00 1.63e-19 0.90266
64922 5.86 70.77 1.64e-19 0.90587
64439 54.68 50.43 1.28e-19 1.07042
64445 61.37 46.31 1.09e-19 1.14343
64442 58.18 48.44 1.19e-19 1.10418
63119 -95.35 67.98 1.20e-19 1.10024
63125 -90.61 68.69 1.25e-19 1.08117
63377 68.74 63.99 1.51e-19 0.99107
64544 53.49 54.84 1.41e-19 1.02405
64187 23.29 43.52 1.22e-19 1.09382
64325 -18.58 49.61 1.30e-19 1.06363
63776 -159.50 74.00 1.18e-19 1.11024
64181 15.00 44.00 1.24e-19 1.08466
64178 10.84 43.88 1.24e-19 1.08695
64184 19.16 43.88 1.24e-19 1.08695
64013 -159.50 88.00 1.56e-19 0.97085
64250 37.26 46.89 1.28e-19 1.07033
64253 41.20 45.58 1.22e-19 1.09363
64073 20.50 54.00 1.52e-19 0.98650
64070 20.50 56.00 1.56e-19 0.97182
65246 94.74 71.70 1.48e-19 1.00062
65492 179.69 78.56 1.33e-19 1.05182
65243 91.92 74.59 1.54e-19 0.98090
65495 166.50 77.35 1.32e-19 1.05834
64076 20.50 52.00 1.48e-19 1.00274
65240 87.99 77.44 1.58e-19 0.96479
64208 23.74 46.51 1.32e-19 1.05837
64457 -27.42 52.92 1.33e-19 1.05179
65177 81.53 73.61 1.57e-19 0.96818
64166 11.03 40.88 1.13e-19 1.12719
64163 15.00 38.00 1.03e-19 1.17091
65171 67.87 78.68 1.64e-19 0.93939
64094 20.50 40.00 1.10e-19 1.14091
65174 75.89 76.23 1.61e-19 0.95214
64160 15.00 35.00 9.20e-20 1.22417
65387 -90.51 65.03 1.15e-19 1.12218
63257 -9.72 54.13 1.47e-19 1.00375
65297 96.36 83.93 1.59e-19 0.95904
63251 -11.73 55.69 1.50e-19 0.99455
65381 113.36 62.69 1.13e-19 1.12933
65384 113.42 59.64 1.03e-19 1.17101
65357 139.00 86.38 1.56e-19 0.97275
65348 -94.24 83.64 1.54e-19 0.97830
65351 -109.00 86.38 1.56e-19 0.97275
64091 20.50 42.00 1.17e-19 1.11215
65354 -165.00 88.00 1.56e-19 0.97091
63179 -48.39 68.69 1.53e-19 0.98465
63185 -43.65 67.98 1.54e-19 0.97883
63323 105.02 69.92 1.39e-19 1.03399
65342 -86.22 77.76 1.48e-19 1.00056
65345 -88.82 80.73 1.52e-19 0.98758
65339 -84.82 74.77 1.43e-19 1.01743
65045 15.00 77.00 1.63e-19 0.90266
65042 1.88 76.67 1.64e-19 0.90588
65039 -10.07 75.72 1.65e-19 0.91346
63407 54.89 57.20 1.46e-19 1.00766
65423 129.24 76.82 1.41e-19 1.02411
64823 52.08 59.16 1.52e-19 0.98751
65489 -165.00 79.00 1.34e-19 1.04982
64820 47.07 60.82 1.57e-19 0.96813
64967 -29.19 68.20 1.61e-19 0.95165
64964 -34.69 66.09 1.56e-19 0.97087
63401 57.23 58.68 1.48e-19 1.00169
63095 40.40 47.00 1.27e-19 1.07500
64961 -39.32 63.82 1.50e-19 0.99342
64958 -43.24 61.42 1.43e-19 1.01957
64826 56.57 57.31 1.45e-19 1.01060
65063 70.62 68.01 1.56e-19 0.97275
65126 84.80 64.32 1.40e-19 1.02758
65060 65.21 70.32 1.61e-19 0.95354
65123 81.58 67.01 1.48e-19 1.00102
65066 75.03 65.56 1.50e-19 0.99529
65120 77.61 69.63 1.54e-19 0.97830
64592 57.42 52.92 1.33e-19 1.05179
64499 49.14 56.59 1.48e-19 1.00055
65519 -154.87 72.69 1.13e-19 1.12704
65522 -165.00 73.00 1.14e-19 1.12475
65525 -175.13 72.69 1.13e-19 1.12704
63293 -0.15 44.10 1.22e-19 1.09338
64055 20.50 64.00 1.65e-19 0.92696
64052 20.50 66.00 1.66e-19 0.91887
64466 -14.37 58.15 1.54e-19 0.98091
64049 20.50 68.00 1.65e-19 0.91193
64463 -19.14 56.59 1.48e-19 1.00055
64460 -23.49 54.84 1.41e-19 1.02405
64889 60.17 59.65 1.48e-19 1.00105
64895 67.82 55.26 1.32e-19 1.05820
64892 64.24 57.52 1.40e-19 1.02753
65225 -22.03 85.01 1.64e-19 0.93735
64376 58.87 43.83 1.03e-19 1.17102
64004 -159.50 82.00 1.43e-19 1.01936
64370 52.30 47.83 1.22e-19 1.09357
64007 -159.50 84.00 1.48e-19 1.00155
64373 55.72 45.90 1.13e-19 1.12917
64229 5.74 49.49 1.40e-19 1.02757
64235 15.00 50.00 1.43e-19 1.01959
64232 10.34 49.87 1.42e-19 1.02154
64109 -154.30 85.50 1.51e-19 0.98895
64115 -154.30 83.50 1.47e-19 1.00532
64112 -154.30 84.50 1.49e-19 0.99693
63809 -159.50 76.00 1.24e-19 1.08422
64283 15.00 53.00 1.50e-19 0.99343
64280 10.03 52.87 1.50e-19 0.99539
64286 19.97 52.87 1.50e-19 0.99539
65312 105.25 69.00 1.36e-19 1.04169
65315 106.03 66.00 1.28e-19 1.07048
65309 104.36 72.00 1.43e-19 1.01747
65306 103.29 74.99 1.49e-19 0.99725
65198 -70.10 62.89 1.24e-19 1.08401
65201 -68.64 65.84 1.33e-19 1.05174
65204 -66.90 68.78 1.41e-19 1.02412
65207 -64.74 71.70 1.48e-19 1.00062
65300 99.91 80.96 1.57e-19 0.96816
65303 101.91 77.98 1.54e-19 0.98090
65078 -54.80 64.32 1.40e-19 1.02758
65081 -51.58 67.01 1.48e-19 1.00102
65411 -165.00 85.00 1.50e-19 0.99343
65084 -47.61 69.63 1.54e-19 0.97830
65087 -42.61 72.15 1.59e-19 0.95903
64859 -7.85 66.25 1.65e-19 0.92995
64865 7.04 67.80 1.65e-19 0.91346
65417 145.34 82.12 1.48e-19 1.00107
63329 99.62 69.66 1.41e-19 1.02382
63335 94.39 69.25 1.44e-19 1.01518
63449 43.95 47.55 1.27e-19 1.07596
63455 42.51 45.84 1.22e-19 1.09352
64994 52.64 70.09 1.64e-19 0.93543
64988 35.87 72.94 1.65e-19 0.91110
64991 44.88 71.70 1.66e-19 0.92198
63215 -24.50 62.76 1.57e-19 0.96963
65153 -37.87 78.68 1.64e-19 0.93939
64997 59.19 68.20 1.61e-19 0.95165
63209 -27.74 63.99 1.57e-19 0.96881
64934 40.90 69.01 1.65e-19 0.92401
64016 14.04 90.00 1.60e-19 0.95774
64931 32.88 70.09 1.65e-19 0.91346
63431 48.85 52.53 1.38e-19 1.03465
64928 24.14 70.77 1.64e-19 0.90587
64010 -159.50 86.00 1.52e-19 0.98542
63473 -159.50 70.00 1.03e-19 1.17021
64937 48.05 67.59 1.64e-19 0.93734
63437 47.11 50.90 1.35e-19 1.04671
65132 -65.42 59.53 1.19e-19 1.10522
65135 -63.62 62.41 1.29e-19 1.06884
65129 87.47 61.57 1.32e-19 1.05827
64772 64.20 48.66 1.15e-19 1.12165
64775 -37.39 50.87 1.19e-19 1.10542
64415 15.00 59.00 1.61e-19 0.95167
64412 9.19 58.85 1.61e-19 0.95353
64409 3.49 58.40 1.59e-19 0.95905
63137 -80.38 69.66 1.34e-19 1.04786
63131 -85.61 69.25 1.30e-19 1.06363
64316 -22.30 47.83 1.22e-19 1.09357
64313 -25.72 45.90 1.13e-19 1.12917
64310 -28.87 43.83 1.03e-19 1.17102
63155 -64.02 69.92 1.45e-19 1.01006
63149 -69.50 70.00 1.42e-19 1.02120
64259 -20.22 45.15 1.15e-19 1.12219
64265 -12.75 48.42 1.30e-19 1.06362
64262 -16.62 46.88 1.23e-19 1.09042
65327 -83.36 62.69 1.13e-19 1.12933
57281 15.00 -74.00 5.31e-20 0.05308
64100 -154.30 88.50 1.57e-19 0.96732
64103 -154.30 87.50 1.56e-19 0.97415
65237 82.04 80.22 1.61e-19 0.95215
65234 71.87 82.83 1.63e-19 0.94296
64106 -154.30 86.50 1.54e-19 0.98136
65231 52.03 85.01 1.64e-19 0.93735
65228 15.00 86.00 1.64e-19 0.93544
65267 -76.03 66.00 1.28e-19 1.07048
64088 20.50 44.00 1.24e-19 1.08596
64193 2.01 45.89 1.29e-19 1.06883
64190 -2.11 45.05 1.24e-19 1.08416
64157 -154.30 77.50 1.30e-19 1.06518
64154 -154.30 71.50 1.09e-19 1.14465
64151 -154.30 72.50 1.13e-19 1.12980
64148 -154.30 73.50 1.16e-19 1.11564
64196 6.26 46.51 1.32e-19 1.05837
64982 15.00 74.00 1.59e-19 0.89654
64985 25.77 73.73 1.63e-19 0.90266
65369 114.82 74.77 1.43e-19 1.01743
64979 4.23 73.73 1.63e-19 0.90266
65375 113.60 68.75 1.30e-19 1.06368
65372 114.03 71.77 1.37e-19 1.03845
65366 116.22 77.76 1.48e-19 1.00056
65360 124.24 83.64 1.54e-19 0.97830
65363 118.82 80.73 1.52e-19 0.98758
65459 174.45 81.43 1.42e-19 1.02163
65462 158.42 79.90 1.40e-19 1.02755
65465 147.41 77.77 1.37e-19 1.03761
63173 -53.39 69.25 1.51e-19 0.99175
65036 -20.23 74.26 1.65e-19 0.92401
65270 -75.25 69.00 1.36e-19 1.04169
65273 -74.36 72.00 1.43e-19 1.01747
64952 71.94 57.20 1.33e-19 1.05189
65276 -73.29 74.99 1.49e-19 0.99725
65030 -35.21 70.32 1.61e-19 0.95354
65033 -28.52 72.43 1.64e-19 0.93735
64808 22.07 64.82 1.65e-19 0.92401
64811 28.94 64.29 1.65e-19 0.92995
65501 148.54 73.33 1.24e-19 1.08406
63353 80.22 67.15 1.49e-19 0.99723
64817 41.53 62.26 1.61e-19 0.95218
63005 15.00 -90.00 1.05e-19 0.10521
63389 62.51 61.46 1.50e-19 0.99362
62999 15.00 -74.00 5.31e-20 0.05308
63395 59.77 60.10 1.49e-19 0.99696
65507 -152.81 75.64 1.24e-19 1.08680
65054 50.23 74.26 1.65e-19 0.92401
65096 -16.27 78.38 1.66e-19 0.91999
65051 40.07 75.72 1.65e-19 0.91346
65048 28.12 76.67 1.64e-19 0.90588
65090 -36.13 74.51 1.63e-19 0.94296
65093 -27.58 76.63 1.65e-19 0.92994
65057 58.52 72.43 1.64e-19 0.93735
64496 44.37 58.15 1.54e-19 0.98091
64490 33.56 60.56 1.61e-19 0.95217
64493 39.17 59.48 1.58e-19 0.96479
63017 15.00 -90.00 1.05e-19 0.10521
63305 121.38 69.66 1.27e-19 1.07277
63011 15.00 -74.00 5.31e-20 0.05308
63299 126.61 69.25 1.23e-19 1.08900
64058 20.50 62.00 1.64e-19 0.93625
64061 20.50 60.00 1.62e-19 0.94678
64067 20.50 58.00 1.60e-19 0.95861
64802 7.93 64.82 1.65e-19 0.92401
64805 15.00 65.00 1.66e-19 0.92198
64799 1.06 64.29 1.65e-19 0.92995
64907 -29.72 63.95 1.56e-19 0.97277
64904 -34.39 61.83 1.50e-19 0.99530
64898 -41.94 57.20 1.33e-19 1.05189
64901 -38.43 59.57 1.42e-19 1.02151
64829 60.59 55.29 1.37e-19 1.03752
64379 -31.37 46.31 1.09e-19 1.14343
64367 48.58 49.61 1.30e-19 1.06363
64364 44.55 51.21 1.37e-19 1.03842
64361 40.23 52.61 1.43e-19 1.01743
64358 35.61 53.80 1.48e-19 1.00065
63371 72.27 65.14 1.51e-19 0.99180
63101 -146.50 74.10 1.19e-19 1.10365
63107 41.70 76.00 1.66e-19 0.91488
63968 -159.50 80.00 1.37e-19 1.03896
64343 9.65 55.86 1.56e-19 0.97278
63365 76.09 66.19 1.50e-19 0.99378
64247 33.10 47.99 1.33e-19 1.05183
64340 4.38 55.44 1.54e-19 0.97836
64244 28.75 48.86 1.37e-19 1.03764
64238 19.66 49.87 1.42e-19 1.02154
64346 15.00 56.00 1.56e-19 0.97091
64241 24.26 49.49 1.40e-19 1.02757
64268 -8.62 49.77 1.36e-19 1.04171
64271 -4.25 50.90 1.41e-19 1.02401
64274 0.34 51.81 1.45e-19 1.01062
64277 5.12 52.47 1.48e-19 1.00110
65264 -76.74 62.99 1.19e-19 1.10417
65261 -77.40 59.97 1.09e-19 1.14343
65258 101.35 59.93 1.15e-19 1.12164
65324 -83.42 59.64 1.03e-19 1.17101
65321 107.40 59.97 1.09e-19 1.14343
65318 106.74 62.99 1.19e-19 1.10417
64145 -154.30 74.50 1.20e-19 1.10212
65189 93.62 62.41 1.29e-19 1.06884
65195 -71.35 59.93 1.15e-19 1.12164
64139 -154.30 76.50 1.26e-19 1.07692
65441 -105.01 72.61 1.28e-19 1.07042
65438 -101.49 69.80 1.22e-19 1.09371
65444 -110.04 75.29 1.33e-19 1.05177
65447 -117.41 77.77 1.37e-19 1.03761
63341 89.39 68.69 1.46e-19 1.00789
63347 84.65 67.98 1.48e-19 1.00187
65018 -45.03 65.56 1.50e-19 0.99529
65027 -40.62 68.01 1.56e-19 0.97275
65159 -8.31 82.40 1.65e-19 0.92401
63239 -16.23 58.68 1.54e-19 0.98044
63245 -13.89 57.20 1.52e-19 0.98669
65165 38.31 82.40 1.65e-19 0.92401
63419 50.72 54.13 1.41e-19 1.02423
64943 59.72 63.95 1.56e-19 0.97277
64946 64.39 61.83 1.50e-19 0.99530
64847 -30.17 59.65 1.48e-19 1.00105
65141 -58.92 68.10 1.45e-19 1.01057
65138 -61.49 65.27 1.37e-19 1.03754
64838 67.39 50.87 1.19e-19 1.10542
64841 -37.82 55.26 1.32e-19 1.05820
64844 -34.24 57.52 1.40e-19 1.02753
64478 8.63 61.84 1.64e-19 0.93736
64481 15.00 62.00 1.64e-19 0.93544
64484 21.37 61.84 1.64e-19 0.93736
64487 27.59 61.35 1.63e-19 0.94296
64421 26.51 58.40 1.59e-19 0.95905
64424 32.00 57.66 1.57e-19 0.96816
64853 -20.33 63.41 1.59e-19 0.95903
64850 -25.56 61.63 1.54e-19 0.97836
64856 -14.43 64.97 1.63e-19 0.94298
63143 -74.98 69.92 1.39e-19 1.03390
64307 50.22 45.15 1.15e-19 1.12219
64298 38.62 49.77 1.36e-19 1.04171
64301 42.75 48.42 1.30e-19 1.06362
64304 46.62 46.88 1.23e-19 1.09042
64874 30.65 67.20 1.66e-19 0.91999
64868 15.00 68.00 1.65e-19 0.91110
64871 22.96 67.80 1.65e-19 0.91346
64877 37.85 66.25 1.65e-19 0.92995
64022 20.50 86.00 1.64e-19 0.93556
64025 20.50 84.00 1.65e-19 0.92636
64397 -16.66 53.94 1.43e-19 1.01753
64019 20.50 88.00 1.62e-19 0.94600
64394 -20.85 52.27 1.36e-19 1.04169
64388 -28.18 48.44 1.19e-19 1.10418
64391 -24.68 50.43 1.28e-19 1.07042
64214 32.11 45.05 1.24e-19 1.08416
64097 -154.30 89.50 1.59e-19 0.96084
64211 27.99 45.89 1.29e-19 1.06883
65219 -52.04 80.22 1.61e-19 0.95215
64217 -11.20 45.58 1.22e-19 1.09363
65222 -41.87 82.83 1.63e-19 0.94296
64427 37.23 56.66 1.54e-19 0.98093
64199 10.61 46.88 1.33e-19 1.05202
64202 15.00 47.00 1.34e-19 1.04982
64205 19.39 46.88 1.33e-19 1.05202
64976 -5.87 72.94 1.65e-19 0.91110
64973 -14.88 71.70 1.66e-19 0.92198
64970 -22.64 70.09 1.64e-19 0.93543
65450 -128.42 79.90 1.40e-19 1.02755
65453 -144.45 81.43 1.42e-19 1.02163
65162 15.00 83.00 1.66e-19 0.92198
63203 -31.27 65.14 1.57e-19 0.96932
65279 -71.91 77.98 1.54e-19 0.98090
65285 -66.36 83.93 1.59e-19 0.95904
65282 -69.91 80.96 1.57e-19 0.96816
65471 135.01 72.61 1.28e-19 1.07042
65468 140.04 75.29 1.33e-19 1.05177
65474 131.49 69.80 1.22e-19 1.09371
65477 -118.54 73.33 1.24e-19 1.08406
62993 15.00 -90.00 1.05e-19 0.10521
64940 54.30 65.88 1.61e-19 0.95351
65099 -1.81 79.57 1.65e-19 0.91346
65105 31.81 79.57 1.65e-19 0.91346
65102 15.00 80.00 1.65e-19 0.91110
64688 60.98 50.85 1.24e-19 1.08403
65405 -115.34 82.12 1.48e-19 1.00107
65402 -105.13 79.58 1.45e-19 1.01061
65399 -99.24 76.82 1.41e-19 1.02411
63269 -6.11 50.90 1.41e-19 1.02666
63275 -4.48 49.24 1.37e-19 1.04058
64037 20.50 76.00 1.62e-19 0.90137
64034 20.50 78.00 1.64e-19 0.90578
64028 20.50 82.00 1.66e-19 0.91834
64031 20.50 80.00 1.65e-19 0.91148
64916 -10.90 69.01 1.65e-19 0.92401
64793 -11.53 62.26 1.61e-19 0.95218
64790 -17.07 60.82 1.57e-19 0.96813
64910 -24.30 65.88 1.61e-19 0.95351
64913 -18.05 67.59 1.64e-19 0.93734
64796 -5.47 63.42 1.64e-19 0.93938
65144 -55.70 70.89 1.52e-19 0.98761
64430 42.12 55.41 1.49e-19 0.99732
64433 46.66 53.94 1.43e-19 1.01753
64349 20.35 55.86 1.56e-19 0.97278
64352 25.62 55.44 1.54e-19 0.97836
64355 30.72 54.74 1.52e-19 0.98753
63383 65.50 62.76 1.51e-19 0.99165
63113 -138.30 76.00 1.27e-19 1.07458
64436 50.85 52.27 1.36e-19 1.04169
64334 -5.61 53.80 1.48e-19 1.00065
65504 -141.78 74.62 1.22e-19 1.09360
64331 -10.23 52.61 1.43e-19 1.01743
64328 -14.55 51.21 1.37e-19 1.03842
64169 15.00 41.00 1.14e-19 1.12475
64172 18.97 40.88 1.13e-19 1.12719
64175 6.71 43.52 1.22e-19 1.09382
64337 -0.72 54.74 1.52e-19 0.98753
64814 35.47 63.42 1.64e-19 0.93938
65147 -51.53 73.61 1.57e-19 0.96818
65249 96.90 68.78 1.41e-19 1.02412
64085 20.50 46.00 1.30e-19 1.06211
65336 -84.03 71.77 1.37e-19 1.03845
65252 98.64 65.84 1.33e-19 1.05174
65255 100.10 62.89 1.24e-19 1.08401
65330 -83.40 65.72 1.22e-19 1.09369
65333 -83.60 68.75 1.30e-19 1.06368
64418 20.81 58.85 1.61e-19 0.95353
64133 -154.30 79.50 1.36e-19 1.04329
65186 91.49 65.27 1.37e-19 1.03754
64136 -154.30 78.50 1.33e-19 1.05398
65183 88.92 68.10 1.45e-19 1.01057
65180 85.70 70.89 1.52e-19 0.98761
65192 95.42 59.53 1.19e-19 1.10522
65414 164.13 84.15 1.50e-19 0.99540
65432 121.61 68.04 1.23e-19 1.09031
65435 120.51 65.03 1.15e-19 1.12218
63263 -7.85 52.53 1.44e-19 1.01440
65429 123.21 71.02 1.30e-19 1.06375
65408 -134.13 84.15 1.50e-19 0.99540
63317 110.50 70.00 1.35e-19 1.04540
63311 115.98 69.92 1.32e-19 1.05846
65009 76.59 58.92 1.34e-19 1.04971
65015 -48.69 63.02 1.42e-19 1.02164
65012 -51.77 60.39 1.33e-19 1.05185
65528 -165.00 70.00 1.03e-19 1.17091
65531 -165.00 67.00 9.20e-20 1.22417
63413 52.73 55.69 1.44e-19 1.01527
64955 -46.59 58.92 1.34e-19 1.04971
64949 68.43 59.57 1.42e-19 1.02151
65111 57.58 76.63 1.65e-19 0.92994
65168 55.98 80.83 1.65e-19 0.92993
65108 46.27 78.38 1.66e-19 0.91999
65114 66.13 74.51 1.63e-19 0.94296
65117 72.61 72.15 1.59e-19 0.95903
64862 -0.65 67.20 1.66e-19 0.91999
64835 64.18 53.14 1.29e-19 1.06901
65456 -165.00 82.00 1.43e-19 1.01959
64469 -9.17 59.48 1.58e-19 0.96479
64475 2.41 61.35 1.63e-19 0.94296
64472 -3.56 60.56 1.61e-19 0.95217
65513 -177.19 75.64 1.24e-19 1.08680
65510 -165.00 76.00 1.24e-19 1.08466
65516 171.78 74.62 1.22e-19 1.09360
64451 -34.20 48.66 1.15e-19 1.12165
64454 -30.98 50.85 1.24e-19 1.08403
63905 -159.50 78.00 1.31e-19 1.06053
64289 24.88 52.47 1.48e-19 1.00110
64295 34.25 50.90 1.41e-19 1.02401
64292 29.66 51.81 1.45e-19 1.01062
64883 50.33 63.41 1.59e-19 0.95903
64880 44.43 64.97 1.63e-19 0.94298
65498 156.21 75.54 1.29e-19 1.06892
63584 -159.50 72.00 1.10e-19 1.13881
64886 55.56 61.63 1.54e-19 0.97836
64406 -2.00 57.66 1.57e-19 0.96816
65378 113.40 65.72 1.22e-19 1.09369
64403 -7.23 56.66 1.54e-19 0.98093
64400 -12.12 55.41 1.49e-19 0.99732
64223 -3.10 47.99 1.33e-19 1.05183
64220 -7.26 46.89 1.28e-19 1.07033
64118 -154.30 82.50 1.44e-19 1.01414
64121 -154.30 81.50 1.42e-19 1.02339
64226 1.25 48.86 1.37e-19 1.03764
64124 -154.30 80.50 1.39e-19 1.03311
63161 -58.62 69.66 1.48e-19 1.00018
