65006 73.24 61.42 1.07e-19 0.76487
65000 64.69 66.09 1.21e-19 0.75195
65003 69.32 63.82 1.15e-19 0.75771
63197 -35.09 66.19 1.21e-19 0.75200
64142 -154.30 75.50 8.87e-20 0.78525
63191 -39.22 67.15 1.20e-19 0.75285
65213 -57.99 77.44 1.23e-19 0.75053
65210 -61.92 74.59 1.18e-19 0.75445
65294 86.94 86.84 1.26e-19 0.74802
65291 15.00 89.00 1.27e-19 0.74762
65288 -56.94 86.84 1.26e-19 0.74802
65075 -57.47 61.57 9.65e-20 0.77607
62987 15.00 -74.00 4.42e-20 0.04423
65072 81.77 60.39 9.81e-20 0.77413
65486 -149.69 78.56 9.81e-20 0.77409
65069 78.69 63.02 1.06e-19 0.76551
65420 135.13 79.58 1.10e-19 0.76239
62981 15.00 -90.00 8.53e-20 0.08532
65483 -136.50 77.35 9.65e-20 0.77613
65156 -25.98 80.83 1.32e-19 0.74375
65426 125.59 73.95 1.01e-19 0.77123
65480 -126.21 75.54 9.37e-20 0.77919
63281 -2.95 47.55 9.70e-20 0.77540
63287 -1.51 45.84 9.25e-20 0.78071
65150 -45.89 76.23 1.26e-19 0.74771
65390 -91.61 68.04 8.84e-20 0.78557
63227 -18.77 60.10 1.20e-19 0.75310
65393 -93.21 71.02 9.51e-20 0.77773
65396 -95.59 73.95 1.01e-19 0.77123
63221 -21.51 61.46 1.21e-19 0.75220
63443 45.48 49.24 9.59e-20 0.77667
64046 20.50 70.00 1.35e-19 0.74262
64082 20.50 48.00 1.01e-19 0.77084
64043 20.50 72.00 1.34e-19 0.74335
64040 20.50 74.00 1.34e-19 0.74399
64781 -30.59 55.29 1.02e-19 0.76997
64778 -34.18 53.14 9.37e-20 0.77928
64784 -26.57 57.31 1.10e-19 0.76238
64079 20.50 50.00 1.07e-19 0.76519
64787 -22.08 59.16 1.16e-19 0.75611
64919 -2.88 70.09 1.34e-19 0.74234
64925 15.00 71.00 1.34e-19 0.74313
64922 5.86 70.77 1.35e-19 0.74265
64439 54.68 50.43 9.34e-20 0.77966
64445 61.37 46.31 7.67e-20 0.80161
64442 58.18 48.44 8.52e-20 0.78980
63119 -95.35 67.98 8.61e-20 0.78855
63125 -90.61 68.69 9.07e-20 0.78291
63377 68.74 63.99 1.15e-19 0.75709
64544 53.49 54.84 1.06e-19 0.76611
64187 23.29 43.52 8.76e-20 0.78668
64325 -18.58 49.61 9.51e-20 0.77762
63776 -159.50 74.00 8.38e-20 0.79157
64181 15.00 44.00 8.98e-20 0.78389
64178 10.84 43.88 8.93e-20 0.78459
64184 19.16 43.88 8.93e-20 0.78459
64013 -159.50 88.00 1.21e-19 0.75197
64250 37.26 46.89 9.33e-20 0.77958
64253 41.20 45.58 8.76e-20 0.78651
64073 20.50 54.00 1.17e-19 0.75590
64070 20.50 56.00 1.21e-19 0.75221
65246 94.74 71.70 1.12e-19 0.75966
65492 179.69 78.56 9.81e-20 0.77409
65243 91.92 74.59 1.18e-19 0.75445
65495 166.50 77.35 9.65e-20 0.77613
64076 20.50 52.00 1.12e-19 0.76022
65240 87.99 77.44 1.23e-19 0.75053
64208 23.74 46.51 9.65e-20 0.77615
64457 -27.42 52.92 9.82e-20 0.77415
65177 81.53 73.61 1.22e-19 0.75133
64166 11.03 40.88 8.01e-20 0.79667
64163 15.00 38.00 7.13e-20 0.80992
65171 67.87 78.68 1.30e-19 0.74524
64094 20.50 40.00 7.72e-20 0.80084
65174 75.89 76.23 1.26e-19 0.74771
64160 15.00 35.00 6.21e-20 0.82600
65387 -90.51 65.03 8.11e-20 0.79512
63257 -9.72 54.13 1.12e-19 0.76052
65297 96.36 83.93 1.25e-19 0.74921
63251 -11.73 55.69 1.14e-19 0.75805
65381 113.36 62.69 7.96e-20 0.79739
65384 113.42 59.64 7.13e-20 0.81000
65357 139.00 86.38 1.21e-19 0.75243
65348 -94.24 83.64 1.19e-19 0.75379
65351 -109.00 86.38 1.21e-19 0.75243
64091 20.50 42.00 8.34e-20 0.79214
65354 -165.00 88.00 1.21e-19 0.75198
63179 -48.39 68.69 1.17e-19 0.75544
63185 -43.65 67.98 1.19e-19 0.75395
63323 105.02 69.92 1.03e-19 0.76903
65342 -86.22 77.76 1.12e-19 0.75961
65345 -88.82 80.73 1.16e-19 0.75618
65339 -84.82 74.77 1.08e-19 0.76426
65045 15.00 77.00 1.34e-19 0.74313
65042 1.88 76.67 1.35e-19 0.74265
65039 -10.07 75.72 1.34e-19 0.74234
63407 54.89 57.20 1.10e-19 0.76153
65423 129.24 76.82 1.06e-19 0.76617
64823 52.08 59.16 1.16e-19 0.75611
65489 -165.00 79.00 9.87e-20 0.77358
64820 47.07 60.82 1.22e-19 0.75128
64967 -29.19 68.20 1.27e-19 0.74760
64964 -34.69 66.09 1.21e-19 0.75195
63401 57.23 58.68 1.12e-19 0.75998
63095 40.40 47.00 9.22e-20 0.78101
64961 -39.32 63.82 1.15e-19 0.75771
64958 -43.24 61.42 1.07e-19 0.76487
64826 56.57 57.31 1.10e-19 0.76238
65063 70.62 68.01 1.21e-19 0.75242
65126 84.80 64.32 1.05e-19 0.76718
65060 65.21 70.32 1.26e-19 0.74804
65123 81.58 67.01 1.12e-19 0.75974
65066 75.03 65.56 1.14e-19 0.75819
65120 77.61 69.63 1.19e-19 0.75380
64592 57.42 52.92 9.82e-20 0.77415
64499 49.14 56.59 1.12e-19 0.75959
65519 -154.87 72.69 8.01e-20 0.79654
65522 -165.00 73.00 8.06e-20 0.79595
65525 -175.13 72.69 8.01e-20 0.79654
63293 -0.15 44.10 8.77e-20 0.78654
64055 20.50 64.00 1.33e-19 0.74336
64052 20.50 66.00 1.34e-19 0.74258
64466 -14.37 58.15 1.18e-19 0.75447
64049 20.50 68.00 1.35e-19 0.74234
64463 -19.14 56.59 1.12e-19 0.75959
64460 -23.49 54.84 1.06e-19 0.76611
64889 60.17 59.65 1.12e-19 0.75977
64895 67.82 55.26 9.65e-20 0.77600
64892 64.24 57.52 1.05e-19 0.76713
65225 -22.03 85.01 1.30e-19 0.74491
64376 58.87 43.83 7.13e-20 0.81001
64004 -159.50 82.00 1.07e-19 0.76482
64370 52.30 47.83 8.76e-20 0.78645
64007 -159.50 84.00 1.12e-19 0.75990
64373 55.72 45.90 7.96e-20 0.79725
64229 5.74 49.49 1.05e-19 0.76717
64235 15.00 50.00 1.07e-19 0.76489
64232 10.34 49.87 1.06e-19 0.76541
64109 -154.30 85.50 1.16e-19 0.75654
64115 -154.30 83.50 1.11e-19 0.76093
64112 -154.30 84.50 1.14e-19 0.75865
63809 -159.50 76.00 8.99e-20 0.78375
64283 15.00 53.00 1.15e-19 0.75772
64280 10.03 52.87 1.14e-19 0.75829
64286 19.97 52.87 1.14e-19 0.75829
65312 105.25 69.00 1.01e-19 0.77120
65315 106.03 66.00 9.34e-20 0.77971
65309 104.36 72.00 1.08e-19 0.76430
65306 103.29 74.99 1.13e-19 0.75872
65198 -70.10 62.89 8.99e-20 0.78363
65201 -68.64 65.84 9.82e-20 0.77411
65204 -66.90 68.78 1.06e-19 0.76619
65207 -64.74 71.70 1.12e-19 0.75966
65300 99.91 80.96 1.22e-19 0.75131
65303 101.91 77.98 1.18e-19 0.75446
65078 -54.80 64.32 1.05e-19 0.76718
65081 -51.58 67.01 1.12e-19 0.75974
65411 -165.00 85.00 1.15e-19 0.75772
65084 -47.61 69.63 1.19e-19 0.75380
65087 -42.61 72.15 1.25e-19 0.74921
64859 -7.85 66.25 1.32e-19 0.74377
64865 7.04 67.80 1.34e-19 0.74235
65417 145.34 82.12 1.12e-19 0.75979
63329 99.62 69.66 1.06e-19 0.76606
63335 94.39 69.25 1.08e-19 0.76365
63449 43.95 47.55 9.19e-20 0.78124
63455 42.51 45.84 8.77e-20 0.78658
64994 52.64 70.09 1.31e-19 0.74456
64988 35.87 72.94 1.35e-19 0.74235
64991 44.88 71.70 1.33e-19 0.74283
63215 -24.50 62.76 1.22e-19 0.75165
65153 -37.87 78.68 1.30e-19 0.74524
64997 59.19 68.20 1.27e-19 0.74760
63209 -27.74 63.99 1.22e-19 0.75147
64934 40.90 69.01 1.33e-19 0.74302
64016 14.04 90.00 1.25e-19 0.74893
64931 32.88 70.09 1.34e-19 0.74234
63431 48.85 52.53 1.03e-19 0.76916
64928 24.14 70.77 1.35e-19 0.74265
64010 -159.50 86.00 1.17e-19 0.75562
63473 -159.50 70.00 7.14e-20 0.80971
64937 48.05 67.59 1.30e-19 0.74489
63437 47.11 50.90 9.95e-20 0.77263
65132 -65.42 59.53 8.49e-20 0.79003
65135 -63.62 62.41 9.37e-20 0.77913
65129 87.47 61.57 9.65e-20 0.77607
64772 64.20 48.66 8.13e-20 0.79498
64775 -37.39 50.87 8.50e-20 0.79021
64415 15.00 59.00 1.27e-19 0.74762
64412 9.19 58.85 1.26e-19 0.74802
64409 3.49 58.40 1.25e-19 0.74923
63137 -80.38 69.66 9.92e-20 0.77294
63131 -85.61 69.25 9.51e-20 0.77761
64316 -22.30 47.83 8.76e-20 0.78645
64313 -25.72 45.90 7.96e-20 0.79725
64310 -28.87 43.83 7.13e-20 0.81001
63155 -64.02 69.92 1.10e-19 0.76227
63149 -69.50 70.00 1.07e-19 0.76534
64259 -20.22 45.15 8.11e-20 0.79514
64265 -12.75 48.42 9.51e-20 0.77761
64262 -16.62 46.88 8.85e-20 0.78566
65327 -83.36 62.69 7.96e-20 0.79739
57281 15.00 -74.00 4.42e-20 0.04423
64100 -154.30 88.50 1.22e-19 0.75113
64103 -154.30 87.50 1.20e-19 0.75278
65237 82.04 80.22 1.26e-19 0.74772
65234 71.87 82.83 1.29e-19 0.74590
64106 -154.30 86.50 1.18e-19 0.75458
65231 52.03 85.01 1.30e-19 0.74491
65228 15.00 86.00 1.31e-19 0.74458
65267 -76.03 66.00 9.34e-20 0.77971
64088 20.50 44.00 8.95e-20 0.78427
64193 2.01 45.89 9.37e-20 0.77911
64190 -2.11 45.05 9.00e-20 0.78376
64157 -154.30 77.50 9.47e-20 0.77809
64154 -154.30 71.50 7.64e-20 0.80197
64151 -154.30 72.50 7.95e-20 0.79748
64148 -154.30 73.50 8.26e-20 0.79320
64196 6.26 46.51 9.65e-20 0.77615
64982 15.00 74.00 1.32e-19 0.74519
64985 25.77 73.73 1.34e-19 0.74313
65369 114.82 74.77 1.08e-19 0.76426
64979 4.23 73.73 1.34e-19 0.74313
65375 113.60 68.75 9.51e-20 0.77767
65372 114.03 71.77 1.02e-19 0.77032
65366 116.22 77.76 1.12e-19 0.75961
65360 124.24 83.64 1.19e-19 0.75379
65363 118.82 80.73 1.16e-19 0.75618
65459 174.45 81.43 1.06e-19 0.76551
65462 158.42 79.90 1.05e-19 0.76715
65465 147.41 77.77 1.02e-19 0.77005
63173 -53.39 69.25 1.15e-19 0.75727
65036 -20.23 74.26 1.33e-19 0.74302
65270 -75.25 69.00 1.01e-19 0.77120
65273 -74.36 72.00 1.08e-19 0.76430
64952 71.94 57.20 9.81e-20 0.77416
65276 -73.29 74.99 1.13e-19 0.75872
65030 -35.21 70.32 1.26e-19 0.74804
65033 -28.52 72.43 1.30e-19 0.74491
64808 22.07 64.82 1.33e-19 0.74303
64811 28.94 64.29 1.32e-19 0.74377
65501 148.54 73.33 8.99e-20 0.78368
63353 80.22 67.15 1.13e-19 0.75876
64817 41.53 62.26 1.26e-19 0.74775
63005 15.00 -90.00 8.53e-20 0.08532
63389 62.51 61.46 1.15e-19 0.75776
62999 15.00 -74.00 4.42e-20 0.04423
63395 59.77 60.10 1.14e-19 0.75866
65507 -152.81 75.64 8.93e-20 0.78446
65054 50.23 74.26 1.33e-19 0.74302
65096 -16.27 78.38 1.34e-19 0.74266
65051 40.07 75.72 1.34e-19 0.74234
65048 28.12 76.67 1.35e-19 0.74265
65090 -36.13 74.51 1.29e-19 0.74589
65093 -27.58 76.63 1.32e-19 0.74375
65057 58.52 72.43 1.30e-19 0.74491
64496 44.37 58.15 1.18e-19 0.75447
64490 33.56 60.56 1.26e-19 0.74774
64493 39.17 59.48 1.23e-19 0.75052
63017 15.00 -90.00 8.53e-20 0.08532
63305 121.38 69.66 9.27e-20 0.78027
63011 15.00 -74.00 4.42e-20 0.04423
63299 126.61 69.25 8.87e-20 0.78516
64058 20.50 62.00 1.31e-19 0.74471
64061 20.50 60.00 1.28e-19 0.74663
64067 20.50 58.00 1.25e-19 0.74912
64802 7.93 64.82 1.33e-19 0.74303
64805 15.00 65.00 1.33e-19 0.74283
64799 1.06 64.29 1.32e-19 0.74377
64907 -29.72 63.95 1.21e-19 0.75244
64904 -34.39 61.83 1.14e-19 0.75820
64898 -41.94 57.20 9.81e-20 0.77416
64901 -38.43 59.57 1.06e-19 0.76539
64829 60.59 55.29 1.02e-19 0.76997
64379 -31.37 46.31 7.67e-20 0.80161
64367 48.58 49.61 9.51e-20 0.77762
64364 44.55 51.21 1.02e-19 0.77029
64361 40.23 52.61 1.08e-19 0.76426
64358 35.61 53.80 1.13e-19 0.75969
63371 72.27 65.14 1.15e-19 0.75729
63101 -146.50 74.10 8.53e-20 0.78958
63107 41.70 76.00 1.34e-19 0.74238
63968 -159.50 80.00 1.02e-19 0.77042
64343 9.65 55.86 1.21e-19 0.75246
63365 76.09 66.19 1.14e-19 0.75777
64247 33.10 47.99 9.82e-20 0.77420
64340 4.38 55.44 1.19e-19 0.75386
64244 28.75 48.86 1.02e-19 0.77008
64238 19.66 49.87 1.06e-19 0.76541
64346 15.00 56.00 1.21e-19 0.75198
64241 24.26 49.49 1.05e-19 0.76717
64268 -8.62 49.77 1.01e-19 0.77122
64271 -4.25 50.90 1.06e-19 0.76607
64274 0.34 51.81 1.10e-19 0.76240
64277 5.12 52.47 1.12e-19 0.75982
65264 -76.74 62.99 8.52e-20 0.78979
65261 -77.40 59.97 7.67e-20 0.80160
65258 101.35 59.93 8.13e-20 0.79497
65324 -83.42 59.64 7.13e-20 0.81000
65321 107.40 59.97 7.67e-20 0.80160
65318 106.74 62.99 8.52e-20 0.78979
64145 -154.30 74.50 8.57e-20 0.78912
65189 93.62 62.41 9.37e-20 0.77913
65195 -71.35 59.93 8.13e-20 0.79497
64139 -154.30 76.50 9.17e-20 0.78158
65441 -105.01 72.61 9.34e-20 0.77966
65438 -101.49 69.80 8.76e-20 0.78658
65444 -110.04 75.29 9.82e-20 0.77414
65447 -117.41 77.77 1.02e-19 0.77005
63341 89.39 68.69 1.10e-19 0.76166
63347 84.65 67.98 1.12e-19 0.75999
65018 -45.03 65.56 1.14e-19 0.75819
65027 -40.62 68.01 1.21e-19 0.75242
65159 -8.31 82.40 1.33e-19 0.74302
63239 -16.23 58.68 1.18e-19 0.75439
63245 -13.89 57.20 1.17e-19 0.75592
65165 38.31 82.40 1.33e-19 0.74302
63419 50.72 54.13 1.06e-19 0.76623
64943 59.72 63.95 1.21e-19 0.75244
64946 64.39 61.83 1.14e-19 0.75820
64847 -30.17 59.65 1.12e-19 0.75977
65141 -58.92 68.10 1.10e-19 0.76235
65138 -61.49 65.27 1.02e-19 0.76999
64838 67.39 50.87 8.50e-20 0.79021
64841 -37.82 55.26 9.65e-20 0.77600
64844 -34.24 57.52 1.05e-19 0.76713
64478 8.63 61.84 1.30e-19 0.74492
64481 15.00 62.00 1.31e-19 0.74458
64484 21.37 61.84 1.30e-19 0.74492
64487 27.59 61.35 1.29e-19 0.74590
64421 26.51 58.40 1.25e-19 0.74923
64424 32.00 57.66 1.22e-19 0.75131
64853 -20.33 63.41 1.25e-19 0.74920
64850 -25.56 61.63 1.19e-19 0.75386
64856 -14.43 64.97 1.29e-19 0.74591
63143 -74.98 69.92 1.03e-19 0.76901
64307 50.22 45.15 8.11e-20 0.79514
64298 38.62 49.77 1.01e-19 0.77122
64301 42.75 48.42 9.51e-20 0.77761
64304 46.62 46.88 8.85e-20 0.78566
64874 30.65 67.20 1.34e-19 0.74265
64868 15.00 68.00 1.35e-19 0.74234
64871 22.96 67.80 1.34e-19 0.74235
64877 37.85 66.25 1.32e-19 0.74377
64022 20.50 86.00 1.31e-19 0.74460
64025 20.50 84.00 1.33e-19 0.74329
64397 -16.66 53.94 1.08e-19 0.76436
64019 20.50 88.00 1.28e-19 0.74647
64394 -20.85 52.27 1.01e-19 0.77120
64388 -28.18 48.44 8.52e-20 0.78980
64391 -24.68 50.43 9.34e-20 0.77966
64214 32.11 45.05 9.00e-20 0.78376
64097 -154.30 89.50 1.24e-19 0.74962
64211 27.99 45.89 9.37e-20 0.77911
65219 -52.04 80.22 1.26e-19 0.74772
64217 -11.20 45.58 8.76e-20 0.78651
65222 -41.87 82.83 1.29e-19 0.74590
64427 37.23 56.66 1.18e-19 0.75449
64199 10.61 46.88 9.81e-20 0.77428
64202 15.00 47.00 9.87e-20 0.77358
64205 19.39 46.88 9.81e-20 0.77428
64976 -5.87 72.94 1.35e-19 0.74235
64973 -14.88 71.70 1.33e-19 0.74283
64970 -22.64 70.09 1.31e-19 0.74456
65450 -128.42 79.90 1.05e-19 0.76715
65453 -144.45 81.43 1.06e-19 0.76551
65162 15.00 83.00 1.33e-19 0.74283
63203 -31.27 65.14 1.22e-19 0.75160
65279 -71.91 77.98 1.18e-19 0.75446
65285 -66.36 83.93 1.25e-19 0.74921
65282 -69.91 80.96 1.22e-19 0.75131
65471 135.01 72.61 9.34e-20 0.77966
65468 140.04 75.29 9.82e-20 0.77414
65474 131.49 69.80 8.76e-20 0.78658
65477 -118.54 73.33 8.99e-20 0.78368
62993 15.00 -90.00 8.53e-20 0.08532
64940 54.30 65.88 1.26e-19 0.74800
65099 -1.81 79.57 1.34e-19 0.74235
65105 31.81 79.57 1.34e-19 0.74235
65102 15.00 80.00 1.35e-19 0.74234
64688 60.98 50.85 8.99e-20 0.78365
65405 -115.34 82.12 1.12e-19 0.75979
65402 -105.13 79.58 1.10e-19 0.76239
65399 -99.24 76.82 1.06e-19 0.76617
63269 -6.11 50.90 1.05e-19 0.76686
63275 -4.48 49.24 1.01e-19 0.77086
64037 20.50 76.00 1.34e-19 0.74341
64034 20.50 78.00 1.35e-19 0.74266
64028 20.50 82.00 1.34e-19 0.74254
64031 20.50 80.00 1.35e-19 0.74234
64916 -10.90 69.01 1.33e-19 0.74302
64793 -11.53 62.26 1.26e-19 0.74775
64790 -17.07 60.82 1.22e-19 0.75128
64910 -24.30 65.88 1.26e-19 0.74800
64913 -18.05 67.59 1.30e-19 0.74489
64796 -5.47 63.42 1.30e-19 0.74523
65144 -55.70 70.89 1.16e-19 0.75621
64430 42.12 55.41 1.13e-19 0.75878
64433 46.66 53.94 1.08e-19 0.76436
64349 20.35 55.86 1.21e-19 0.75246
64352 25.62 55.44 1.19e-19 0.75386
64355 30.72 54.74 1.16e-19 0.75613
63383 65.50 62.76 1.15e-19 0.75721
63113 -138.30 76.00 9.23e-20 0.78088
64436 50.85 52.27 1.01e-19 0.77120
64334 -5.61 53.80 1.13e-19 0.75969
65504 -141.78 74.62 8.76e-20 0.78648
64331 -10.23 52.61 1.08e-19 0.76426
64328 -14.55 51.21 1.02e-19 0.77029
64169 15.00 41.00 8.06e-20 0.79595
64172 18.97 40.88 8.01e-20 0.79667
64175 6.71 43.52 8.76e-20 0.78668
64337 -0.72 54.74 1.16e-19 0.75613
64814 35.47 63.42 1.30e-19 0.74523
65147 -51.53 73.61 1.22e-19 0.75133
65249 96.90 68.78 1.06e-19 0.76619
64085 20.50 46.00 9.55e-20 0.77719
65336 -84.03 71.77 1.02e-19 0.77032
65252 98.64 65.84 9.82e-20 0.77411
65255 100.10 62.89 8.99e-20 0.78363
65330 -83.40 65.72 8.76e-20 0.78656
65333 -83.60 68.75 9.51e-20 0.77767
64418 20.81 58.85 1.26e-19 0.74802
64133 -154.30 79.50 1.00e-19 0.77167
65186 91.49 65.27 1.02e-19 0.76999
64136 -154.30 78.50 9.76e-20 0.77479
65183 88.92 68.10 1.10e-19 0.76235
65180 85.70 70.89 1.16e-19 0.75621
65192 95.42 59.53 8.49e-20 0.79003
65414 164.13 84.15 1.14e-19 0.75830
65432 121.61 68.04 8.84e-20 0.78557
65435 120.51 65.03 8.11e-20 0.79512
63263 -7.85 52.53 1.08e-19 0.76342
65429 123.21 71.02 9.51e-20 0.77773
65408 -134.13 84.15 1.14e-19 0.75830
63317 110.50 70.00 9.99e-20 0.77229
63311 115.98 69.92 9.65e-20 0.77617
65009 76.59 58.92 9.87e-20 0.77347
65015 -48.69 63.02 1.06e-19 0.76551
65012 -51.77 60.39 9.81e-20 0.77413
65528 -165.00 70.00 7.13e-20 0.80992
65531 -165.00 67.00 6.21e-20 0.82600
63413 52.73 55.69 1.08e-19 0.76371
64955 -46.59 58.92 9.87e-20 0.77347
64949 68.43 59.57 1.06e-19 0.76539
65111 57.58 76.63 1.32e-19 0.74375
65168 55.98 80.83 1.32e-19 0.74375
65108 46.27 78.38 1.34e-19 0.74266
65114 66.13 74.51 1.29e-19 0.74589
65117 72.61 72.15 1.25e-19 0.74921
64862 -0.65 67.20 1.34e-19 0.74265
64835 64.18 53.14 9.37e-20 0.77928
65456 -165.00 82.00 1.07e-19 0.76489
64469 -9.17 59.48 1.23e-19 0.75052
64475 2.41 61.35 1.29e-19 0.74590
64472 -3.56 60.56 1.26e-19 0.74774
65513 -177.19 75.64 8.93e-20 0.78446
65510 -165.00 76.00 8.98e-20 0.78389
65516 171.78 74.62 8.76e-20 0.78648
64451 -34.20 48.66 8.13e-20 0.79498
64454 -30.98 50.85 8.99e-20 0.78365
63905 -159.50 78.00 9.59e-20 0.77672
64289 24.88 52.47 1.12e-19 0.75982
64295 34.25 50.90 1.06e-19 0.76607
64292 29.66 51.81 1.10e-19 0.76240
64883 50.33 63.41 1.25e-19 0.74920
64880 44.43 64.97 1.29e-19 0.74591
65498 156.21 75.54 9.37e-20 0.77919
63584 -159.50 72.00 7.76e-20 0.80020
64886 55.56 61.63 1.19e-19 0.75386
64406 -2.00 57.66 1.22e-19 0.75131
65378 113.40 65.72 8.76e-20 0.78656
64403 -7.23 56.66 1.18e-19 0.75449
64400 -12.12 55.41 1.13e-19 0.75878
64223 -3.10 47.99 9.82e-20 0.77420
64220 -7.26 46.89 9.33e-20 0.77958
64118 -154.30 82.50 1.09e-19 0.76336
64121 -154.30 81.50 1.06e-19 0.76596
64226 1.25 48.86 1.02e-19 0.77008
64124 -154.30 80.50 1.03e-19 0.76873
63161 -58.62 69.66 1.13e-19 0.75951
