65006 73.24 61.42 1.77e-19 1.31826
65000 64.69 66.09 2.06e-19 1.36740
65003 69.32 63.82 1.93e-19 1.35274
63197 -35.09 66.19 2.06e-19 1.36733
64142 -154.30 75.50 1.36e-19 1.18701
63191 -39.22 67.15 2.04e-19 1.36651
65213 -57.99 77.44 2.09e-19 1.36791
65210 -61.92 74.59 2.01e-19 1.36314
65294 86.94 86.84 2.14e-19 1.36336
65291 15.00 89.00 2.14e-19 1.36182
65288 -56.94 86.84 2.14e-19 1.36336
65075 -57.47 61.57 1.54e-19 1.24932
62987 15.00 -74.00 3.30e-21 0.00330
65072 81.77 60.39 1.58e-19 1.26135
65486 -149.69 78.56 1.58e-19 1.26127
65069 78.69 63.02 1.76e-19 1.31532
65420 135.13 79.58 1.83e-19 1.33171
62981 15.00 -90.00 1.79e-20 0.01789
65483 -136.50 77.35 1.54e-19 1.24945
65156 -25.98 80.83 2.18e-19 1.32088
65426 125.59 73.95 1.64e-19 1.28062
65480 -126.21 75.54 1.48e-19 1.22820
63281 -2.95 47.55 1.55e-19 1.25297
63287 -1.51 45.84 1.45e-19 1.21860
65150 -45.89 76.23 2.14e-19 1.36223
65390 -91.61 68.04 1.36e-19 1.18469
63227 -18.77 60.10 2.04e-19 1.36604
65393 -93.21 71.02 1.51e-19 1.23891
65396 -95.59 73.95 1.64e-19 1.28062
63221 -21.51 61.46 2.05e-19 1.36720
63443 45.48 49.24 1.52e-19 1.24476
64046 20.50 70.00 2.04e-19 1.18748
64082 20.50 48.00 1.65e-19 1.28294
64043 20.50 72.00 1.97e-19 1.13880
64040 20.50 74.00 1.92e-19 1.10810
64781 -30.59 55.29 1.66e-19 1.28795
64778 -34.18 53.14 1.48e-19 1.22840
64784 -26.57 57.31 1.83e-19 1.33167
64079 20.50 50.00 1.77e-19 1.31661
64787 -22.08 59.16 1.97e-19 1.35807
64919 -2.88 70.09 2.12e-19 1.24495
64925 15.00 71.00 1.99e-19 1.15114
64922 5.86 70.77 2.04e-19 1.18490
64439 54.68 50.43 1.47e-19 1.22532
64445 61.37 46.31 1.09e-19 1.07544
64442 58.18 48.44 1.28e-19 1.15658
63119 -95.35 67.98 1.30e-19 1.16426
63125 -90.61 68.69 1.41e-19 1.20394
63377 68.74 63.99 1.95e-19 1.35506
64544 53.49 54.84 1.75e-19 1.31099
64187 23.29 43.52 1.34e-19 1.17788
64325 -18.58 49.61 1.51e-19 1.23866
63776 -159.50 74.00 1.25e-19 1.14362
64181 15.00 44.00 1.39e-19 1.19638
64178 10.84 43.88 1.37e-19 1.19182
64184 19.16 43.88 1.37e-19 1.19182
64013 -159.50 88.00 2.06e-19 1.36748
64250 37.26 46.89 1.47e-19 1.22515
64253 41.20 45.58 1.34e-19 1.17750
64073 20.50 54.00 1.97e-19 1.35913
64070 20.50 56.00 2.05e-19 1.36725
65246 94.74 71.70 1.89e-19 1.34484
65492 179.69 78.56 1.58e-19 1.26127
65243 91.92 74.59 2.01e-19 1.36314
65495 166.50 77.35 1.54e-19 1.24945
64076 20.50 52.00 1.88e-19 1.34216
65240 87.99 77.44 2.09e-19 1.36791
64208 23.74 46.51 1.54e-19 1.24951
64457 -27.42 52.92 1.58e-19 1.26178
65177 81.53 73.61 2.07e-19 1.36790
64166 11.03 40.88 1.17e-19 1.10851
64163 15.00 38.00 9.78e-20 1.02033
65171 67.87 78.68 2.17e-19 1.34463
64094 20.50 40.00 1.11e-19 1.08050
65174 75.89 76.23 2.14e-19 1.36223
64160 15.00 35.00 7.88e-20 0.91978
65387 -90.51 65.03 1.19e-19 1.11860
63257 -9.72 54.13 1.87e-19 1.34100
65297 96.36 83.93 2.11e-19 1.36654
63251 -11.73 55.69 1.93e-19 1.35175
65381 113.36 62.69 1.16e-19 1.10459
65384 113.42 59.64 9.78e-20 1.02049
65357 139.00 86.38 2.05e-19 1.36697
65348 -94.24 83.64 2.02e-19 1.36461
65351 -109.00 86.38 2.05e-19 1.36697
64091 20.50 42.00 1.24e-19 1.13967
65354 -165.00 88.00 2.06e-19 1.36747
63179 -48.39 68.69 1.99e-19 1.36065
63185 -43.65 67.98 2.02e-19 1.36441
63323 105.02 69.92 1.69e-19 1.29467
65342 -86.22 77.76 1.89e-19 1.34471
65345 -88.82 80.73 1.97e-19 1.35822
65339 -84.82 74.77 1.79e-19 1.32154
65045 15.00 77.00 1.99e-19 1.15114
65042 1.88 76.67 2.04e-19 1.18496
65039 -10.07 75.72 2.12e-19 1.24491
63407 54.89 57.20 1.85e-19 1.33556
65423 129.24 76.82 1.75e-19 1.31112
64823 52.08 59.16 1.97e-19 1.35807
65489 -165.00 79.00 1.59e-19 1.26548
64820 47.07 60.82 2.07e-19 1.36780
64967 -29.19 68.20 2.14e-19 1.36179
64964 -34.69 66.09 2.06e-19 1.36740
63401 57.23 58.68 1.89e-19 1.34366
63095 40.40 47.00 1.44e-19 1.21601
64961 -39.32 63.82 1.93e-19 1.35274
64958 -43.24 61.42 1.77e-19 1.31826
64826 56.57 57.31 1.83e-19 1.33167
65063 70.62 68.01 2.05e-19 1.36696
65126 84.80 64.32 1.73e-19 1.30552
65060 65.21 70.32 2.14e-19 1.36339
65123 81.58 67.01 1.89e-19 1.34420
65066 75.03 65.56 1.92e-19 1.35069
65120 77.61 69.63 2.02e-19 1.36463
64592 57.42 52.92 1.58e-19 1.26178
64499 49.14 56.59 1.89e-19 1.34467
65519 -154.87 72.69 1.17e-19 1.10825
65522 -165.00 73.00 1.18e-19 1.11364
65525 -175.13 72.69 1.17e-19 1.10825
63293 -0.15 44.10 1.34e-19 1.17876
64055 20.50 64.00 2.17e-19 1.31094
64052 20.50 66.00 2.15e-19 1.27619
64466 -14.37 58.15 2.01e-19 1.36317
64049 20.50 68.00 2.10e-19 1.23454
64463 -19.14 56.59 1.89e-19 1.34467
64460 -23.49 54.84 1.75e-19 1.31099
64889 60.17 59.65 1.89e-19 1.34427
64895 67.82 55.26 1.54e-19 1.24916
64892 64.24 57.52 1.73e-19 1.30539
65225 -22.03 85.01 2.17e-19 1.34038
64376 58.87 43.83 9.78e-20 1.02051
64004 -159.50 82.00 1.78e-19 1.31867
64370 52.30 47.83 1.34e-19 1.17737
64007 -159.50 84.00 1.89e-19 1.34362
64373 55.72 45.90 1.16e-19 1.10431
64229 5.74 49.49 1.73e-19 1.30548
64235 15.00 50.00 1.77e-19 1.31830
64232 10.34 49.87 1.76e-19 1.31510
64109 -154.30 85.50 1.96e-19 1.35704
64115 -154.30 83.50 1.86e-19 1.33886
64112 -154.30 84.50 1.91e-19 1.34903
63809 -159.50 76.00 1.39e-19 1.19728
64283 15.00 53.00 1.93e-19 1.35276
64280 10.03 52.87 1.92e-19 1.35092
64286 19.97 52.87 1.92e-19 1.35092
65312 105.25 69.00 1.64e-19 1.28057
65315 106.03 66.00 1.47e-19 1.22545
65309 104.36 72.00 1.79e-19 1.32162
65306 103.29 74.99 1.91e-19 1.34857
65198 -70.10 62.89 1.39e-19 1.19730
65201 -68.64 65.84 1.58e-19 1.26167
65204 -66.90 68.78 1.75e-19 1.31115
65207 -64.74 71.70 1.89e-19 1.34484
65300 99.91 80.96 2.07e-19 1.36785
65303 101.91 77.98 2.01e-19 1.36315
65078 -54.80 64.32 1.73e-19 1.30552
65081 -51.58 67.01 1.89e-19 1.34420
65411 -165.00 85.00 1.93e-19 1.35276
65084 -47.61 69.63 2.02e-19 1.36463
65087 -42.61 72.15 2.11e-19 1.36653
64859 -7.85 66.25 2.18e-19 1.32087
64865 7.04 67.80 2.12e-19 1.24488
65417 145.34 82.12 1.89e-19 1.34432
63329 99.62 69.66 1.75e-19 1.31142
63335 94.39 69.25 1.80e-19 1.32503
63449 43.95 47.55 1.44e-19 1.21376
63455 42.51 45.84 1.34e-19 1.17848
64994 52.64 70.09 2.18e-19 1.33600
64988 35.87 72.94 2.10e-19 1.22860
64991 44.88 71.70 2.16e-19 1.29103
63215 -24.50 62.76 2.07e-19 1.36764
65153 -37.87 78.68 2.17e-19 1.34463
64997 59.19 68.20 2.14e-19 1.36179
63209 -27.74 63.99 2.07e-19 1.36781
64934 40.90 69.01 2.17e-19 1.29972
64016 14.04 90.00 2.12e-19 1.36597
64931 32.88 70.09 2.12e-19 1.24495
63431 48.85 52.53 1.68e-19 1.29310
64928 24.14 70.77 2.04e-19 1.18490
64010 -159.50 86.00 1.98e-19 1.35999
63473 -159.50 70.00 9.81e-20 1.02171
64937 48.05 67.59 2.17e-19 1.34037
63437 47.11 50.90 1.61e-19 1.27111
65132 -65.42 59.53 1.28e-19 1.15385
65135 -63.62 62.41 1.48e-19 1.22805
65129 87.47 61.57 1.54e-19 1.24932
64772 64.20 48.66 1.20e-19 1.11983
64775 -37.39 50.87 1.28e-19 1.15423
64415 15.00 59.00 2.14e-19 1.36182
64412 9.19 58.85 2.14e-19 1.36337
64409 3.49 58.40 2.11e-19 1.36657
63137 -80.38 69.66 1.60e-19 1.26878
63131 -85.61 69.25 1.51e-19 1.23859
64316 -22.30 47.83 1.34e-19 1.17737
64313 -25.72 45.90 1.16e-19 1.10431
64310 -28.87 43.83 9.78e-20 1.02051
63155 -64.02 69.92 1.83e-19 1.33264
63149 -69.50 70.00 1.76e-19 1.31577
64259 -20.22 45.15 1.19e-19 1.11863
64265 -12.75 48.42 1.51e-19 1.23864
64262 -16.62 46.88 1.36e-19 1.18490
65327 -83.36 62.69 1.16e-19 1.10459
57281 15.00 -74.00 3.30e-21 0.00330
64100 -154.30 88.50 2.08e-19 1.36796
64103 -154.30 87.50 2.04e-19 1.36652
65237 82.04 80.22 2.14e-19 1.36224
65234 71.87 82.83 2.17e-19 1.35102
64106 -154.30 86.50 2.00e-19 1.36288
65231 52.03 85.01 2.17e-19 1.34038
65228 15.00 86.00 2.18e-19 1.33601
65267 -76.03 66.00 1.47e-19 1.22545
64088 20.50 44.00 1.38e-19 1.19371
64193 2.01 45.89 1.48e-19 1.22801
64190 -2.11 45.05 1.39e-19 1.19760
64157 -154.30 77.50 1.50e-19 1.23568
64154 -154.30 71.50 1.09e-19 1.07290
64151 -154.30 72.50 1.16e-19 1.10324
64148 -154.30 73.50 1.22e-19 1.13245
64196 6.26 46.51 1.54e-19 1.24951
64982 15.00 74.00 1.84e-19 1.06149
64985 25.77 73.73 1.99e-19 1.15116
65369 114.82 74.77 1.79e-19 1.32154
64979 4.23 73.73 1.99e-19 1.15116
65375 113.60 68.75 1.51e-19 1.23877
65372 114.03 71.77 1.66e-19 1.28679
65366 116.22 77.76 1.89e-19 1.34471
65360 124.24 83.64 2.02e-19 1.36461
65363 118.82 80.73 1.97e-19 1.35822
65459 174.45 81.43 1.76e-19 1.31531
65462 158.42 79.90 1.73e-19 1.30544
65465 147.41 77.77 1.66e-19 1.28814
63173 -53.39 69.25 1.94e-19 1.35442
65036 -20.23 74.26 2.17e-19 1.29972
65270 -75.25 69.00 1.64e-19 1.28057
65273 -74.36 72.00 1.79e-19 1.32162
64952 71.94 57.20 1.58e-19 1.26143
65276 -73.29 74.99 1.91e-19 1.34857
65030 -35.21 70.32 2.14e-19 1.36339
65033 -28.52 72.43 2.17e-19 1.34038
64808 22.07 64.82 2.17e-19 1.29970
64811 28.94 64.29 2.18e-19 1.32087
65501 148.54 73.33 1.39e-19 1.19740
63353 80.22 67.15 1.91e-19 1.34882
64817 41.53 62.26 2.14e-19 1.36228
63389 62.51 61.46 1.93e-19 1.35250
63395 59.77 60.10 1.91e-19 1.34901
65507 -152.81 75.64 1.37e-19 1.19152
65054 50.23 74.26 2.17e-19 1.29972
65096 -16.27 78.38 2.15e-19 1.28179
65051 40.07 75.72 2.12e-19 1.24491
65048 28.12 76.67 2.04e-19 1.18496
65090 -36.13 74.51 2.17e-19 1.35101
65093 -27.58 76.63 2.18e-19 1.32088
65057 58.52 72.43 2.17e-19 1.34038
64496 44.37 58.15 2.01e-19 1.36317
64490 33.56 60.56 2.14e-19 1.36227
64493 39.17 59.48 2.09e-19 1.36789
63305 121.38 69.66 1.45e-19 1.22004
63299 126.61 69.25 1.36e-19 1.18729
64058 20.50 62.00 2.18e-19 1.33792
64061 20.50 60.00 2.16e-19 1.35652
64067 20.50 58.00 2.12e-19 1.36637
64802 7.93 64.82 2.17e-19 1.29970
64805 15.00 65.00 2.16e-19 1.29103
64799 1.06 64.29 2.18e-19 1.32087
64907 -29.72 63.95 2.05e-19 1.36700
64904 -34.39 61.83 1.92e-19 1.35071
64898 -41.94 57.20 1.58e-19 1.26143
64901 -38.43 59.57 1.76e-19 1.31505
64829 60.59 55.29 1.66e-19 1.28795
64379 -31.37 46.31 1.09e-19 1.07544
64367 48.58 49.61 1.51e-19 1.23866
64364 44.55 51.21 1.66e-19 1.28672
64361 40.23 52.61 1.79e-19 1.32154
64358 35.61 53.80 1.89e-19 1.34491
63371 72.27 65.14 1.94e-19 1.35439
63101 -146.50 74.10 1.29e-19 1.15724
63107 41.70 76.00 2.13e-19 1.25390
63968 -159.50 80.00 1.65e-19 1.28555
64343 9.65 55.86 2.05e-19 1.36703
63365 76.09 66.19 1.93e-19 1.35222
64247 33.10 47.99 1.58e-19 1.26188
64340 4.38 55.44 2.02e-19 1.36475
64244 28.75 48.86 1.66e-19 1.28821
64238 19.66 49.87 1.76e-19 1.31510
64346 15.00 56.00 2.06e-19 1.36747
64241 24.26 49.49 1.73e-19 1.30548
64268 -8.62 49.77 1.64e-19 1.28062
64271 -4.25 50.90 1.75e-19 1.31090
64274 0.34 51.81 1.83e-19 1.33173
64277 5.12 52.47 1.89e-19 1.34439
65264 -76.74 62.99 1.28e-19 1.15655
65261 -77.40 59.97 1.09e-19 1.07543
65258 101.35 59.93 1.20e-19 1.11982
65324 -83.42 59.64 9.78e-20 1.02049
65321 107.40 59.97 1.09e-19 1.07543
65318 106.74 62.99 1.28e-19 1.15655
64145 -154.30 74.50 1.29e-19 1.16041
65189 93.62 62.41 1.48e-19 1.22805
65195 -71.35 59.93 1.20e-19 1.11982
64139 -154.30 76.50 1.43e-19 1.21213
65441 -105.01 72.61 1.47e-19 1.22533
65438 -101.49 69.80 1.34e-19 1.17765
65444 -110.04 75.29 1.58e-19 1.26175
65447 -117.41 77.77 1.66e-19 1.28814
63341 89.39 68.69 1.85e-19 1.33556
63347 84.65 67.98 1.88e-19 1.34326
65018 -45.03 65.56 1.92e-19 1.35069
65027 -40.62 68.01 2.05e-19 1.36696
65159 -8.31 82.40 2.17e-19 1.29971
63239 -16.23 58.68 2.01e-19 1.36358
63245 -13.89 57.20 1.97e-19 1.35883
65165 38.31 82.40 2.17e-19 1.29971
63419 50.72 54.13 1.75e-19 1.31105
64943 59.72 63.95 2.05e-19 1.36700
64946 64.39 61.83 1.92e-19 1.35071
64847 -30.17 59.65 1.89e-19 1.34427
65141 -58.92 68.10 1.83e-19 1.33162
65138 -61.49 65.27 1.66e-19 1.28799
64838 67.39 50.87 1.28e-19 1.15423
64841 -37.82 55.26 1.54e-19 1.24916
64844 -34.24 57.52 1.73e-19 1.30539
64478 8.63 61.84 2.17e-19 1.34038
64481 15.00 62.00 2.18e-19 1.33601
64484 21.37 61.84 2.17e-19 1.34038
64487 27.59 61.35 2.17e-19 1.35102
64421 26.51 58.40 2.11e-19 1.36657
64424 32.00 57.66 2.07e-19 1.36786
64853 -20.33 63.41 2.11e-19 1.36652
64850 -25.56 61.63 2.02e-19 1.36476
64856 -14.43 64.97 2.17e-19 1.35104
63143 -74.98 69.92 1.69e-19 1.29483
64307 50.22 45.15 1.19e-19 1.11863
64298 38.62 49.77 1.64e-19 1.28062
64301 42.75 48.42 1.51e-19 1.23864
64304 46.62 46.88 1.36e-19 1.18490
64874 30.65 67.20 2.15e-19 1.28183
64868 15.00 68.00 2.10e-19 1.22861
64871 22.96 67.80 2.12e-19 1.24488
64877 37.85 66.25 2.18e-19 1.32087
64022 20.50 86.00 2.18e-19 1.33630
64025 20.50 84.00 2.17e-19 1.30876
64397 -16.66 53.94 1.79e-19 1.32175
64019 20.50 88.00 2.16e-19 1.35550
64394 -20.85 52.27 1.64e-19 1.28057
64388 -28.18 48.44 1.28e-19 1.15658
64391 -24.68 50.43 1.47e-19 1.22532
64214 32.11 45.05 1.39e-19 1.19760
64097 -154.30 89.50 2.11e-19 1.36718
64211 27.99 45.89 1.48e-19 1.22801
65219 -52.04 80.22 2.14e-19 1.36224
64217 -11.20 45.58 1.34e-19 1.17750
65222 -41.87 82.83 2.17e-19 1.35102
64427 37.23 56.66 2.01e-19 1.36321
64199 10.61 46.88 1.58e-19 1.26171
64202 15.00 47.00 1.59e-19 1.26548
64205 19.39 46.88 1.58e-19 1.26171
64976 -5.87 72.94 2.10e-19 1.22860
64973 -14.88 71.70 2.16e-19 1.29103
64970 -22.64 70.09 2.18e-19 1.33600
65450 -128.42 79.90 1.73e-19 1.30544
65453 -144.45 81.43 1.76e-19 1.31531
65162 15.00 83.00 2.16e-19 1.29103
63203 -31.27 65.14 2.07e-19 1.36776
65279 -71.91 77.98 2.01e-19 1.36315
65285 -66.36 83.93 2.11e-19 1.36654
65282 -69.91 80.96 2.07e-19 1.36785
65471 135.01 72.61 1.47e-19 1.22533
65468 140.04 75.29 1.58e-19 1.26175
65474 131.49 69.80 1.34e-19 1.17765
65477 -118.54 73.33 1.39e-19 1.19740
62993 15.00 -90.00 1.79e-20 0.01789
64940 54.30 65.88 2.14e-19 1.36333
65099 -1.81 79.57 2.12e-19 1.24490
65105 31.81 79.57 2.12e-19 1.24490
65102 15.00 80.00 2.10e-19 1.22861
64688 60.98 50.85 1.39e-19 1.19734
65405 -115.34 82.12 1.89e-19 1.34432
65402 -105.13 79.58 1.83e-19 1.33171
65399 -99.24 76.82 1.75e-19 1.31112
63269 -6.11 50.90 1.73e-19 1.30671
63275 -4.48 49.24 1.64e-19 1.28246
64037 20.50 76.00 1.96e-19 1.13560
64034 20.50 78.00 2.04e-19 1.18405
64028 20.50 82.00 2.15e-19 1.27349
64031 20.50 80.00 2.10e-19 1.23141
64916 -10.90 69.01 2.17e-19 1.29972
64793 -11.53 62.26 2.14e-19 1.36228
64790 -17.07 60.82 2.07e-19 1.36780
64910 -24.30 65.88 2.14e-19 1.36333
64913 -18.05 67.59 2.17e-19 1.34037
64796 -5.47 63.42 2.17e-19 1.34462
65144 -55.70 70.89 1.97e-19 1.35828
64430 42.12 55.41 1.91e-19 1.34871
64433 46.66 53.94 1.79e-19 1.32175
64349 20.35 55.86 2.05e-19 1.36703
64352 25.62 55.44 2.02e-19 1.36475
64355 30.72 54.74 1.97e-19 1.35811
63383 65.50 62.76 1.94e-19 1.35439
63113 -138.30 76.00 1.44e-19 1.21687
64436 50.85 52.27 1.64e-19 1.28057
64334 -5.61 53.80 1.89e-19 1.34491
65504 -141.78 74.62 1.34e-19 1.17745
64331 -10.23 52.61 1.79e-19 1.32154
64328 -14.55 51.21 1.66e-19 1.28672
64169 15.00 41.00 1.18e-19 1.11364
64172 18.97 40.88 1.17e-19 1.10851
64175 6.71 43.52 1.34e-19 1.17788
64337 -0.72 54.74 1.97e-19 1.35811
64814 35.47 63.42 2.17e-19 1.34462
65147 -51.53 73.61 2.07e-19 1.36790
65249 96.90 68.78 1.75e-19 1.31115
64085 20.50 46.00 1.52e-19 1.24174
65336 -84.03 71.77 1.66e-19 1.28679
65252 98.64 65.84 1.58e-19 1.26167
65255 100.10 62.89 1.39e-19 1.19730
65330 -83.40 65.72 1.34e-19 1.17761
65333 -83.60 68.75 1.51e-19 1.23877
64418 20.81 58.85 2.14e-19 1.36337
64133 -154.30 79.50 1.63e-19 1.27767
65186 91.49 65.27 1.66e-19 1.28799
64136 -154.30 78.50 1.56e-19 1.25756
65183 88.92 68.10 1.83e-19 1.33162
65180 85.70 70.89 1.97e-19 1.35828
65192 95.42 59.53 1.28e-19 1.15385
65414 164.13 84.15 1.92e-19 1.35093
65432 121.61 68.04 1.36e-19 1.18469
65435 120.51 65.03 1.19e-19 1.11860
63263 -7.85 52.53 1.81e-19 1.32608
65429 123.21 71.02 1.51e-19 1.23891
65408 -134.13 84.15 1.92e-19 1.35093
63317 110.50 70.00 1.62e-19 1.27377
63311 115.98 69.92 1.54e-19 1.24927
65009 76.59 58.92 1.59e-19 1.26525
65015 -48.69 63.02 1.76e-19 1.31532
65012 -51.77 60.39 1.58e-19 1.26135
65528 -165.00 70.00 9.78e-20 1.02033
65531 -165.00 67.00 7.88e-20 0.91978
63413 52.73 55.69 1.80e-19 1.32510
64955 -46.59 58.92 1.59e-19 1.26525
64949 68.43 59.57 1.76e-19 1.31505
65111 57.58 76.63 2.18e-19 1.32088
65168 55.98 80.83 2.18e-19 1.32088
65108 46.27 78.38 2.15e-19 1.28179
65114 66.13 74.51 2.17e-19 1.35101
65117 72.61 72.15 2.11e-19 1.36653
64862 -0.65 67.20 2.15e-19 1.28183
64835 64.18 53.14 1.48e-19 1.22840
65456 -165.00 82.00 1.77e-19 1.31830
64469 -9.17 59.48 2.09e-19 1.36789
64475 2.41 61.35 2.17e-19 1.35102
64472 -3.56 60.56 2.14e-19 1.36227
65513 -177.19 75.64 1.37e-19 1.19152
65510 -165.00 76.00 1.39e-19 1.19638
65516 171.78 74.62 1.34e-19 1.17745
64451 -34.20 48.66 1.20e-19 1.11983
64454 -30.98 50.85 1.39e-19 1.19734
63905 -159.50 78.00 1.52e-19 1.24485
64289 24.88 52.47 1.89e-19 1.34439
64295 34.25 50.90 1.75e-19 1.31090
64292 29.66 51.81 1.83e-19 1.33173
64883 50.33 63.41 2.11e-19 1.36652
64880 44.43 64.97 2.17e-19 1.35104
65498 156.21 75.54 1.48e-19 1.22820
63584 -159.50 72.00 1.11e-19 1.08478
64886 55.56 61.63 2.02e-19 1.36476
64406 -2.00 57.66 2.07e-19 1.36786
65378 113.40 65.72 1.34e-19 1.17761
64403 -7.23 56.66 2.01e-19 1.36321
64400 -12.12 55.41 1.91e-19 1.34871
64223 -3.10 47.99 1.58e-19 1.26188
64220 -7.26 46.89 1.47e-19 1.22515
64118 -154.30 82.50 1.81e-19 1.32658
64121 -154.30 81.50 1.75e-19 1.31225
64226 1.25 48.86 1.66e-19 1.28821
64124 -154.30 80.50 1.69e-19 1.29592
63161 -58.62 69.66 1.89e-19 1.34519
