65006 73.24 61.42 1.19e-19 0.85373
65000 64.69 66.09 1.41e-19 0.87370
65003 69.32 63.82 1.31e-19 0.86751
63197 -35.09 66.19 1.41e-19 0.87366
64142 -154.30 75.50 9.05e-20 0.80113
63191 -39.22 67.15 1.39e-19 0.87330
65213 -57.99 77.44 1.43e-19 0.87411
65210 -61.92 74.59 1.37e-19 0.87180
65294 86.94 86.84 1.47e-19 0.87280
65291 15.00 89.00 1.48e-19 0.87229
65288 -56.94 86.84 1.47e-19 0.87280
65075 -57.47 61.57 1.03e-19 0.82629
62987 15.00 -74.00 1.30e-20 0.01300
65072 81.77 60.39 1.05e-19 0.83105
65486 -149.69 78.56 1.05e-19 0.83100
65069 78.69 63.02 1.19e-19 0.85261
65420 135.13 79.58 1.23e-19 0.85909
62981 15.00 -90.00 6.08e-20 0.06085
65483 -136.50 77.35 1.03e-19 0.82639
65156 -25.98 80.83 1.52e-19 0.85765
65426 125.59 73.95 1.10e-19 0.83879
65480 -126.21 75.54 9.84e-20 0.81780
63281 -2.95 47.55 1.04e-19 0.82770
63287 -1.51 45.84 9.64e-20 0.81398
65150 -45.89 76.23 1.48e-19 0.87241
65390 -91.61 68.04 9.01e-20 0.80018
63227 -18.77 60.10 1.39e-19 0.87307
65393 -93.21 71.02 1.01e-19 0.82217
65396 -95.59 73.95 1.10e-19 0.83879
63221 -21.51 61.46 1.40e-19 0.87360
63443 45.48 49.24 1.02e-19 0.82443
64046 20.50 70.00 1.46e-19 0.80688
64082 20.50 48.00 1.10e-19 0.83970
64043 20.50 72.00 1.42e-19 0.78760
64040 20.50 74.00 1.39e-19 0.77524
64781 -30.59 55.29 1.12e-19 0.84166
64778 -34.18 53.14 9.84e-20 0.81793
64784 -26.57 57.31 1.23e-19 0.85907
64079 20.50 50.00 1.19e-19 0.85308
64787 -22.08 59.16 1.34e-19 0.86964
64919 -2.88 70.09 1.50e-19 0.82914
64925 15.00 71.00 1.43e-19 0.79252
64922 5.86 70.77 1.46e-19 0.80586
64439 54.68 50.43 9.78e-20 0.81666
64445 61.37 46.31 7.22e-20 0.75495
64442 58.18 48.44 8.51e-20 0.78876
63119 -95.35 67.98 8.65e-20 0.79184
63125 -90.61 68.69 9.36e-20 0.80808
63377 68.74 63.99 1.32e-19 0.86845
64544 53.49 54.84 1.17e-19 0.85082
64187 23.29 43.52 8.88e-20 0.79746
64325 -18.58 49.61 1.00e-19 0.82200
63776 -159.50 74.00 8.29e-20 0.78337
64181 15.00 44.00 9.22e-20 0.80495
64178 10.84 43.88 9.14e-20 0.80311
64184 19.16 43.88 9.14e-20 0.80311
64013 -159.50 88.00 1.41e-19 0.87375
64250 37.26 46.89 9.78e-20 0.81653
64253 41.20 45.58 8.88e-20 0.79719
64073 20.50 54.00 1.34e-19 0.87013
64070 20.50 56.00 1.40e-19 0.87363
65246 94.74 71.70 1.28e-19 0.86435
65492 179.69 78.56 1.05e-19 0.83100
65243 91.92 74.59 1.37e-19 0.87180
65495 166.50 77.35 1.03e-19 0.82639
64076 20.50 52.00 1.27e-19 0.86326
65240 87.99 77.44 1.43e-19 0.87411
64208 23.74 46.51 1.03e-19 0.82643
64457 -27.42 52.92 1.05e-19 0.83127
65177 81.53 73.61 1.42e-19 0.87400
64166 11.03 40.88 7.73e-20 0.76879
64163 15.00 38.00 6.44e-20 0.73146
65171 67.87 78.68 1.51e-19 0.86627
64094 20.50 40.00 7.30e-20 0.75707
65174 75.89 76.23 1.48e-19 0.87241
64160 15.00 35.00 5.16e-20 0.68731
65387 -90.51 65.03 7.89e-20 0.77296
63257 -9.72 54.13 1.27e-19 0.86282
65297 96.36 83.93 1.45e-19 0.87379
63251 -11.73 55.69 1.31e-19 0.86714
65381 113.36 62.69 7.66e-20 0.76722
65384 113.42 59.64 6.44e-20 0.73158
65357 139.00 86.38 1.40e-19 0.87349
65348 -94.24 83.64 1.38e-19 0.87242
65351 -109.00 86.38 1.40e-19 0.87349
64091 20.50 42.00 8.23e-20 0.78173
65354 -165.00 88.00 1.41e-19 0.87375
63179 -48.39 68.69 1.35e-19 0.87077
63185 -43.65 67.98 1.38e-19 0.87235
63323 105.02 69.92 1.13e-19 0.84442
65342 -86.22 77.76 1.28e-19 0.86426
65345 -88.82 80.73 1.34e-19 0.86975
65339 -84.82 74.77 1.20e-19 0.85502
65045 15.00 77.00 1.43e-19 0.79252
65042 1.88 76.67 1.46e-19 0.80589
65039 -10.07 75.72 1.50e-19 0.82912
63407 54.89 57.20 1.25e-19 0.86059
65423 129.24 76.82 1.17e-19 0.85091
64823 52.08 59.16 1.34e-19 0.86964
65489 -165.00 79.00 1.06e-19 0.83275
64820 47.07 60.82 1.42e-19 0.87392
64967 -29.19 68.20 1.48e-19 0.87226
64964 -34.69 66.09 1.41e-19 0.87370
63401 57.23 58.68 1.28e-19 0.86390
63095 40.40 47.00 9.60e-20 0.81289
64961 -39.32 63.82 1.31e-19 0.86751
64958 -43.24 61.42 1.19e-19 0.85373
64826 56.57 57.31 1.23e-19 0.85907
65063 70.62 68.01 1.40e-19 0.87349
65126 84.80 64.32 1.16e-19 0.84871
65060 65.21 70.32 1.47e-19 0.87282
65123 81.58 67.01 1.28e-19 0.86406
65066 75.03 65.56 1.30e-19 0.86666
65120 77.61 69.63 1.38e-19 0.87243
64592 57.42 52.92 1.05e-19 0.83127
64499 49.14 56.59 1.28e-19 0.86423
65519 -154.87 72.69 7.72e-20 0.76860
65522 -165.00 73.00 7.81e-20 0.77094
65525 -175.13 72.69 7.72e-20 0.76860
63293 -0.15 44.10 8.90e-20 0.79782
64055 20.50 64.00 1.52e-19 0.85399
64052 20.50 66.00 1.52e-19 0.84101
64466 -14.37 58.15 1.37e-19 0.87182
64049 20.50 68.00 1.50e-19 0.82515
64463 -19.14 56.59 1.28e-19 0.86423
64460 -23.49 54.84 1.17e-19 0.85082
64889 60.17 59.65 1.28e-19 0.86411
64895 67.82 55.26 1.03e-19 0.82618
64892 64.24 57.52 1.16e-19 0.84862
65225 -22.03 85.01 1.51e-19 0.86476
64376 58.87 43.83 6.44e-20 0.73159
64004 -159.50 82.00 1.20e-19 0.85390
64370 52.30 47.83 8.88e-20 0.79711
64007 -159.50 84.00 1.28e-19 0.86384
64373 55.72 45.90 7.66e-20 0.76702
64229 5.74 49.49 1.16e-19 0.84868
64235 15.00 50.00 1.19e-19 0.85376
64232 10.34 49.87 1.19e-19 0.85246
64109 -154.30 85.50 1.33e-19 0.86927
64115 -154.30 83.50 1.26e-19 0.86194
64112 -154.30 84.50 1.30e-19 0.86601
63809 -159.50 76.00 9.24e-20 0.80531
64283 15.00 53.00 1.31e-19 0.86752
64280 10.03 52.87 1.30e-19 0.86682
64286 19.97 52.87 1.30e-19 0.86682
65312 105.25 69.00 1.10e-19 0.83876
65315 106.03 66.00 9.78e-20 0.81675
65309 104.36 72.00 1.20e-19 0.85508
65306 103.29 74.99 1.29e-19 0.86581
65198 -70.10 62.89 9.24e-20 0.80526
65201 -68.64 65.84 1.05e-19 0.83120
65204 -66.90 68.78 1.17e-19 0.85093
65207 -64.74 71.70 1.28e-19 0.86435
65300 99.91 80.96 1.42e-19 0.87396
65303 101.91 77.98 1.37e-19 0.87180
65078 -54.80 64.32 1.16e-19 0.84871
65081 -51.58 67.01 1.28e-19 0.86406
65411 -165.00 85.00 1.31e-19 0.86752
65084 -47.61 69.63 1.38e-19 0.87243
65087 -42.61 72.15 1.45e-19 0.87379
64859 -7.85 66.25 1.52e-19 0.85765
64865 7.04 67.80 1.50e-19 0.82911
65417 145.34 82.12 1.28e-19 0.86414
63329 99.62 69.66 1.18e-19 0.85100
63335 94.39 69.25 1.21e-19 0.85643
63449 43.95 47.55 9.55e-20 0.81193
63455 42.51 45.84 8.89e-20 0.79770
64994 52.64 70.09 1.52e-19 0.86315
64988 35.87 72.94 1.49e-19 0.82286
64991 44.88 71.70 1.52e-19 0.84658
63215 -24.50 62.76 1.41e-19 0.87382
65153 -37.87 78.68 1.51e-19 0.86627
64997 59.19 68.20 1.48e-19 0.87226
63209 -27.74 63.99 1.42e-19 0.87394
64934 40.90 69.01 1.52e-19 0.84982
64016 14.04 90.00 1.46e-19 0.87363
64931 32.88 70.09 1.50e-19 0.82914
63431 48.85 52.53 1.13e-19 0.84372
64928 24.14 70.77 1.46e-19 0.80586
64010 -159.50 86.00 1.35e-19 0.87048
63473 -159.50 70.00 6.46e-20 0.73205
64937 48.05 67.59 1.51e-19 0.86474
63437 47.11 50.90 1.08e-19 0.83495
65132 -65.42 59.53 8.47e-20 0.78755
65135 -63.62 62.41 9.84e-20 0.81769
65129 87.47 61.57 1.03e-19 0.82629
64772 64.20 48.66 7.91e-20 0.77349
64775 -37.39 50.87 8.47e-20 0.78782
64415 15.00 59.00 1.48e-19 0.87229
64412 9.19 58.85 1.47e-19 0.87281
64409 3.49 58.40 1.45e-19 0.87381
63137 -80.38 69.66 1.07e-19 0.83400
63131 -85.61 69.25 1.00e-19 0.82195
64316 -22.30 47.83 8.88e-20 0.79711
64313 -25.72 45.90 7.66e-20 0.76702
64310 -28.87 43.83 6.44e-20 0.73159
63155 -64.02 69.92 1.24e-19 0.85950
63149 -69.50 70.00 1.19e-19 0.85275
64259 -20.22 45.15 7.89e-20 0.77298
64265 -12.75 48.42 1.00e-19 0.82198
64262 -16.62 46.88 9.01e-20 0.80033
65327 -83.36 62.69 7.66e-20 0.76722
57281 15.00 -74.00 1.30e-20 0.01300
64100 -154.30 88.50 1.42e-19 0.87405
64103 -154.30 87.50 1.39e-19 0.87329
65237 82.04 80.22 1.48e-19 0.87243
65234 71.87 82.83 1.50e-19 0.86855
64106 -154.30 86.50 1.36e-19 0.87169
65231 52.03 85.01 1.51e-19 0.86476
65228 15.00 86.00 1.52e-19 0.86317
65267 -76.03 66.00 9.78e-20 0.81675
64088 20.50 44.00 9.17e-20 0.80386
64193 2.01 45.89 9.83e-20 0.81767
64190 -2.11 45.05 9.24e-20 0.80547
64157 -154.30 77.50 9.99e-20 0.82081
64154 -154.30 71.50 7.18e-20 0.75386
64151 -154.30 72.50 7.64e-20 0.76661
64148 -154.30 73.50 8.11e-20 0.77875
64196 6.26 46.51 1.03e-19 0.82643
64982 15.00 74.00 1.34e-19 0.75618
64985 25.77 73.73 1.43e-19 0.79254
65369 114.82 74.77 1.20e-19 0.85502
64979 4.23 73.73 1.43e-19 0.79254
65375 113.60 68.75 1.01e-19 0.82207
65372 114.03 71.77 1.11e-19 0.84128
65366 116.22 77.76 1.28e-19 0.86426
65360 124.24 83.64 1.38e-19 0.87242
65363 118.82 80.73 1.34e-19 0.86975
65459 174.45 81.43 1.19e-19 0.85261
65462 158.42 79.90 1.16e-19 0.84865
65465 147.41 77.77 1.12e-19 0.84180
63173 -53.39 69.25 1.32e-19 0.86820
65036 -20.23 74.26 1.52e-19 0.84982
65270 -75.25 69.00 1.10e-19 0.83876
65273 -74.36 72.00 1.20e-19 0.85508
64952 71.94 57.20 1.05e-19 0.83111
65276 -73.29 74.99 1.29e-19 0.86581
65030 -35.21 70.32 1.47e-19 0.87282
65033 -28.52 72.43 1.51e-19 0.86475
64808 22.07 64.82 1.52e-19 0.84982
64811 28.94 64.29 1.52e-19 0.85765
65501 148.54 73.33 9.24e-20 0.80533
63353 80.22 67.15 1.30e-19 0.86595
64817 41.53 62.26 1.48e-19 0.87246
63389 62.51 61.46 1.31e-19 0.86740
63395 59.77 60.10 1.30e-19 0.86601
65507 -152.81 75.64 9.14e-20 0.80290
65054 50.23 74.26 1.52e-19 0.84982
65096 -16.27 78.38 1.52e-19 0.84312
65051 40.07 75.72 1.50e-19 0.82912
65048 28.12 76.67 1.46e-19 0.80589
65090 -36.13 74.51 1.50e-19 0.86854
65093 -27.58 76.63 1.52e-19 0.85765
65057 58.52 72.43 1.51e-19 0.86475
64496 44.37 58.15 1.37e-19 0.87182
64490 33.56 60.56 1.48e-19 0.87245
64493 39.17 59.48 1.43e-19 0.87410
63305 121.38 69.66 9.68e-20 0.81445
63299 126.61 69.25 9.06e-20 0.80122
64058 20.50 62.00 1.51e-19 0.86386
64061 20.50 60.00 1.49e-19 0.87047
64067 20.50 58.00 1.45e-19 0.87375
64802 7.93 64.82 1.52e-19 0.84982
64805 15.00 65.00 1.52e-19 0.84658
64799 1.06 64.29 1.52e-19 0.85765
64907 -29.72 63.95 1.40e-19 0.87352
64904 -34.39 61.83 1.30e-19 0.86667
64898 -41.94 57.20 1.05e-19 0.83111
64901 -38.43 59.57 1.19e-19 0.85243
64829 60.59 55.29 1.12e-19 0.84166
64379 -31.37 46.31 7.22e-20 0.75495
64367 48.58 49.61 1.00e-19 0.82200
64364 44.55 51.21 1.11e-19 0.84124
64361 40.23 52.61 1.20e-19 0.85502
64358 35.61 53.80 1.28e-19 0.86439
63371 72.27 65.14 1.32e-19 0.86818
63101 -146.50 74.10 8.52e-20 0.78897
63107 41.70 76.00 1.51e-19 0.83256
63968 -159.50 80.00 1.11e-19 0.84074
64343 9.65 55.86 1.40e-19 0.87353
63365 76.09 66.19 1.31e-19 0.86727
64247 33.10 47.99 1.05e-19 0.83134
64340 4.38 55.44 1.38e-19 0.87252
64244 28.75 48.86 1.12e-19 0.84184
64238 19.66 49.87 1.19e-19 0.85246
64346 15.00 56.00 1.41e-19 0.87375
64241 24.26 49.49 1.16e-19 0.84868
64268 -8.62 49.77 1.10e-19 0.83879
64271 -4.25 50.90 1.17e-19 0.85076
64274 0.34 51.81 1.24e-19 0.85911
64277 5.12 52.47 1.28e-19 0.86419
65264 -76.74 62.99 8.51e-20 0.78874
65261 -77.40 59.97 7.22e-20 0.75494
65258 101.35 59.93 7.91e-20 0.77348
65324 -83.42 59.64 6.44e-20 0.73158
65321 107.40 59.97 7.22e-20 0.75494
65318 106.74 62.99 8.51e-20 0.78874
64145 -154.30 74.50 8.58e-20 0.79027
65189 93.62 62.41 9.84e-20 0.81769
65195 -71.35 59.93 7.91e-20 0.77348
64139 -154.30 76.50 9.52e-20 0.81132
65441 -105.01 72.61 9.78e-20 0.81666
65438 -101.49 69.80 8.88e-20 0.79730
65444 -110.04 75.29 1.05e-19 0.83125
65447 -117.41 77.77 1.12e-19 0.84180
63341 89.39 68.69 1.25e-19 0.86064
63347 84.65 67.98 1.27e-19 0.86370
65018 -45.03 65.56 1.30e-19 0.86666
65027 -40.62 68.01 1.40e-19 0.87349
65159 -8.31 82.40 1.52e-19 0.84982
63239 -16.23 58.68 1.37e-19 0.87202
63245 -13.89 57.20 1.34e-19 0.86997
65165 38.31 82.40 1.52e-19 0.84982
63419 50.72 54.13 1.17e-19 0.85090
64943 59.72 63.95 1.40e-19 0.87352
64946 64.39 61.83 1.30e-19 0.86667
64847 -30.17 59.65 1.28e-19 0.86411
65141 -58.92 68.10 1.23e-19 0.85903
65138 -61.49 65.27 1.12e-19 0.84169
64838 67.39 50.87 8.47e-20 0.78782
64841 -37.82 55.26 1.03e-19 0.82618
64844 -34.24 57.52 1.16e-19 0.84862
64478 8.63 61.84 1.51e-19 0.86476
64481 15.00 62.00 1.52e-19 0.86317
64484 21.37 61.84 1.51e-19 0.86476
64487 27.59 61.35 1.50e-19 0.86855
64421 26.51 58.40 1.45e-19 0.87381
64424 32.00 57.66 1.42e-19 0.87397
64853 -20.33 63.41 1.45e-19 0.87378
64850 -25.56 61.63 1.38e-19 0.87253
64856 -14.43 64.97 1.50e-19 0.86856
63143 -74.98 69.92 1.13e-19 0.84448
64307 50.22 45.15 7.89e-20 0.77298
64298 38.62 49.77 1.10e-19 0.83879
64301 42.75 48.42 1.00e-19 0.82198
64304 46.62 46.88 9.01e-20 0.80033
64874 30.65 67.20 1.52e-19 0.84313
64868 15.00 68.00 1.49e-19 0.82287
64871 22.96 67.80 1.50e-19 0.82911
64877 37.85 66.25 1.52e-19 0.85765
64022 20.50 86.00 1.52e-19 0.86327
64025 20.50 84.00 1.52e-19 0.85318
64397 -16.66 53.94 1.20e-19 0.85517
64019 20.50 88.00 1.49e-19 0.87012
64394 -20.85 52.27 1.10e-19 0.83876
64388 -28.18 48.44 8.51e-20 0.78876
64391 -24.68 50.43 9.78e-20 0.81666
64214 32.11 45.05 9.24e-20 0.80547
64097 -154.30 89.50 1.45e-19 0.87397
64211 27.99 45.89 9.83e-20 0.81767
65219 -52.04 80.22 1.48e-19 0.87243
64217 -11.20 45.58 8.88e-20 0.79719
65222 -41.87 82.83 1.50e-19 0.86855
64427 37.23 56.66 1.37e-19 0.87184
64199 10.61 46.88 1.05e-19 0.83130
64202 15.00 47.00 1.06e-19 0.83275
64205 19.39 46.88 1.05e-19 0.83130
64976 -5.87 72.94 1.49e-19 0.82286
64973 -14.88 71.70 1.52e-19 0.84658
64970 -22.64 70.09 1.52e-19 0.86315
65450 -128.42 79.90 1.16e-19 0.84865
65453 -144.45 81.43 1.19e-19 0.85261
65162 15.00 83.00 1.52e-19 0.84658
63203 -31.27 65.14 1.41e-19 0.87391
65279 -71.91 77.98 1.37e-19 0.87180
65285 -66.36 83.93 1.45e-19 0.87379
65282 -69.91 80.96 1.42e-19 0.87396
65471 135.01 72.61 9.78e-20 0.81666
65468 140.04 75.29 1.05e-19 0.83125
65474 131.49 69.80 8.88e-20 0.79730
65477 -118.54 73.33 9.24e-20 0.80533
62993 15.00 -90.00 6.08e-20 0.06085
64940 54.30 65.88 1.47e-19 0.87278
65099 -1.81 79.57 1.50e-19 0.82912
65105 31.81 79.57 1.50e-19 0.82912
65102 15.00 80.00 1.49e-19 0.82287
64688 60.98 50.85 9.24e-20 0.80529
65405 -115.34 82.12 1.28e-19 0.86414
65402 -105.13 79.58 1.23e-19 0.85909
65399 -99.24 76.82 1.17e-19 0.85091
63269 -6.11 50.90 1.16e-19 0.84912
63275 -4.48 49.24 1.10e-19 0.83948
64037 20.50 76.00 1.42e-19 0.78632
64034 20.50 78.00 1.46e-19 0.80553
64028 20.50 82.00 1.52e-19 0.83999
64031 20.50 80.00 1.49e-19 0.82394
64916 -10.90 69.01 1.52e-19 0.84982
64793 -11.53 62.26 1.48e-19 0.87246
64790 -17.07 60.82 1.42e-19 0.87392
64910 -24.30 65.88 1.47e-19 0.87278
64913 -18.05 67.59 1.51e-19 0.86474
64796 -5.47 63.42 1.51e-19 0.86626
65144 -55.70 70.89 1.34e-19 0.86979
64430 42.12 55.41 1.29e-19 0.86591
64433 46.66 53.94 1.20e-19 0.85517
64349 20.35 55.86 1.40e-19 0.87353
64352 25.62 55.44 1.38e-19 0.87252
64355 30.72 54.74 1.34e-19 0.86967
63383 65.50 62.76 1.32e-19 0.86816
63113 -138.30 76.00 9.61e-20 0.81324
64436 50.85 52.27 1.10e-19 0.83876
64334 -5.61 53.80 1.28e-19 0.86439
65504 -141.78 74.62 8.88e-20 0.79716
64331 -10.23 52.61 1.20e-19 0.85502
64328 -14.55 51.21 1.11e-19 0.84124
64169 15.00 41.00 7.81e-20 0.77094
64172 18.97 40.88 7.73e-20 0.76879
64175 6.71 43.52 8.88e-20 0.79746
64337 -0.72 54.74 1.34e-19 0.86967
64814 35.47 63.42 1.51e-19 0.86626
65147 -51.53 73.61 1.42e-19 0.87400
65249 96.90 68.78 1.17e-19 0.85093
64085 20.50 46.00 1.01e-19 0.82325
65336 -84.03 71.77 1.11e-19 0.84128
65252 98.64 65.84 1.05e-19 0.83120
65255 100.10 62.89 9.24e-20 0.80526
65330 -83.40 65.72 8.88e-20 0.79727
65333 -83.60 68.75 1.01e-19 0.82207
64418 20.81 58.85 1.47e-19 0.87281
64133 -154.30 79.50 1.09e-19 0.83760
65186 91.49 65.27 1.12e-19 0.84169
64136 -154.30 78.50 1.04e-19 0.82958
65183 88.92 68.10 1.23e-19 0.85903
65180 85.70 70.89 1.34e-19 0.86979
65192 95.42 59.53 8.47e-20 0.78755
65414 164.13 84.15 1.30e-19 0.86683
65432 121.61 68.04 9.01e-20 0.80018
65435 120.51 65.03 7.89e-20 0.77296
63263 -7.85 52.53 1.22e-19 0.85683
65429 123.21 71.02 1.01e-19 0.82217
65408 -134.13 84.15 1.30e-19 0.86683
63317 110.50 70.00 1.08e-19 0.83605
63311 115.98 69.92 1.03e-19 0.82632
65009 76.59 58.92 1.06e-19 0.83258
65015 -48.69 63.02 1.19e-19 0.85261
65012 -51.77 60.39 1.05e-19 0.83105
65528 -165.00 70.00 6.44e-20 0.73146
65531 -165.00 67.00 5.16e-20 0.68731
63413 52.73 55.69 1.21e-19 0.85649
64955 -46.59 58.92 1.06e-19 0.83258
64949 68.43 59.57 1.19e-19 0.85243
65111 57.58 76.63 1.52e-19 0.85765
65168 55.98 80.83 1.52e-19 0.85765
65108 46.27 78.38 1.52e-19 0.84312
65114 66.13 74.51 1.50e-19 0.86854
65117 72.61 72.15 1.45e-19 0.87379
64862 -0.65 67.20 1.52e-19 0.84313
64835 64.18 53.14 9.84e-20 0.81793
65456 -165.00 82.00 1.19e-19 0.85376
64469 -9.17 59.48 1.43e-19 0.87410
64475 2.41 61.35 1.50e-19 0.86855
64472 -3.56 60.56 1.48e-19 0.87245
65513 -177.19 75.64 9.14e-20 0.80290
65510 -165.00 76.00 9.22e-20 0.80495
65516 171.78 74.62 8.88e-20 0.79716
64451 -34.20 48.66 7.91e-20 0.77349
64454 -30.98 50.85 9.24e-20 0.80529
63905 -159.50 78.00 1.02e-19 0.82449
64289 24.88 52.47 1.28e-19 0.86419
64295 34.25 50.90 1.17e-19 0.85076
64292 29.66 51.81 1.24e-19 0.85911
64883 50.33 63.41 1.45e-19 0.87378
64880 44.43 64.97 1.50e-19 0.86856
65498 156.21 75.54 9.84e-20 0.81780
63584 -159.50 72.00 7.36e-20 0.75887
64886 55.56 61.63 1.38e-19 0.87253
64406 -2.00 57.66 1.42e-19 0.87397
65378 113.40 65.72 8.88e-20 0.79727
64403 -7.23 56.66 1.37e-19 0.87184
64400 -12.12 55.41 1.29e-19 0.86591
64223 -3.10 47.99 1.05e-19 0.83134
64220 -7.26 46.89 9.78e-20 0.81653
64118 -154.30 82.50 1.22e-19 0.85705
64121 -154.30 81.50 1.18e-19 0.85135
64226 1.25 48.86 1.12e-19 0.84184
64124 -154.30 80.50 1.13e-19 0.84487
63161 -58.62 69.66 1.28e-19 0.86446
