65006 73.24 61.42 1.22e-19 0.87192
65000 64.69 66.09 1.42e-19 0.88036
65003 69.32 63.82 1.33e-19 0.87814
63197 -35.09 66.19 1.42e-19 0.88035
64142 -154.30 75.50 9.56e-20 0.84606
63191 -39.22 67.15 1.41e-19 0.88035
65213 -57.99 77.44 1.44e-19 0.88030
65210 -61.92 74.59 1.38e-19 0.87984
65294 86.94 86.84 1.48e-19 0.87907
65291 15.00 89.00 1.49e-19 0.87870
65288 -56.94 86.84 1.48e-19 0.87907
65075 -57.47 61.57 1.07e-19 0.85870
62987 15.00 -74.00 -4.39e-22 -0.00044
65072 81.77 60.39 1.09e-19 0.86099
65486 -149.69 78.56 1.09e-19 0.86094
65069 78.69 63.02 1.21e-19 0.87146
65420 135.13 79.58 1.26e-19 0.87442
62981 15.00 -90.00 -1.41e-21 -0.00141
65483 -136.50 77.35 1.07e-19 0.85879
65156 -25.98 80.83 1.54e-19 0.86980
65426 125.59 73.95 1.13e-19 0.86482
65480 -126.21 75.54 1.03e-19 0.85446
63281 -2.95 47.55 1.07e-19 0.85934
63287 -1.51 45.84 1.01e-19 0.85259
65150 -45.89 76.23 1.49e-19 0.87879
65390 -91.61 68.04 9.52e-20 0.84556
63227 -18.77 60.10 1.40e-19 0.88027
65393 -93.21 71.02 1.05e-19 0.85670
65396 -95.59 73.95 1.13e-19 0.86482
63221 -21.51 61.46 1.41e-19 0.88037
63443 45.48 49.24 1.06e-19 0.85774
64046 20.50 70.00 1.52e-19 0.84101
64082 20.50 48.00 1.14e-19 0.86525
64043 20.50 72.00 1.50e-19 0.83010
64040 20.50 74.00 1.48e-19 0.82307
64781 -30.59 55.29 1.15e-19 0.86617
64778 -34.18 53.14 1.03e-19 0.85458
64784 -26.57 57.31 1.26e-19 0.87440
64079 20.50 50.00 1.22e-19 0.87163
64787 -22.08 59.16 1.35e-19 0.87897
64919 -2.88 70.09 1.55e-19 0.85358
64925 15.00 71.00 1.50e-19 0.83289
64922 5.86 70.77 1.52e-19 0.84044
64439 54.68 50.43 1.02e-19 0.85391
64445 61.37 46.31 7.86e-20 0.82205
64442 58.18 48.44 9.06e-20 0.83978
63119 -95.35 67.98 9.19e-20 0.84130
63125 -90.61 68.69 9.84e-20 0.84965
63377 68.74 63.99 1.34e-19 0.87853
64544 53.49 54.84 1.20e-19 0.87053
64187 23.29 43.52 9.40e-20 0.84423
64325 -18.58 49.61 1.05e-19 0.85655
63776 -159.50 74.00 8.86e-20 0.83694
64181 15.00 44.00 9.72e-20 0.84800
64178 10.84 43.88 9.64e-20 0.84709
64184 19.16 43.88 9.64e-20 0.84709
64013 -159.50 88.00 1.42e-19 0.88041
64250 37.26 46.89 1.02e-19 0.85380
64253 41.20 45.58 9.40e-20 0.84399
64073 20.50 54.00 1.36e-19 0.87922
64070 20.50 56.00 1.42e-19 0.88039
65246 94.74 71.70 1.30e-19 0.87680
65492 179.69 78.56 1.09e-19 0.86094
65243 91.92 74.59 1.38e-19 0.87984
65495 166.50 77.35 1.07e-19 0.85879
64076 20.50 52.00 1.29e-19 0.87629
65240 87.99 77.44 1.44e-19 0.88030
64208 23.74 46.51 1.07e-19 0.85882
64457 -27.42 52.92 1.09e-19 0.86115
65177 81.53 73.61 1.43e-19 0.88042
64166 11.03 40.88 8.33e-20 0.82932
64163 15.00 38.00 7.12e-20 0.80944
65171 67.87 78.68 1.52e-19 0.87489
64094 20.50 40.00 7.93e-20 0.82316
65174 75.89 76.23 1.49e-19 0.87879
64160 15.00 35.00 5.90e-20 0.78512
65387 -90.51 65.03 8.48e-20 0.83148
63257 -9.72 54.13 1.29e-19 0.87613
65297 96.36 83.93 1.46e-19 0.87986
63251 -11.73 55.69 1.32e-19 0.87802
65381 113.36 62.69 8.28e-20 0.82857
65384 113.42 59.64 7.12e-20 0.80956
65357 139.00 86.38 1.41e-19 0.88036
65348 -94.24 83.64 1.39e-19 0.88004
65351 -109.00 86.38 1.41e-19 0.88036
64091 20.50 42.00 8.80e-20 0.83609
65354 -165.00 88.00 1.42e-19 0.88041
63179 -48.39 68.69 1.36e-19 0.87949
63185 -43.65 67.98 1.39e-19 0.88005
63323 105.02 69.92 1.16e-19 0.86757
65342 -86.22 77.76 1.30e-19 0.87672
65345 -88.82 80.73 1.35e-19 0.87907
65339 -84.82 74.77 1.23e-19 0.87252
65045 15.00 77.00 1.50e-19 0.83289
65042 1.88 76.67 1.52e-19 0.84046
65039 -10.07 75.72 1.55e-19 0.85357
63407 54.89 57.20 1.27e-19 0.87506
65423 129.24 76.82 1.20e-19 0.87062
64823 52.08 59.16 1.35e-19 0.87897
65489 -165.00 79.00 1.10e-19 0.86187
64820 47.07 60.82 1.43e-19 0.88034
64967 -29.19 68.20 1.49e-19 0.87868
64964 -34.69 66.09 1.42e-19 0.88036
63401 57.23 58.68 1.29e-19 0.87662
63095 40.40 47.00 1.01e-19 0.85201
64961 -39.32 63.82 1.33e-19 0.87814
64958 -43.24 61.42 1.22e-19 0.87192
64826 56.57 57.31 1.26e-19 0.87440
65063 70.62 68.01 1.41e-19 0.88035
65126 84.80 64.32 1.19e-19 0.86960
65060 65.21 70.32 1.48e-19 0.87909
65123 81.58 67.01 1.30e-19 0.87663
65066 75.03 65.56 1.32e-19 0.87775
65120 77.61 69.63 1.39e-19 0.88005
64592 57.42 52.92 1.09e-19 0.86115
64499 49.14 56.59 1.30e-19 0.87669
65519 -154.87 72.69 8.33e-20 0.82915
65522 -165.00 73.00 8.41e-20 0.83047
65525 -175.13 72.69 8.33e-20 0.82915
63293 -0.15 44.10 9.42e-20 0.84441
64055 20.50 64.00 1.55e-19 0.86769
64052 20.50 66.00 1.55e-19 0.86029
64466 -14.37 58.15 1.38e-19 0.87986
64049 20.50 68.00 1.54e-19 0.85133
64463 -19.14 56.59 1.30e-19 0.87669
64460 -23.49 54.84 1.20e-19 0.87053
64889 60.17 59.65 1.30e-19 0.87668
64895 67.82 55.26 1.07e-19 0.85860
64892 64.24 57.52 1.19e-19 0.86952
65225 -22.03 85.01 1.53e-19 0.87399
64376 58.87 43.83 7.12e-20 0.80957
64004 -159.50 82.00 1.22e-19 0.87202
64370 52.30 47.83 9.40e-20 0.84391
64007 -159.50 84.00 1.29e-19 0.87656
64373 55.72 45.90 8.27e-20 0.82838
64229 5.74 49.49 1.19e-19 0.86958
64235 15.00 50.00 1.22e-19 0.87195
64232 10.34 49.87 1.21e-19 0.87132
64109 -154.30 85.50 1.35e-19 0.87887
64115 -154.30 83.50 1.28e-19 0.87571
64112 -154.30 84.50 1.31e-19 0.87751
63809 -159.50 76.00 9.73e-20 0.84818
64283 15.00 53.00 1.33e-19 0.87815
64280 10.03 52.87 1.32e-19 0.87790
64286 19.97 52.87 1.32e-19 0.87790
65312 105.25 69.00 1.13e-19 0.86479
65315 106.03 66.00 1.02e-19 0.85399
65309 104.36 72.00 1.23e-19 0.87257
65306 103.29 74.99 1.31e-19 0.87740
65198 -70.10 62.89 9.73e-20 0.84810
65201 -68.64 65.84 1.09e-19 0.86108
65204 -66.90 68.78 1.20e-19 0.87064
65207 -64.74 71.70 1.30e-19 0.87680
65300 99.91 80.96 1.43e-19 0.88038
65303 101.91 77.98 1.38e-19 0.87984
65078 -54.80 64.32 1.19e-19 0.86960
65081 -51.58 67.01 1.30e-19 0.87663
65411 -165.00 85.00 1.33e-19 0.87815
65084 -47.61 69.63 1.39e-19 0.88005
65087 -42.61 72.15 1.46e-19 0.87985
64859 -7.85 66.25 1.54e-19 0.86982
64865 7.04 67.80 1.55e-19 0.85356
65417 145.34 82.12 1.30e-19 0.87671
63329 99.62 69.66 1.20e-19 0.87063
63335 94.39 69.25 1.24e-19 0.87319
63449 43.95 47.55 1.00e-19 0.85148
63455 42.51 45.84 9.41e-20 0.84435
64994 52.64 70.09 1.53e-19 0.87302
64988 35.87 72.94 1.54e-19 0.85003
64991 44.88 71.70 1.55e-19 0.86346
63215 -24.50 62.76 1.42e-19 0.88037
65153 -37.87 78.68 1.52e-19 0.87489
64997 59.19 68.20 1.49e-19 0.87868
63209 -27.74 63.99 1.43e-19 0.88041
64934 40.90 69.01 1.55e-19 0.86530
64016 14.04 90.00 1.47e-19 0.87971
64931 32.88 70.09 1.55e-19 0.85358
63431 48.85 52.53 1.16e-19 0.86717
64928 24.14 70.77 1.52e-19 0.84044
64010 -159.50 86.00 1.36e-19 0.87936
63473 -159.50 70.00 7.14e-20 0.80976
64937 48.05 67.59 1.53e-19 0.87397
63437 47.11 50.90 1.11e-19 0.86291
65132 -65.42 59.53 9.02e-20 0.83908
65135 -63.62 62.41 1.03e-19 0.85436
65129 87.47 61.57 1.07e-19 0.85870
64772 64.20 48.66 8.50e-20 0.83177
64775 -37.39 50.87 9.02e-20 0.83933
64415 15.00 59.00 1.49e-19 0.87870
64412 9.19 58.85 1.48e-19 0.87908
64409 3.49 58.40 1.46e-19 0.87988
63137 -80.38 69.66 1.11e-19 0.86242
63131 -85.61 69.25 1.05e-19 0.85651
64316 -22.30 47.83 9.40e-20 0.84391
64313 -25.72 45.90 8.27e-20 0.82838
64310 -28.87 43.83 7.12e-20 0.80957
63155 -64.02 69.92 1.26e-19 0.87464
63149 -69.50 70.00 1.21e-19 0.87148
64259 -20.22 45.15 8.48e-20 0.83150
64265 -12.75 48.42 1.05e-19 0.85653
64262 -16.62 46.88 9.52e-20 0.84570
65327 -83.36 62.69 8.28e-20 0.82857
57281 15.00 -74.00 -4.39e-22 -0.00044
64100 -154.30 88.50 1.43e-19 0.88040
64103 -154.30 87.50 1.41e-19 0.88032
65237 82.04 80.22 1.49e-19 0.87880
65234 71.87 82.83 1.51e-19 0.87628
64106 -154.30 86.50 1.38e-19 0.87981
65231 52.03 85.01 1.53e-19 0.87399
65228 15.00 86.00 1.53e-19 0.87304
65267 -76.03 66.00 1.02e-19 0.85399
64088 20.50 44.00 9.67e-20 0.84745
64193 2.01 45.89 1.03e-19 0.85434
64190 -2.11 45.05 9.74e-20 0.84829
64157 -154.30 77.50 1.04e-19 0.85597
64154 -154.30 71.50 7.83e-20 0.82146
64151 -154.30 72.50 8.26e-20 0.82819
64148 -154.30 73.50 8.69e-20 0.83454
64196 6.26 46.51 1.07e-19 0.85882
64982 15.00 74.00 1.44e-19 0.81217
64985 25.77 73.73 1.50e-19 0.83290
65369 114.82 74.77 1.23e-19 0.87252
64979 4.23 73.73 1.50e-19 0.83290
65375 113.60 68.75 1.05e-19 0.85662
65372 114.03 71.77 1.14e-19 0.86607
65366 116.22 77.76 1.30e-19 0.87672
65360 124.24 83.64 1.39e-19 0.88004
65363 118.82 80.73 1.35e-19 0.87907
65459 174.45 81.43 1.21e-19 0.87145
65462 158.42 79.90 1.19e-19 0.86955
65465 147.41 77.77 1.15e-19 0.86629
63173 -53.39 69.25 1.33e-19 0.87843
65036 -20.23 74.26 1.55e-19 0.86530
65270 -75.25 69.00 1.13e-19 0.86479
65273 -74.36 72.00 1.23e-19 0.87257
64952 71.94 57.20 1.09e-19 0.86104
65276 -73.29 74.99 1.31e-19 0.87740
65030 -35.21 70.32 1.48e-19 0.87909
65033 -28.52 72.43 1.53e-19 0.87399
64808 22.07 64.82 1.55e-19 0.86530
64811 28.94 64.29 1.54e-19 0.86982
65501 148.54 73.33 9.73e-20 0.84816
63353 80.22 67.15 1.31e-19 0.87751
64817 41.53 62.26 1.49e-19 0.87884
63005 15.00 -90.00 -1.41e-21 -0.00141
63389 62.51 61.46 1.33e-19 0.87808
62999 15.00 -74.00 -4.39e-22 -0.00044
63395 59.77 60.10 1.31e-19 0.87751
65507 -152.81 75.64 9.64e-20 0.84689
65054 50.23 74.26 1.55e-19 0.86530
65096 -16.27 78.38 1.55e-19 0.86149
65051 40.07 75.72 1.55e-19 0.85357
65048 28.12 76.67 1.52e-19 0.84046
65090 -36.13 74.51 1.51e-19 0.87627
65093 -27.58 76.63 1.54e-19 0.86981
65057 58.52 72.43 1.53e-19 0.87399
64496 44.37 58.15 1.38e-19 0.87986
64490 33.56 60.56 1.49e-19 0.87883
64493 39.17 59.48 1.44e-19 0.88029
63017 15.00 -90.00 -1.41e-21 -0.00141
63305 121.38 69.66 1.01e-19 0.85272
63011 15.00 -74.00 -4.39e-22 -0.00044
63299 126.61 69.25 9.56e-20 0.84608
64058 20.50 62.00 1.53e-19 0.87345
64061 20.50 60.00 1.50e-19 0.87750
64067 20.50 58.00 1.46e-19 0.87982
64802 7.93 64.82 1.55e-19 0.86530
64805 15.00 65.00 1.55e-19 0.86346
64799 1.06 64.29 1.54e-19 0.86982
64907 -29.72 63.95 1.41e-19 0.88038
64904 -34.39 61.83 1.32e-19 0.87777
64898 -41.94 57.20 1.09e-19 0.86104
64901 -38.43 59.57 1.21e-19 0.87129
64829 60.59 55.29 1.15e-19 0.86617
64379 -31.37 46.31 7.86e-20 0.82205
64367 48.58 49.61 1.05e-19 0.85655
64364 44.55 51.21 1.14e-19 0.86602
64361 40.23 52.61 1.23e-19 0.87252
64358 35.61 53.80 1.30e-19 0.87684
63371 72.27 65.14 1.33e-19 0.87843
63101 -146.50 74.10 9.07e-20 0.83983
63107 41.70 76.00 1.55e-19 0.85551
63968 -159.50 80.00 1.14e-19 0.86576
64343 9.65 55.86 1.41e-19 0.88040
63365 76.09 66.19 1.33e-19 0.87800
64247 33.10 47.99 1.09e-19 0.86121
64340 4.38 55.44 1.39e-19 0.88013
64244 28.75 48.86 1.15e-19 0.86633
64238 19.66 49.87 1.21e-19 0.87132
64346 15.00 56.00 1.42e-19 0.88041
64241 24.26 49.49 1.19e-19 0.86958
64268 -8.62 49.77 1.13e-19 0.86482
64271 -4.25 50.90 1.20e-19 0.87048
64274 0.34 51.81 1.26e-19 0.87444
64277 5.12 52.47 1.30e-19 0.87676
65264 -76.74 62.99 9.06e-20 0.83976
65261 -77.40 59.97 7.86e-20 0.82204
65258 101.35 59.93 8.50e-20 0.83176
65324 -83.42 59.64 7.12e-20 0.80956
65321 107.40 59.97 7.86e-20 0.82204
65318 106.74 62.99 9.06e-20 0.83976
64145 -154.30 74.50 9.12e-20 0.84050
65189 93.62 62.41 1.03e-19 0.85436
65195 -71.35 59.93 8.50e-20 0.83176
64139 -154.30 76.50 9.99e-20 0.85122
65441 -105.01 72.61 1.02e-19 0.85391
65438 -101.49 69.80 9.40e-20 0.84409
65444 -110.04 75.29 1.09e-19 0.86113
65447 -117.41 77.77 1.15e-19 0.86629
63341 89.39 68.69 1.27e-19 0.87515
63347 84.65 67.98 1.29e-19 0.87650
65018 -45.03 65.56 1.32e-19 0.87775
65027 -40.62 68.01 1.41e-19 0.88035
65159 -8.31 82.40 1.55e-19 0.86530
63239 -16.23 58.68 1.38e-19 0.87997
63245 -13.89 57.20 1.36e-19 0.87912
65165 38.31 82.40 1.55e-19 0.86530
63419 50.72 54.13 1.20e-19 0.87064
64943 59.72 63.95 1.41e-19 0.88038
64946 64.39 61.83 1.32e-19 0.87777
64847 -30.17 59.65 1.30e-19 0.87668
65141 -58.92 68.10 1.26e-19 0.87437
65138 -61.49 65.27 1.15e-19 0.86620
64838 67.39 50.87 9.02e-20 0.83933
64841 -37.82 55.26 1.07e-19 0.85860
64844 -34.24 57.52 1.19e-19 0.86952
64478 8.63 61.84 1.53e-19 0.87400
64481 15.00 62.00 1.53e-19 0.87304
64484 21.37 61.84 1.53e-19 0.87400
64487 27.59 61.35 1.51e-19 0.87628
64421 26.51 58.40 1.46e-19 0.87988
64424 32.00 57.66 1.43e-19 0.88039
64853 -20.33 63.41 1.46e-19 0.87985
64850 -25.56 61.63 1.39e-19 0.88014
64856 -14.43 64.97 1.51e-19 0.87630
63143 -74.98 69.92 1.16e-19 0.86761
64307 50.22 45.15 8.48e-20 0.83150
64298 38.62 49.77 1.13e-19 0.86482
64301 42.75 48.42 1.05e-19 0.85653
64304 46.62 46.88 9.52e-20 0.84570
64874 30.65 67.20 1.55e-19 0.86149
64868 15.00 68.00 1.54e-19 0.85004
64871 22.96 67.80 1.55e-19 0.85356
64877 37.85 66.25 1.54e-19 0.86982
64022 20.50 86.00 1.53e-19 0.87310
64025 20.50 84.00 1.55e-19 0.86723
64397 -16.66 53.94 1.23e-19 0.87266
64019 20.50 88.00 1.51e-19 0.87727
64394 -20.85 52.27 1.13e-19 0.86479
64388 -28.18 48.44 9.06e-20 0.83978
64391 -24.68 50.43 1.02e-19 0.85391
64214 32.11 45.05 9.74e-20 0.84829
64097 -154.30 89.50 1.46e-19 0.88005
64211 27.99 45.89 1.03e-19 0.85434
65219 -52.04 80.22 1.49e-19 0.87880
64217 -11.20 45.58 9.40e-20 0.84399
65222 -41.87 82.83 1.51e-19 0.87628
64427 37.23 56.66 1.38e-19 0.87988
64199 10.61 46.88 1.09e-19 0.86122
64202 15.00 47.00 1.10e-19 0.86187
64205 19.39 46.88 1.09e-19 0.86122
64976 -5.87 72.94 1.54e-19 0.85003
64973 -14.88 71.70 1.55e-19 0.86346
64970 -22.64 70.09 1.53e-19 0.87302
65450 -128.42 79.90 1.19e-19 0.86955
65453 -144.45 81.43 1.21e-19 0.87145
65162 15.00 83.00 1.55e-19 0.86346
63203 -31.27 65.14 1.42e-19 0.88042
65279 -71.91 77.98 1.38e-19 0.87984
65285 -66.36 83.93 1.46e-19 0.87986
65282 -69.91 80.96 1.43e-19 0.88038
65471 135.01 72.61 1.02e-19 0.85391
65468 140.04 75.29 1.09e-19 0.86113
65474 131.49 69.80 9.40e-20 0.84409
65477 -118.54 73.33 9.73e-20 0.84816
62993 15.00 -90.00 -1.41e-21 -0.00141
64940 54.30 65.88 1.48e-19 0.87905
65099 -1.81 79.57 1.55e-19 0.85357
65105 31.81 79.57 1.55e-19 0.85357
65102 15.00 80.00 1.54e-19 0.85004
64688 60.98 50.85 9.73e-20 0.84812
65405 -115.34 82.12 1.30e-19 0.87671
65402 -105.13 79.58 1.26e-19 0.87442
65399 -99.24 76.82 1.20e-19 0.87062
63269 -6.11 50.90 1.19e-19 0.86973
63275 -4.48 49.24 1.14e-19 0.86512
64037 20.50 76.00 1.50e-19 0.82937
64034 20.50 78.00 1.52e-19 0.84026
64028 20.50 82.00 1.55e-19 0.85971
64031 20.50 80.00 1.54e-19 0.85065
64916 -10.90 69.01 1.55e-19 0.86530
64793 -11.53 62.26 1.49e-19 0.87884
64790 -17.07 60.82 1.43e-19 0.88034
64910 -24.30 65.88 1.48e-19 0.87905
64913 -18.05 67.59 1.53e-19 0.87397
64796 -5.47 63.42 1.52e-19 0.87487
65144 -55.70 70.89 1.35e-19 0.87911
64430 42.12 55.41 1.31e-19 0.87749
64433 46.66 53.94 1.23e-19 0.87266
64349 20.35 55.86 1.41e-19 0.88040
64352 25.62 55.44 1.39e-19 0.88013
64355 30.72 54.74 1.35e-19 0.87899
63383 65.50 62.76 1.34e-19 0.87838
63113 -138.30 76.00 1.01e-19 0.85218
64436 50.85 52.27 1.13e-19 0.86479
64334 -5.61 53.80 1.30e-19 0.87684
65504 -141.78 74.62 9.40e-20 0.84396
64331 -10.23 52.61 1.23e-19 0.87252
64328 -14.55 51.21 1.14e-19 0.86602
64169 15.00 41.00 8.41e-20 0.83047
64172 18.97 40.88 8.33e-20 0.82932
64175 6.71 43.52 9.40e-20 0.84423
64337 -0.72 54.74 1.35e-19 0.87899
64814 35.47 63.42 1.52e-19 0.87487
65147 -51.53 73.61 1.43e-19 0.88042
65249 96.90 68.78 1.20e-19 0.87064
64085 20.50 46.00 1.05e-19 0.85718
65336 -84.03 71.77 1.14e-19 0.86607
65252 98.64 65.84 1.09e-19 0.86108
65255 100.10 62.89 9.73e-20 0.84810
65330 -83.40 65.72 9.40e-20 0.84406
65333 -83.60 68.75 1.05e-19 0.85662
64418 20.81 58.85 1.48e-19 0.87908
64133 -154.30 79.50 1.12e-19 0.86423
65186 91.49 65.27 1.15e-19 0.86620
64136 -154.30 78.50 1.08e-19 0.86031
65183 88.92 68.10 1.26e-19 0.87437
65180 85.70 70.89 1.35e-19 0.87911
65192 95.42 59.53 9.02e-20 0.83908
65414 164.13 84.15 1.32e-19 0.87791
65432 121.61 68.04 9.52e-20 0.84556
65435 120.51 65.03 8.48e-20 0.83148
63263 -7.85 52.53 1.24e-19 0.87336
65429 123.21 71.02 1.05e-19 0.85670
65408 -134.13 84.15 1.32e-19 0.87791
63317 110.50 70.00 1.12e-19 0.86348
63311 115.98 69.92 1.07e-19 0.85876
65009 76.59 58.92 1.10e-19 0.86171
65015 -48.69 63.02 1.21e-19 0.87146
65012 -51.77 60.39 1.09e-19 0.86099
65528 -165.00 70.00 7.12e-20 0.80944
65531 -165.00 67.00 5.90e-20 0.78512
63413 52.73 55.69 1.24e-19 0.87326
64955 -46.59 58.92 1.10e-19 0.86171
64949 68.43 59.57 1.21e-19 0.87129
65111 57.58 76.63 1.54e-19 0.86981
65168 55.98 80.83 1.54e-19 0.86980
65108 46.27 78.38 1.55e-19 0.86149
65114 66.13 74.51 1.51e-19 0.87627
65117 72.61 72.15 1.46e-19 0.87985
64862 -0.65 67.20 1.55e-19 0.86149
64835 64.18 53.14 1.03e-19 0.85458
65456 -165.00 82.00 1.22e-19 0.87195
64469 -9.17 59.48 1.44e-19 0.88029
64475 2.41 61.35 1.51e-19 0.87628
64472 -3.56 60.56 1.49e-19 0.87883
65513 -177.19 75.64 9.64e-20 0.84689
65510 -165.00 76.00 9.72e-20 0.84800
65516 171.78 74.62 9.40e-20 0.84396
64451 -34.20 48.66 8.50e-20 0.83177
64454 -30.98 50.85 9.73e-20 0.84812
63905 -159.50 78.00 1.06e-19 0.85780
64289 24.88 52.47 1.30e-19 0.87676
64295 34.25 50.90 1.20e-19 0.87048
64292 29.66 51.81 1.26e-19 0.87444
64883 50.33 63.41 1.46e-19 0.87985
64880 44.43 64.97 1.51e-19 0.87630
65498 156.21 75.54 1.03e-19 0.85446
63584 -159.50 72.00 7.99e-20 0.82411
64886 55.56 61.63 1.39e-19 0.88014
64406 -2.00 57.66 1.43e-19 0.88039
65378 113.40 65.72 9.40e-20 0.84406
64403 -7.23 56.66 1.38e-19 0.87988
64400 -12.12 55.41 1.31e-19 0.87749
64223 -3.10 47.99 1.09e-19 0.86121
64220 -7.26 46.89 1.02e-19 0.85380
64118 -154.30 82.50 1.24e-19 0.87348
64121 -154.30 81.50 1.20e-19 0.87082
64226 1.25 48.86 1.15e-19 0.86633
64124 -154.30 80.50 1.17e-19 0.86774
63161 -58.62 69.66 1.30e-19 0.87681
