65006 73.24 61.42 1.27e-19 0.94115
65000 64.69 66.09 1.51e-19 1.00470
65003 69.32 63.82 1.40e-19 0.97969
63197 -35.09 66.19 1.51e-19 1.00447
64142 -154.30 75.50 9.43e-20 0.82212
63191 -39.22 67.15 1.50e-19 1.00171
65213 -57.99 77.44 1.54e-19 1.00949
65210 -61.92 74.59 1.46e-19 0.99488
65294 86.94 86.84 1.59e-19 1.01499
65291 15.00 89.00 1.60e-19 1.01539
65288 -56.94 86.84 1.59e-19 1.01499
65075 -57.47 61.57 1.08e-19 0.87610
62987 15.00 -74.00 1.01e-20 0.01009
65072 81.77 60.39 1.11e-19 0.88693
65486 -149.69 78.56 1.11e-19 0.88687
65069 78.69 63.02 1.26e-19 0.93813
65420 135.13 79.58 1.31e-19 0.95521
62981 15.00 -90.00 4.70e-20 0.04699
65483 -136.50 77.35 1.08e-19 0.87620
65156 -25.98 80.83 1.66e-19 1.00558
65426 125.59 73.95 1.16e-19 0.90462
65480 -126.21 75.54 1.03e-19 0.85747
63281 -2.95 47.55 1.09e-19 0.87939
63287 -1.51 45.84 1.01e-19 0.84910
65150 -45.89 76.23 1.60e-19 1.01528
65390 -91.61 68.04 9.39e-20 0.82017
63227 -18.77 60.10 1.49e-19 1.00060
65393 -93.21 71.02 1.05e-19 0.86684
65396 -95.59 73.95 1.16e-19 0.90462
63221 -21.51 61.46 1.51e-19 1.00389
63443 45.48 49.24 1.07e-19 0.87206
64046 20.50 70.00 1.61e-19 0.93554
64082 20.50 48.00 1.16e-19 0.90679
64043 20.50 72.00 1.57e-19 0.90604
64040 20.50 74.00 1.54e-19 0.88684
64781 -30.59 55.29 1.18e-19 0.91151
64778 -34.18 53.14 1.03e-19 0.85762
64784 -26.57 57.31 1.31e-19 0.95518
64079 20.50 50.00 1.26e-19 0.93946
64787 -22.08 59.16 1.43e-19 0.98700
64919 -2.88 70.09 1.65e-19 0.96835
64925 15.00 71.00 1.58e-19 0.91364
64922 5.86 70.77 1.61e-19 0.93401
64439 54.68 50.43 1.02e-19 0.85495
64445 61.37 46.31 7.44e-20 0.73089
64442 58.18 48.44 8.84e-20 0.79667
63119 -95.35 67.98 8.99e-20 0.80306
63125 -90.61 68.69 9.78e-20 0.83649
63377 68.74 63.99 1.41e-19 0.98274
64544 53.49 54.84 1.24e-19 0.93383
64187 23.29 43.52 9.25e-20 0.81442
64325 -18.58 49.61 1.05e-19 0.86665
63776 -159.50 74.00 8.60e-20 0.78600
64181 15.00 44.00 9.62e-20 0.83006
64178 10.84 43.88 9.53e-20 0.82619
64184 19.16 43.88 9.53e-20 0.82619
64013 -159.50 88.00 1.51e-19 1.00481
64250 37.26 46.89 1.02e-19 0.85481
64253 41.20 45.58 9.25e-20 0.81413
64073 20.50 54.00 1.44e-19 0.98846
64070 20.50 56.00 1.51e-19 1.00396
65246 94.74 71.70 1.36e-19 0.96995
65492 179.69 78.56 1.11e-19 0.88687
65243 91.92 74.59 1.46e-19 0.99488
65495 166.50 77.35 1.08e-19 0.87620
64076 20.50 52.00 1.35e-19 0.96684
65240 87.99 77.44 1.54e-19 1.00949
64208 23.74 46.51 1.08e-19 0.87625
64457 -27.42 52.92 1.11e-19 0.88730
65177 81.53 73.61 1.53e-19 1.00702
64166 11.03 40.88 7.99e-20 0.75739
64163 15.00 38.00 6.59e-20 0.68750
65171 67.87 78.68 1.64e-19 1.01369
64094 20.50 40.00 7.52e-20 0.73492
65174 75.89 76.23 1.60e-19 1.01528
64160 15.00 35.00 5.23e-20 0.61040
65387 -90.51 65.03 8.16e-20 0.76557
63257 -9.72 54.13 1.35e-19 0.96549
65297 96.36 83.93 1.57e-19 1.01288
63251 -11.73 55.69 1.40e-19 0.97836
65381 113.36 62.69 7.92e-20 0.75422
65384 113.42 59.64 6.59e-20 0.68762
65357 139.00 86.38 1.50e-19 1.00310
65348 -94.24 83.64 1.48e-19 0.99763
65351 -109.00 86.38 1.50e-19 1.00310
64091 20.50 42.00 8.53e-20 0.78275
65354 -165.00 88.00 1.51e-19 1.00476
63179 -48.39 68.69 1.45e-19 0.99073
63185 -43.65 67.98 1.47e-19 0.99716
63323 105.02 69.92 1.20e-19 0.91787
65342 -86.22 77.76 1.36e-19 0.96984
65345 -88.82 80.73 1.43e-19 0.98713
65339 -84.82 74.77 1.28e-19 0.94451
65045 15.00 77.00 1.58e-19 0.91364
65042 1.88 76.67 1.61e-19 0.93404
65039 -10.07 75.72 1.65e-19 0.96833
63407 54.89 57.20 1.33e-19 0.95945
65423 129.24 76.82 1.24e-19 0.93394
64823 52.08 59.16 1.43e-19 0.98700
65489 -165.00 79.00 1.12e-19 0.89068
64820 47.07 60.82 1.53e-19 1.00692
64967 -29.19 68.20 1.60e-19 1.01536
64964 -34.69 66.09 1.51e-19 1.00470
63401 57.23 58.68 1.36e-19 0.96854
63095 40.40 47.00 1.00e-19 0.84688
64961 -39.32 63.82 1.40e-19 0.97969
64958 -43.24 61.42 1.27e-19 0.94115
64826 56.57 57.31 1.31e-19 0.95518
65063 70.62 68.01 1.50e-19 1.00310
65126 84.80 64.32 1.23e-19 0.92839
65060 65.21 70.32 1.59e-19 1.01501
65123 81.58 67.01 1.36e-19 0.96923
65066 75.03 65.56 1.39e-19 0.97710
65120 77.61 69.63 1.48e-19 0.99764
64592 57.42 52.92 1.11e-19 0.88730
64499 49.14 56.59 1.36e-19 0.96981
65519 -154.87 72.69 7.98e-20 0.75720
65522 -165.00 73.00 8.07e-20 0.76154
65525 -175.13 72.69 7.98e-20 0.75720
63293 -0.15 44.10 9.27e-20 0.81517
64055 20.50 64.00 1.66e-19 1.00140
64052 20.50 66.00 1.66e-19 0.98486
64466 -14.37 58.15 1.46e-19 0.99491
64049 20.50 68.00 1.64e-19 0.96262
64463 -19.14 56.59 1.36e-19 0.96981
64460 -23.49 54.84 1.24e-19 0.93383
64889 60.17 59.65 1.36e-19 0.96929
64895 67.82 55.26 1.08e-19 0.87598
64892 64.24 57.52 1.23e-19 0.92828
65225 -22.03 85.01 1.64e-19 1.01254
64376 58.87 43.83 6.59e-20 0.68763
64004 -159.50 82.00 1.27e-19 0.94156
64370 52.30 47.83 9.25e-20 0.81404
64007 -159.50 84.00 1.36e-19 0.96854
64373 55.72 45.90 7.91e-20 0.75401
64229 5.74 49.49 1.23e-19 0.92836
64235 15.00 50.00 1.27e-19 0.94118
64232 10.34 49.87 1.26e-19 0.93795
64109 -154.30 85.50 1.42e-19 0.98546
64115 -154.30 83.50 1.34e-19 0.96309
64112 -154.30 84.50 1.38e-19 0.97500
63809 -159.50 76.00 9.64e-20 0.83083
64283 15.00 53.00 1.40e-19 0.97970
64280 10.03 52.87 1.39e-19 0.97730
64286 19.97 52.87 1.39e-19 0.97730
65312 105.25 69.00 1.16e-19 0.90458
65315 106.03 66.00 1.02e-19 0.85505
65309 104.36 72.00 1.28e-19 0.94458
65306 103.29 74.99 1.38e-19 0.97447
65198 -70.10 62.89 9.65e-20 0.83086
65201 -68.64 65.84 1.11e-19 0.88722
65204 -66.90 68.78 1.24e-19 0.93397
65207 -64.74 71.70 1.36e-19 0.96995
65300 99.91 80.96 1.53e-19 1.00697
65303 101.91 77.98 1.46e-19 0.99489
65078 -54.80 64.32 1.23e-19 0.92839
65081 -51.58 67.01 1.36e-19 0.96923
65411 -165.00 85.00 1.40e-19 0.97970
65084 -47.61 69.63 1.48e-19 0.99764
65087 -42.61 72.15 1.57e-19 1.01287
64859 -7.85 66.25 1.66e-19 1.00559
64865 7.04 67.80 1.65e-19 0.96832
65417 145.34 82.12 1.36e-19 0.96933
63329 99.62 69.66 1.25e-19 0.93426
63335 94.39 69.25 1.29e-19 0.94813
63449 43.95 47.55 9.99e-20 0.84495
63455 42.51 45.84 9.26e-20 0.81493
64994 52.64 70.09 1.65e-19 1.01114
64988 35.87 72.94 1.64e-19 0.95929
64991 44.88 71.70 1.66e-19 0.99222
63215 -24.50 62.76 1.52e-19 1.00575
65153 -37.87 78.68 1.64e-19 1.01369
64997 59.19 68.20 1.60e-19 1.01536
63209 -27.74 63.99 1.52e-19 1.00650
64934 40.90 69.01 1.66e-19 0.99633
64016 14.04 90.00 1.57e-19 1.01349
64931 32.88 70.09 1.65e-19 0.96835
63431 48.85 52.53 1.19e-19 0.91639
64928 24.14 70.77 1.61e-19 0.93401
64010 -159.50 86.00 1.44e-19 0.98975
63473 -159.50 70.00 6.61e-20 0.68858
64937 48.05 67.59 1.64e-19 1.01252
63437 47.11 50.90 1.13e-19 0.89583
65132 -65.42 59.53 8.79e-20 0.79443
65135 -63.62 62.41 1.03e-19 0.85735
65129 87.47 61.57 1.08e-19 0.87610
64772 64.20 48.66 8.18e-20 0.76657
64775 -37.39 50.87 8.80e-20 0.79472
64415 15.00 59.00 1.60e-19 1.01539
64412 9.19 58.85 1.59e-19 1.01499
64409 3.49 58.40 1.57e-19 1.01290
63137 -80.38 69.66 1.13e-19 0.89372
63131 -85.61 69.25 1.05e-19 0.86659
64316 -22.30 47.83 9.25e-20 0.81404
64313 -25.72 45.90 7.91e-20 0.75401
64310 -28.87 43.83 6.59e-20 0.68763
63155 -64.02 69.92 1.32e-19 0.95620
63149 -69.50 70.00 1.26e-19 0.93861
64259 -20.22 45.15 8.16e-20 0.76559
64265 -12.75 48.42 1.05e-19 0.86663
64262 -16.62 46.88 9.39e-20 0.82033
65327 -83.36 62.69 7.92e-20 0.75422
57281 15.00 -74.00 1.01e-20 0.01009
64100 -154.30 88.50 1.53e-19 1.00768
64103 -154.30 87.50 1.50e-19 1.00182
65237 82.04 80.22 1.60e-19 1.01529
65234 71.87 82.83 1.63e-19 1.01508
64106 -154.30 86.50 1.46e-19 0.99441
65231 52.03 85.01 1.64e-19 1.01254
65228 15.00 86.00 1.65e-19 1.01116
65267 -76.03 66.00 1.02e-19 0.85505
64088 20.50 44.00 9.57e-20 0.82780
64193 2.01 45.89 1.03e-19 0.85732
64190 -2.11 45.05 9.65e-20 0.83109
64157 -154.30 77.50 1.05e-19 0.86402
64154 -154.30 71.50 7.40e-20 0.72886
64151 -154.30 72.50 7.90e-20 0.75314
64148 -154.30 73.50 8.40e-20 0.77683
64196 6.26 46.51 1.08e-19 0.87625
64982 15.00 74.00 1.48e-19 0.85694
64985 25.77 73.73 1.58e-19 0.91365
65369 114.82 74.77 1.28e-19 0.94451
64979 4.23 73.73 1.58e-19 0.91365
65375 113.60 68.75 1.05e-19 0.86674
65372 114.03 71.77 1.17e-19 0.91038
65366 116.22 77.76 1.36e-19 0.96984
65360 124.24 83.64 1.48e-19 0.99763
65363 118.82 80.73 1.43e-19 0.98713
65459 174.45 81.43 1.26e-19 0.93812
65462 158.42 79.90 1.23e-19 0.92833
65465 147.41 77.77 1.18e-19 0.91167
63173 -53.39 69.25 1.41e-19 0.98189
65036 -20.23 74.26 1.66e-19 0.99633
65270 -75.25 69.00 1.16e-19 0.90458
65273 -74.36 72.00 1.28e-19 0.94458
64952 71.94 57.20 1.11e-19 0.88700
65276 -73.29 74.99 1.38e-19 0.97447
65030 -35.21 70.32 1.59e-19 1.01501
65033 -28.52 72.43 1.64e-19 1.01253
64808 22.07 64.82 1.66e-19 0.99633
64811 28.94 64.29 1.66e-19 1.00559
65501 148.54 73.33 9.65e-20 0.83094
63353 80.22 67.15 1.38e-19 0.97471
64817 41.53 62.26 1.60e-19 1.01534
63389 62.51 61.46 1.40e-19 0.97938
63395 59.77 60.10 1.38e-19 0.97498
65507 -152.81 75.64 9.53e-20 0.82596
65054 50.23 74.26 1.66e-19 0.99633
65096 -16.27 78.38 1.66e-19 0.98769
65051 40.07 75.72 1.65e-19 0.96833
65048 28.12 76.67 1.61e-19 0.93404
65090 -36.13 74.51 1.63e-19 1.01506
65093 -27.58 76.63 1.66e-19 1.00558
65057 58.52 72.43 1.64e-19 1.01253
64496 44.37 58.15 1.46e-19 0.99491
64490 33.56 60.56 1.60e-19 1.01533
64493 39.17 59.48 1.54e-19 1.00947
63305 121.38 69.66 1.01e-19 0.85039
63299 126.61 69.25 9.44e-20 0.82237
64058 20.50 62.00 1.65e-19 1.01177
64061 20.50 60.00 1.61e-19 1.01570
64067 20.50 58.00 1.57e-19 1.01309
64802 7.93 64.82 1.66e-19 0.99633
64805 15.00 65.00 1.66e-19 0.99222
64799 1.06 64.29 1.66e-19 1.00559
64907 -29.72 63.95 1.50e-19 1.00313
64904 -34.39 61.83 1.39e-19 0.97712
64898 -41.94 57.20 1.11e-19 0.88700
64901 -38.43 59.57 1.26e-19 0.93791
64829 60.59 55.29 1.18e-19 0.91151
64379 -31.37 46.31 7.44e-20 0.73089
64367 48.58 49.61 1.05e-19 0.86665
64364 44.55 51.21 1.17e-19 0.91032
64361 40.23 52.61 1.28e-19 0.94452
64358 35.61 53.80 1.36e-19 0.97000
63371 72.27 65.14 1.41e-19 0.98184
63101 -146.50 74.10 8.86e-20 0.79723
63107 41.70 76.00 1.65e-19 0.97320
63968 -159.50 80.00 1.17e-19 0.90924
64343 9.65 55.86 1.50e-19 1.00316
63365 76.09 66.19 1.40e-19 0.97906
64247 33.10 47.99 1.11e-19 0.88738
64340 4.38 55.44 1.48e-19 0.99775
64244 28.75 48.86 1.18e-19 0.91172
64238 19.66 49.87 1.26e-19 0.93795
64346 15.00 56.00 1.51e-19 1.00476
64241 24.26 49.49 1.23e-19 0.92836
64268 -8.62 49.77 1.16e-19 0.90461
64271 -4.25 50.90 1.24e-19 0.93376
64274 0.34 51.81 1.31e-19 0.95523
64277 5.12 52.47 1.36e-19 0.96939
65264 -76.74 62.99 8.84e-20 0.79665
65261 -77.40 59.97 7.44e-20 0.73088
65258 101.35 59.93 8.18e-20 0.76656
65324 -83.42 59.64 6.59e-20 0.68762
65321 107.40 59.97 7.44e-20 0.73088
65318 106.74 62.99 8.84e-20 0.79665
64145 -154.30 74.50 8.92e-20 0.79986
65189 93.62 62.41 1.03e-19 0.85735
65195 -71.35 59.93 8.18e-20 0.76656
64139 -154.30 76.50 9.95e-20 0.84353
65441 -105.01 72.61 1.02e-19 0.85495
65438 -101.49 69.80 9.25e-20 0.81425
65444 -110.04 75.29 1.11e-19 0.88728
65447 -117.41 77.77 1.18e-19 0.91167
63341 89.39 68.69 1.33e-19 0.95939
63347 84.65 67.98 1.36e-19 0.96811
65018 -45.03 65.56 1.39e-19 0.97710
65027 -40.62 68.01 1.50e-19 1.00310
65159 -8.31 82.40 1.66e-19 0.99633
63239 -16.23 58.68 1.47e-19 0.99555
63245 -13.89 57.20 1.43e-19 0.98808
65165 38.31 82.40 1.66e-19 0.99633
63419 50.72 54.13 1.24e-19 0.93386
64943 59.72 63.95 1.50e-19 1.00313
64946 64.39 61.83 1.39e-19 0.97712
64847 -30.17 59.65 1.36e-19 0.96929
65141 -58.92 68.10 1.31e-19 0.95514
65138 -61.49 65.27 1.18e-19 0.91155
64838 67.39 50.87 8.80e-20 0.79472
64841 -37.82 55.26 1.08e-19 0.87598
64844 -34.24 57.52 1.23e-19 0.92828
64478 8.63 61.84 1.64e-19 1.01254
64481 15.00 62.00 1.65e-19 1.01116
64484 21.37 61.84 1.64e-19 1.01254
64487 27.59 61.35 1.63e-19 1.01508
64421 26.51 58.40 1.57e-19 1.01290
64424 32.00 57.66 1.53e-19 1.00698
64853 -20.33 63.41 1.57e-19 1.01286
64850 -25.56 61.63 1.48e-19 0.99776
64856 -14.43 64.97 1.63e-19 1.01510
63143 -74.98 69.92 1.20e-19 0.91802
64307 50.22 45.15 8.16e-20 0.76559
64298 38.62 49.77 1.16e-19 0.90461
64301 42.75 48.42 1.05e-19 0.86663
64304 46.62 46.88 9.39e-20 0.82033
64874 30.65 67.20 1.66e-19 0.98769
64868 15.00 68.00 1.64e-19 0.95930
64871 22.96 67.80 1.65e-19 0.96832
64877 37.85 66.25 1.66e-19 1.00559
64022 20.50 86.00 1.65e-19 1.01125
64025 20.50 84.00 1.66e-19 1.00044
64397 -16.66 53.94 1.28e-19 0.94469
64019 20.50 88.00 1.62e-19 1.01564
64394 -20.85 52.27 1.16e-19 0.90458
64388 -28.18 48.44 8.84e-20 0.79667
64391 -24.68 50.43 1.02e-19 0.85495
64214 32.11 45.05 9.65e-20 0.83109
64097 -154.30 89.50 1.56e-19 1.01195
64211 27.99 45.89 1.03e-19 0.85732
65219 -52.04 80.22 1.60e-19 1.01529
64217 -11.20 45.58 9.25e-20 0.81413
65222 -41.87 82.83 1.63e-19 1.01508
64427 37.23 56.66 1.46e-19 0.99494
64199 10.61 46.88 1.11e-19 0.88722
64202 15.00 47.00 1.12e-19 0.89068
64205 19.39 46.88 1.11e-19 0.88722
64976 -5.87 72.94 1.64e-19 0.95929
64973 -14.88 71.70 1.66e-19 0.99222
64970 -22.64 70.09 1.65e-19 1.01114
65450 -128.42 79.90 1.23e-19 0.92833
65453 -144.45 81.43 1.26e-19 0.93812
65162 15.00 83.00 1.66e-19 0.99222
63203 -31.27 65.14 1.52e-19 1.00610
65279 -71.91 77.98 1.46e-19 0.99489
65285 -66.36 83.93 1.57e-19 1.01288
65282 -69.91 80.96 1.53e-19 1.00697
65471 135.01 72.61 1.02e-19 0.85495
65468 140.04 75.29 1.11e-19 0.88728
65474 131.49 69.80 9.25e-20 0.81425
65477 -118.54 73.33 9.65e-20 0.83094
62993 15.00 -90.00 4.70e-20 0.04699
64940 54.30 65.88 1.59e-19 1.01495
65099 -1.81 79.57 1.65e-19 0.96833
65105 31.81 79.57 1.65e-19 0.96833
65102 15.00 80.00 1.64e-19 0.95930
64688 60.98 50.85 9.65e-20 0.83089
65405 -115.34 82.12 1.36e-19 0.96933
65402 -105.13 79.58 1.31e-19 0.95521
65399 -99.24 76.82 1.24e-19 0.93394
63269 -6.11 50.90 1.23e-19 0.92959
63275 -4.48 49.24 1.16e-19 0.90635
64037 20.50 76.00 1.56e-19 0.90406
64034 20.50 78.00 1.61e-19 0.93351
64028 20.50 82.00 1.66e-19 0.98349
64031 20.50 80.00 1.64e-19 0.96087
64916 -10.90 69.01 1.66e-19 0.99633
64793 -11.53 62.26 1.60e-19 1.01534
64790 -17.07 60.82 1.53e-19 1.00692
64910 -24.30 65.88 1.59e-19 1.01495
64913 -18.05 67.59 1.64e-19 1.01252
64796 -5.47 63.42 1.64e-19 1.01367
65144 -55.70 70.89 1.43e-19 0.98719
64430 42.12 55.41 1.38e-19 0.97459
64433 46.66 53.94 1.28e-19 0.94469
64349 20.35 55.86 1.50e-19 1.00316
64352 25.62 55.44 1.48e-19 0.99775
64355 30.72 54.74 1.43e-19 0.98703
63383 65.50 62.76 1.41e-19 0.98189
63113 -138.30 76.00 1.01e-19 0.84762
64436 50.85 52.27 1.16e-19 0.90458
64334 -5.61 53.80 1.36e-19 0.97000
65504 -141.78 74.62 9.25e-20 0.81410
64331 -10.23 52.61 1.28e-19 0.94452
64328 -14.55 51.21 1.17e-19 0.91032
64169 15.00 41.00 8.07e-20 0.76154
64172 18.97 40.88 7.99e-20 0.75739
64175 6.71 43.52 9.25e-20 0.81442
64337 -0.72 54.74 1.43e-19 0.98703
64814 35.47 63.42 1.64e-19 1.01367
65147 -51.53 73.61 1.53e-19 1.00702
65249 96.90 68.78 1.24e-19 0.93397
64085 20.50 46.00 1.06e-19 0.86937
65336 -84.03 71.77 1.17e-19 0.91038
65252 98.64 65.84 1.11e-19 0.88722
65255 100.10 62.89 9.65e-20 0.83086
65330 -83.40 65.72 9.25e-20 0.81422
65333 -83.60 68.75 1.05e-19 0.86674
64418 20.81 58.85 1.59e-19 1.01499
64133 -154.30 79.50 1.15e-19 0.90187
65186 91.49 65.27 1.18e-19 0.91155
64136 -154.30 78.50 1.10e-19 0.88349
65183 88.92 68.10 1.31e-19 0.95514
65180 85.70 70.89 1.43e-19 0.98719
65192 95.42 59.53 8.79e-20 0.79443
65414 164.13 84.15 1.39e-19 0.97731
65432 121.61 68.04 9.39e-20 0.82017
65435 120.51 65.03 8.16e-20 0.76557
63263 -7.85 52.53 1.29e-19 0.94925
65429 123.21 71.02 1.05e-19 0.86684
65408 -134.13 84.15 1.39e-19 0.97731
63317 110.50 70.00 1.14e-19 0.89827
63311 115.98 69.92 1.08e-19 0.87604
65009 76.59 58.92 1.12e-19 0.89049
65015 -48.69 63.02 1.26e-19 0.93813
65012 -51.77 60.39 1.11e-19 0.88693
65528 -165.00 70.00 6.59e-20 0.68750
65531 -165.00 67.00 5.23e-20 0.61040
63413 52.73 55.69 1.29e-19 0.94818
64955 -46.59 58.92 1.12e-19 0.89049
64949 68.43 59.57 1.26e-19 0.93791
65111 57.58 76.63 1.66e-19 1.00558
65168 55.98 80.83 1.66e-19 1.00558
65108 46.27 78.38 1.66e-19 0.98769
65114 66.13 74.51 1.63e-19 1.01506
65117 72.61 72.15 1.57e-19 1.01287
64862 -0.65 67.20 1.66e-19 0.98769
64835 64.18 53.14 1.03e-19 0.85762
65456 -165.00 82.00 1.27e-19 0.94118
64469 -9.17 59.48 1.54e-19 1.00947
64475 2.41 61.35 1.63e-19 1.01508
64472 -3.56 60.56 1.60e-19 1.01533
65513 -177.19 75.64 9.53e-20 0.82596
65510 -165.00 76.00 9.62e-20 0.83006
65516 171.78 74.62 9.25e-20 0.81410
64451 -34.20 48.66 8.18e-20 0.76657
64454 -30.98 50.85 9.65e-20 0.83089
63905 -159.50 78.00 1.07e-19 0.87213
64289 24.88 52.47 1.36e-19 0.96939
64295 34.25 50.90 1.24e-19 0.93376
64292 29.66 51.81 1.31e-19 0.95523
64883 50.33 63.41 1.57e-19 1.01286
64880 44.43 64.97 1.63e-19 1.01510
65498 156.21 75.54 1.03e-19 0.85747
63584 -159.50 72.00 7.59e-20 0.73834
64886 55.56 61.63 1.48e-19 0.99776
64406 -2.00 57.66 1.53e-19 1.00698
65378 113.40 65.72 9.25e-20 0.81422
64403 -7.23 56.66 1.46e-19 0.99494
64400 -12.12 55.41 1.38e-19 0.97459
64223 -3.10 47.99 1.11e-19 0.88738
64220 -7.26 46.89 1.02e-19 0.85481
64118 -154.30 82.50 1.29e-19 0.94976
64121 -154.30 81.50 1.25e-19 0.93507
64226 1.25 48.86 1.18e-19 0.91172
64124 -154.30 80.50 1.20e-19 0.91909
63161 -58.62 69.66 1.37e-19 0.97040
