65006 73.24 61.42 1.65e-19 1.17766
65000 64.69 66.09 1.88e-19 1.16784
65003 69.32 63.82 1.77e-19 1.17324
63197 -35.09 66.19 1.88e-19 1.16789
64142 -154.30 75.50 1.34e-19 1.18422
63191 -39.22 67.15 1.87e-19 1.16887
65213 -57.99 77.44 1.91e-19 1.16609
65210 -61.92 74.59 1.83e-19 1.17047
65294 86.94 86.84 1.96e-19 1.16231
65291 15.00 89.00 1.97e-19 1.16160
65288 -56.94 86.84 1.96e-19 1.16231
65075 -57.47 61.57 1.47e-19 1.18205
62987 15.00 -74.00 -4.89e-20 -0.04893
65072 81.77 60.39 1.50e-19 1.18134
65486 -149.69 78.56 1.50e-19 1.18128
65069 78.69 63.02 1.64e-19 1.17808
65420 135.13 79.58 1.69e-19 1.17636
62981 15.00 -90.00 -1.18e-19 -0.11794
65483 -136.50 77.35 1.47e-19 1.18215
65156 -25.98 80.83 2.04e-19 1.15128
65426 125.59 73.95 1.54e-19 1.18045
65480 -126.21 75.54 1.42e-19 1.18287
63281 -2.95 47.55 1.48e-19 1.18174
63287 -1.51 45.84 1.40e-19 1.18334
65150 -45.89 76.23 1.96e-19 1.16176
65390 -91.61 68.04 1.33e-19 1.18425
63227 -18.77 60.10 1.86e-19 1.16913
65393 -93.21 71.02 1.45e-19 1.18262
65396 -95.59 73.95 1.54e-19 1.18045
63221 -21.51 61.46 1.88e-19 1.16813
63443 45.48 49.24 1.46e-19 1.18214
64046 20.50 70.00 2.05e-19 1.13130
64082 20.50 48.00 1.55e-19 1.18029
64043 20.50 72.00 2.03e-19 1.12499
64040 20.50 74.00 2.01e-19 1.12110
64781 -30.59 55.29 1.56e-19 1.17989
64778 -34.18 53.14 1.42e-19 1.18301
64784 -26.57 57.31 1.69e-19 1.17633
64079 20.50 50.00 1.64e-19 1.17785
64787 -22.08 59.16 1.80e-19 1.17190
64919 -2.88 70.09 2.06e-19 1.13915
64925 15.00 71.00 2.04e-19 1.12657
64922 5.86 70.77 2.05e-19 1.13096
64439 54.68 50.43 1.42e-19 1.18302
64445 61.37 46.31 1.13e-19 1.18641
64442 58.18 48.44 1.28e-19 1.18515
63119 -95.35 67.98 1.29e-19 1.18479
63125 -90.61 68.69 1.37e-19 1.18390
63377 68.74 63.99 1.79e-19 1.17275
64544 53.49 54.84 1.63e-19 1.17823
64187 23.29 43.52 1.32e-19 1.18460
64325 -18.58 49.61 1.45e-19 1.18244
63776 -159.50 74.00 1.25e-19 1.18527
64181 15.00 44.00 1.36e-19 1.18395
64178 10.84 43.88 1.35e-19 1.18414
64184 19.16 43.88 1.35e-19 1.18414
64013 -159.50 88.00 1.88e-19 1.16788
64250 37.26 46.89 1.42e-19 1.18289
64253 41.20 45.58 1.32e-19 1.18430
64073 20.50 54.00 1.81e-19 1.17178
64070 20.50 56.00 1.88e-19 1.16815
65246 94.74 71.70 1.74e-19 1.17467
65492 179.69 78.56 1.50e-19 1.18128
65243 91.92 74.59 1.83e-19 1.17047
65495 166.50 77.35 1.47e-19 1.18215
64076 20.50 52.00 1.73e-19 1.17501
65240 87.99 77.44 1.91e-19 1.16609
64208 23.74 46.51 1.47e-19 1.18219
64457 -27.42 52.92 1.50e-19 1.18145
65177 81.53 73.61 1.89e-19 1.16712
64166 11.03 40.88 1.19e-19 1.18587
64163 15.00 38.00 1.04e-19 1.18692
65171 67.87 78.68 2.01e-19 1.15632
64094 20.50 40.00 1.14e-19 1.18631
65174 75.89 76.23 1.96e-19 1.16176
64160 15.00 35.00 8.92e-20 1.18727
65387 -90.51 65.03 1.21e-19 1.18561
63257 -9.72 54.13 1.72e-19 1.17525
65297 96.36 83.93 1.94e-19 1.16424
63251 -11.73 55.69 1.77e-19 1.17354
65381 113.36 62.69 1.18e-19 1.18612
65384 113.42 59.64 1.04e-19 1.18705
65357 139.00 86.38 1.87e-19 1.16839
65348 -94.24 83.64 1.85e-19 1.16981
65351 -109.00 86.38 1.87e-19 1.16839
64091 20.50 42.00 1.25e-19 1.18535
65354 -165.00 88.00 1.88e-19 1.16789
63179 -48.39 68.69 1.82e-19 1.17140
63185 -43.65 67.98 1.84e-19 1.16999
63323 105.02 69.92 1.58e-19 1.17967
65342 -86.22 77.76 1.74e-19 1.17457
65345 -88.82 80.73 1.80e-19 1.17202
65339 -84.82 74.77 1.66e-19 1.17734
65045 15.00 77.00 2.04e-19 1.12657
65042 1.88 76.67 2.05e-19 1.13097
65039 -10.07 75.72 2.06e-19 1.13915
63407 54.89 57.20 1.70e-19 1.17578
65423 129.24 76.82 1.63e-19 1.17833
64823 52.08 59.16 1.80e-19 1.17190
65489 -165.00 79.00 1.51e-19 1.18125
64820 47.07 60.82 1.89e-19 1.16703
64967 -29.19 68.20 1.97e-19 1.16157
64964 -34.69 66.09 1.88e-19 1.16784
63401 57.23 58.68 1.73e-19 1.17491
63095 40.40 47.00 1.40e-19 1.18332
64961 -39.32 63.82 1.77e-19 1.17324
64958 -43.24 61.42 1.65e-19 1.17766
64826 56.57 57.31 1.69e-19 1.17633
65063 70.62 68.01 1.87e-19 1.16838
65126 84.80 64.32 1.61e-19 1.17884
65060 65.21 70.32 1.96e-19 1.16233
65123 81.58 67.01 1.74e-19 1.17467
65066 75.03 65.56 1.76e-19 1.17357
65120 77.61 69.63 1.85e-19 1.16982
64592 57.42 52.92 1.50e-19 1.18145
64499 49.14 56.59 1.74e-19 1.17454
65519 -154.87 72.69 1.19e-19 1.18566
65522 -165.00 73.00 1.20e-19 1.18582
65525 -175.13 72.69 1.19e-19 1.18566
63293 -0.15 44.10 1.32e-19 1.18456
64055 20.50 64.00 2.05e-19 1.14947
64052 20.50 66.00 2.06e-19 1.14377
64466 -14.37 58.15 1.83e-19 1.17049
64049 20.50 68.00 2.06e-19 1.13768
64463 -19.14 56.59 1.74e-19 1.17454
64460 -23.49 54.84 1.63e-19 1.17823
64889 60.17 59.65 1.74e-19 1.17473
64895 67.82 55.26 1.47e-19 1.18193
64892 64.24 57.52 1.61e-19 1.17874
65225 -22.03 85.01 2.02e-19 1.15535
64376 58.87 43.83 1.04e-19 1.18707
64004 -159.50 82.00 1.65e-19 1.17766
64370 52.30 47.83 1.32e-19 1.18421
64007 -159.50 84.00 1.73e-19 1.17480
64373 55.72 45.90 1.18e-19 1.18589
64229 5.74 49.49 1.61e-19 1.17881
64235 15.00 50.00 1.65e-19 1.17769
64232 10.34 49.87 1.64e-19 1.17792
64109 -154.30 85.50 1.80e-19 1.17232
64115 -154.30 83.50 1.72e-19 1.17546
64112 -154.30 84.50 1.76e-19 1.17394
63809 -159.50 76.00 1.36e-19 1.18392
64283 15.00 53.00 1.77e-19 1.17325
64280 10.03 52.87 1.77e-19 1.17374
64286 19.97 52.87 1.77e-19 1.17374
65312 105.25 69.00 1.54e-19 1.18041
65315 106.03 66.00 1.42e-19 1.18312
65309 104.36 72.00 1.66e-19 1.17740
65306 103.29 74.99 1.76e-19 1.17396
65198 -70.10 62.89 1.36e-19 1.18377
65201 -68.64 65.84 1.50e-19 1.18137
65204 -66.90 68.78 1.63e-19 1.17835
65207 -64.74 71.70 1.74e-19 1.17467
65300 99.91 80.96 1.89e-19 1.16708
65303 101.91 77.98 1.83e-19 1.17047
65078 -54.80 64.32 1.61e-19 1.17884
65081 -51.58 67.01 1.74e-19 1.17467
65411 -165.00 85.00 1.77e-19 1.17325
65084 -47.61 69.63 1.85e-19 1.16982
65087 -42.61 72.15 1.94e-19 1.16423
64859 -7.85 66.25 2.04e-19 1.15131
64865 7.04 67.80 2.06e-19 1.13914
65417 145.34 82.12 1.74e-19 1.17476
63329 99.62 69.66 1.63e-19 1.17822
63335 94.39 69.25 1.67e-19 1.17704
63449 43.95 47.55 1.39e-19 1.18327
63455 42.51 45.84 1.32e-19 1.18457
64994 52.64 70.09 2.03e-19 1.15431
64988 35.87 72.94 2.06e-19 1.13685
64991 44.88 71.70 2.06e-19 1.14610
63215 -24.50 62.76 1.89e-19 1.16748
65153 -37.87 78.68 2.01e-19 1.15632
64997 59.19 68.20 1.97e-19 1.16157
63209 -27.74 63.99 1.89e-19 1.16729
64934 40.90 69.01 2.05e-19 1.14752
64016 14.04 90.00 1.94e-19 1.16380
64931 32.88 70.09 2.06e-19 1.13915
63431 48.85 52.53 1.58e-19 1.17959
64928 24.14 70.77 2.05e-19 1.13096
64010 -159.50 86.00 1.81e-19 1.17154
63473 -159.50 70.00 1.05e-19 1.18690
64937 48.05 67.59 2.02e-19 1.15531
63437 47.11 50.90 1.52e-19 1.18086
65132 -65.42 59.53 1.27e-19 1.18499
65135 -63.62 62.41 1.42e-19 1.18275
65129 87.47 61.57 1.47e-19 1.18205
64772 64.20 48.66 1.21e-19 1.18564
64775 -37.39 50.87 1.27e-19 1.18529
64415 15.00 59.00 1.97e-19 1.16160
64412 9.19 58.85 1.96e-19 1.16231
64409 3.49 58.40 1.94e-19 1.16426
63137 -80.38 69.66 1.52e-19 1.18091
63131 -85.61 69.25 1.45e-19 1.18241
64316 -22.30 47.83 1.32e-19 1.18421
64313 -25.72 45.90 1.18e-19 1.18589
64310 -28.87 43.83 1.04e-19 1.18707
63155 -64.02 69.92 1.69e-19 1.17634
63149 -69.50 70.00 1.64e-19 1.17792
64259 -20.22 45.15 1.21e-19 1.18563
64265 -12.75 48.42 1.45e-19 1.18242
64262 -16.62 46.88 1.33e-19 1.18441
65327 -83.36 62.69 1.18e-19 1.18612
57281 15.00 -74.00 -4.89e-20 -0.04893
64100 -154.30 88.50 1.90e-19 1.16686
64103 -154.30 87.50 1.87e-19 1.16878
65237 82.04 80.22 1.96e-19 1.16178
65234 71.87 82.83 2.00e-19 1.15799
64106 -154.30 86.50 1.83e-19 1.17060
65231 52.03 85.01 2.02e-19 1.15535
65228 15.00 86.00 2.03e-19 1.15434
65267 -76.03 66.00 1.42e-19 1.18312
64088 20.50 44.00 1.35e-19 1.18403
64193 2.01 45.89 1.42e-19 1.18272
64190 -2.11 45.05 1.36e-19 1.18399
64157 -154.30 77.50 1.44e-19 1.18259
64154 -154.30 71.50 1.13e-19 1.18641
64151 -154.30 72.50 1.18e-19 1.18599
64148 -154.30 73.50 1.23e-19 1.18549
64196 6.26 46.51 1.47e-19 1.18219
64982 15.00 74.00 1.98e-19 1.11523
64985 25.77 73.73 2.04e-19 1.12658
65369 114.82 74.77 1.66e-19 1.17734
64979 4.23 73.73 2.04e-19 1.12658
65375 113.60 68.75 1.45e-19 1.18252
65372 114.03 71.77 1.56e-19 1.18019
65366 116.22 77.76 1.74e-19 1.17457
65360 124.24 83.64 1.85e-19 1.16981
65363 118.82 80.73 1.80e-19 1.17202
65459 174.45 81.43 1.64e-19 1.17807
65462 158.42 79.90 1.61e-19 1.17878
65465 147.41 77.77 1.56e-19 1.18004
63173 -53.39 69.25 1.78e-19 1.17290
65036 -20.23 74.26 2.05e-19 1.14752
65270 -75.25 69.00 1.54e-19 1.18041
65273 -74.36 72.00 1.66e-19 1.17740
64952 71.94 57.20 1.50e-19 1.18140
65276 -73.29 74.99 1.76e-19 1.17396
65030 -35.21 70.32 1.96e-19 1.16233
65033 -28.52 72.43 2.02e-19 1.15534
64808 22.07 64.82 2.05e-19 1.14753
64811 28.94 64.29 2.04e-19 1.15131
65501 148.54 73.33 1.36e-19 1.18384
63353 80.22 67.15 1.76e-19 1.17405
64817 41.53 62.26 1.96e-19 1.16183
63389 62.51 61.46 1.77e-19 1.17326
63395 59.77 60.10 1.76e-19 1.17395
65507 -152.81 75.64 1.35e-19 1.18391
65054 50.23 74.26 2.05e-19 1.14752
65096 -16.27 78.38 2.06e-19 1.14464
65051 40.07 75.72 2.06e-19 1.13915
65048 28.12 76.67 2.05e-19 1.13097
65090 -36.13 74.51 2.00e-19 1.15798
65093 -27.58 76.63 2.04e-19 1.15129
65057 58.52 72.43 2.02e-19 1.15534
64496 44.37 58.15 1.83e-19 1.17049
64490 33.56 60.56 1.96e-19 1.16182
64493 39.17 59.48 1.91e-19 1.16608
63305 121.38 69.66 1.41e-19 1.18299
63299 126.61 69.25 1.34e-19 1.18414
64058 20.50 62.00 2.02e-19 1.15476
64061 20.50 60.00 1.99e-19 1.15964
64067 20.50 58.00 1.94e-19 1.16410
64802 7.93 64.82 2.05e-19 1.14753
64805 15.00 65.00 2.06e-19 1.14610
64799 1.06 64.29 2.04e-19 1.15131
64907 -29.72 63.95 1.87e-19 1.16842
64904 -34.39 61.83 1.76e-19 1.17358
64898 -41.94 57.20 1.50e-19 1.18140
64901 -38.43 59.57 1.64e-19 1.17788
64829 60.59 55.29 1.56e-19 1.17989
64379 -31.37 46.31 1.13e-19 1.18641
64367 48.58 49.61 1.45e-19 1.18244
64364 44.55 51.21 1.56e-19 1.18014
64361 40.23 52.61 1.66e-19 1.17734
64358 35.61 53.80 1.74e-19 1.17472
63371 72.27 65.14 1.78e-19 1.17292
63101 -146.50 74.10 1.28e-19 1.18497
63107 41.70 76.00 2.06e-19 1.14044
63968 -159.50 80.00 1.56e-19 1.18013
64343 9.65 55.86 1.87e-19 1.16844
63365 76.09 66.19 1.77e-19 1.17324
64247 33.10 47.99 1.50e-19 1.18152
64340 4.38 55.44 1.85e-19 1.16992
64244 28.75 48.86 1.56e-19 1.18008
64238 19.66 49.87 1.64e-19 1.17792
64346 15.00 56.00 1.88e-19 1.16789
64241 24.26 49.49 1.61e-19 1.17881
64268 -8.62 49.77 1.54e-19 1.18045
64271 -4.25 50.90 1.63e-19 1.17817
64274 0.34 51.81 1.69e-19 1.17637
64277 5.12 52.47 1.74e-19 1.17481
65264 -76.74 62.99 1.28e-19 1.18513
65261 -77.40 59.97 1.13e-19 1.18639
65258 101.35 59.93 1.21e-19 1.18563
65324 -83.42 59.64 1.04e-19 1.18705
65321 107.40 59.97 1.13e-19 1.18639
65318 106.74 62.99 1.28e-19 1.18513
64145 -154.30 74.50 1.29e-19 1.18490
65189 93.62 62.41 1.42e-19 1.18275
65195 -71.35 59.93 1.21e-19 1.18563
64139 -154.30 76.50 1.39e-19 1.18345
65441 -105.01 72.61 1.42e-19 1.18302
65438 -101.49 69.80 1.32e-19 1.18442
65444 -110.04 75.29 1.50e-19 1.18142
65447 -117.41 77.77 1.56e-19 1.18004
63341 89.39 68.69 1.70e-19 1.17595
63347 84.65 67.98 1.73e-19 1.17487
65018 -45.03 65.56 1.76e-19 1.17357
65027 -40.62 68.01 1.87e-19 1.16838
65159 -8.31 82.40 2.05e-19 1.14752
63239 -16.23 58.68 1.84e-19 1.17045
63245 -13.89 57.20 1.81e-19 1.17176
65165 38.31 82.40 2.05e-19 1.14752
63419 50.72 54.13 1.63e-19 1.17840
64943 59.72 63.95 1.87e-19 1.16842
64946 64.39 61.83 1.76e-19 1.17358
64847 -30.17 59.65 1.74e-19 1.17473
65141 -58.92 68.10 1.69e-19 1.17629
65138 -61.49 65.27 1.56e-19 1.17993
64838 67.39 50.87 1.27e-19 1.18529
64841 -37.82 55.26 1.47e-19 1.18193
64844 -34.24 57.52 1.61e-19 1.17874
64478 8.63 61.84 2.02e-19 1.15535
64481 15.00 62.00 2.03e-19 1.15434
64484 21.37 61.84 2.02e-19 1.15535
64487 27.59 61.35 2.00e-19 1.15799
64421 26.51 58.40 1.94e-19 1.16426
64424 32.00 57.66 1.89e-19 1.16709
64853 -20.33 63.41 1.94e-19 1.16422
64850 -25.56 61.63 1.85e-19 1.16993
64856 -14.43 64.97 2.00e-19 1.15802
63143 -74.98 69.92 1.58e-19 1.17967
64307 50.22 45.15 1.21e-19 1.18563
64298 38.62 49.77 1.54e-19 1.18045
64301 42.75 48.42 1.45e-19 1.18242
64304 46.62 46.88 1.33e-19 1.18441
64874 30.65 67.20 2.06e-19 1.14463
64868 15.00 68.00 2.06e-19 1.13685
64871 22.96 67.80 2.06e-19 1.13914
64877 37.85 66.25 2.04e-19 1.15131
64022 20.50 86.00 2.03e-19 1.15441
64025 20.50 84.00 2.05e-19 1.14908
64397 -16.66 53.94 1.66e-19 1.17750
64019 20.50 88.00 1.99e-19 1.15931
64394 -20.85 52.27 1.54e-19 1.18041
64388 -28.18 48.44 1.28e-19 1.18515
64391 -24.68 50.43 1.42e-19 1.18302
64214 32.11 45.05 1.36e-19 1.18399
64097 -154.30 89.50 1.93e-19 1.16485
64211 27.99 45.89 1.42e-19 1.18272
65219 -52.04 80.22 1.96e-19 1.16178
64217 -11.20 45.58 1.32e-19 1.18430
65222 -41.87 82.83 2.00e-19 1.15799
64427 37.23 56.66 1.83e-19 1.17052
64199 10.61 46.88 1.50e-19 1.18161
64202 15.00 47.00 1.51e-19 1.18125
64205 19.39 46.88 1.50e-19 1.18161
64976 -5.87 72.94 2.06e-19 1.13685
64973 -14.88 71.70 2.06e-19 1.14610
64970 -22.64 70.09 2.03e-19 1.15431
65450 -128.42 79.90 1.61e-19 1.17878
65453 -144.45 81.43 1.64e-19 1.17807
65162 15.00 83.00 2.06e-19 1.14610
63203 -31.27 65.14 1.89e-19 1.16745
65279 -71.91 77.98 1.83e-19 1.17047
65285 -66.36 83.93 1.94e-19 1.16424
65282 -69.91 80.96 1.89e-19 1.16708
65471 135.01 72.61 1.42e-19 1.18302
65468 140.04 75.29 1.50e-19 1.18142
65474 131.49 69.80 1.32e-19 1.18442
65477 -118.54 73.33 1.36e-19 1.18384
62993 15.00 -90.00 -1.18e-19 -0.11794
64940 54.30 65.88 1.96e-19 1.16227
65099 -1.81 79.57 2.06e-19 1.13914
65105 31.81 79.57 2.06e-19 1.13914
65102 15.00 80.00 2.06e-19 1.13685
64688 60.98 50.85 1.36e-19 1.18379
65405 -115.34 82.12 1.74e-19 1.17476
65402 -105.13 79.58 1.69e-19 1.17636
65399 -99.24 76.82 1.63e-19 1.17833
63269 -6.11 50.90 1.61e-19 1.17858
63275 -4.48 49.24 1.55e-19 1.18024
64037 20.50 76.00 2.03e-19 1.12458
64034 20.50 78.00 2.05e-19 1.13085
64028 20.50 82.00 2.06e-19 1.14335
64031 20.50 80.00 2.06e-19 1.13724
64916 -10.90 69.01 2.05e-19 1.14752
64793 -11.53 62.26 1.96e-19 1.16183
64790 -17.07 60.82 1.89e-19 1.16703
64910 -24.30 65.88 1.96e-19 1.16227
64913 -18.05 67.59 2.02e-19 1.15531
64796 -5.47 63.42 2.01e-19 1.15630
65144 -55.70 70.89 1.80e-19 1.17207
64430 42.12 55.41 1.76e-19 1.17407
64433 46.66 53.94 1.66e-19 1.17750
64349 20.35 55.86 1.87e-19 1.16844
64352 25.62 55.44 1.85e-19 1.16992
64355 30.72 54.74 1.80e-19 1.17193
63383 65.50 62.76 1.78e-19 1.17282
63113 -138.30 76.00 1.40e-19 1.18329
64436 50.85 52.27 1.54e-19 1.18041
64334 -5.61 53.80 1.74e-19 1.17472
65504 -141.78 74.62 1.32e-19 1.18427
64331 -10.23 52.61 1.66e-19 1.17734
64328 -14.55 51.21 1.56e-19 1.18014
64169 15.00 41.00 1.20e-19 1.18582
64172 18.97 40.88 1.19e-19 1.18587
64175 6.71 43.52 1.32e-19 1.18460
64337 -0.72 54.74 1.80e-19 1.17193
64814 35.47 63.42 2.01e-19 1.15630
65147 -51.53 73.61 1.89e-19 1.16712
65249 96.90 68.78 1.63e-19 1.17835
64085 20.50 46.00 1.45e-19 1.18234
65336 -84.03 71.77 1.56e-19 1.18019
65252 98.64 65.84 1.50e-19 1.18137
65255 100.10 62.89 1.36e-19 1.18377
65330 -83.40 65.72 1.32e-19 1.18439
65333 -83.60 68.75 1.45e-19 1.18252
64418 20.81 58.85 1.96e-19 1.16231
64133 -154.30 79.50 1.54e-19 1.18060
65186 91.49 65.27 1.56e-19 1.17993
64136 -154.30 78.50 1.49e-19 1.18164
65183 88.92 68.10 1.69e-19 1.17629
65180 85.70 70.89 1.80e-19 1.17207
65192 95.42 59.53 1.27e-19 1.18499
65414 164.13 84.15 1.77e-19 1.17375
65432 121.61 68.04 1.33e-19 1.18425
65435 120.51 65.03 1.21e-19 1.18561
63263 -7.85 52.53 1.67e-19 1.17689
65429 123.21 71.02 1.45e-19 1.18262
65408 -134.13 84.15 1.77e-19 1.17375
63317 110.50 70.00 1.53e-19 1.18081
63311 115.98 69.92 1.47e-19 1.18218
65009 76.59 58.92 1.51e-19 1.18107
65015 -48.69 63.02 1.64e-19 1.17808
65012 -51.77 60.39 1.50e-19 1.18134
65528 -165.00 70.00 1.04e-19 1.18692
65531 -165.00 67.00 8.92e-20 1.18727
63413 52.73 55.69 1.67e-19 1.17714
64955 -46.59 58.92 1.51e-19 1.18107
64949 68.43 59.57 1.64e-19 1.17788
65111 57.58 76.63 2.04e-19 1.15129
65168 55.98 80.83 2.04e-19 1.15128
65108 46.27 78.38 2.06e-19 1.14464
65114 66.13 74.51 2.00e-19 1.15798
65117 72.61 72.15 1.94e-19 1.16423
64862 -0.65 67.20 2.06e-19 1.14463
64835 64.18 53.14 1.42e-19 1.18301
65456 -165.00 82.00 1.65e-19 1.17769
64469 -9.17 59.48 1.91e-19 1.16608
64475 2.41 61.35 2.00e-19 1.15799
64472 -3.56 60.56 1.96e-19 1.16182
65513 -177.19 75.64 1.35e-19 1.18391
65510 -165.00 76.00 1.36e-19 1.18395
65516 171.78 74.62 1.32e-19 1.18427
64451 -34.20 48.66 1.21e-19 1.18564
64454 -30.98 50.85 1.36e-19 1.18379
63905 -159.50 78.00 1.46e-19 1.18221
64289 24.88 52.47 1.74e-19 1.17481
64295 34.25 50.90 1.63e-19 1.17817
64292 29.66 51.81 1.69e-19 1.17637
64883 50.33 63.41 1.94e-19 1.16422
64880 44.43 64.97 2.00e-19 1.15802
65498 156.21 75.54 1.42e-19 1.18287
63584 -159.50 72.00 1.15e-19 1.18626
64886 55.56 61.63 1.85e-19 1.16993
64406 -2.00 57.66 1.89e-19 1.16709
65378 113.40 65.72 1.32e-19 1.18439
64403 -7.23 56.66 1.83e-19 1.17052
64400 -12.12 55.41 1.76e-19 1.17407
64223 -3.10 47.99 1.50e-19 1.18152
64220 -7.26 46.89 1.42e-19 1.18289
64118 -154.30 82.50 1.67e-19 1.17689
64121 -154.30 81.50 1.63e-19 1.17822
64226 1.25 48.86 1.56e-19 1.18008
64124 -154.30 80.50 1.58e-19 1.17946
63161 -58.62 69.66 1.74e-19 1.17451
