56894 2.38 31.38 1.95e-21 
56906 6.89 32.66 1.95e-21 
56918 11.53 33.68 1.95e-21 
56930 16.29 34.41 1.95e-21 
56942 21.12 34.85 1.95e-21 
56954 26.00 35.00 1.95e-21 
56966 30.88 34.85 1.95e-21 
56978 35.71 34.41 1.95e-21 
56990 40.47 33.68 1.95e-21 
57002 45.11 32.66 1.95e-21 
57014 49.62 31.38 1.95e-21 
57659 1.23 35.30 1.95e-21 
57671 5.92 36.60 1.95e-21 
57683 10.78 37.64 1.95e-21 
57695 15.77 38.39 1.95e-21 
57707 20.86 38.85 1.95e-21 
57719 26.00 39.00 1.95e-21 
57731 31.14 38.85 1.95e-21 
57743 36.23 38.39 1.95e-21 
57755 41.22 37.64 1.95e-21 
57767 46.08 36.60 1.95e-21 
57779 50.77 35.30 1.95e-21 
58406 -0.17 39.15 1.95e-21 
58418 4.74 40.51 1.95e-21 
58430 9.86 41.58 1.95e-21 
58442 15.14 42.36 1.95e-21 
58454 20.54 42.84 1.95e-21 
58466 26.00 43.00 1.95e-21 
58478 31.46 42.84 1.95e-21 
58490 36.86 42.36 1.95e-21 
58502 42.14 41.58 1.95e-21 
58514 47.26 40.51 1.95e-21 
58526 52.17 39.15 1.95e-21 
59138 -1.86 42.96 1.95e-21 
59150 3.32 44.37 1.95e-21 
59162 8.74 45.50 1.95e-21 
59174 14.37 46.33 1.95e-21 
59186 20.15 46.83 1.95e-21 
59198 26.00 47.00 1.95e-21 
59210 31.85 46.83 1.95e-21 
59222 37.63 46.33 1.95e-21 
59234 43.26 45.50 1.95e-21 
59246 48.68 44.37 1.95e-21 
59258 53.86 42.96 1.95e-21 
59849 -3.91 46.69 1.95e-21 
59861 1.58 48.19 1.95e-21 
59873 7.37 49.39 1.95e-21 
59885 13.42 50.28 1.95e-21 
59897 19.66 50.82 1.95e-21 
59909 26.00 51.00 1.95e-21 
59921 32.34 50.82 1.95e-21 
59933 38.58 50.28 1.95e-21 
59945 44.63 49.39 1.95e-21 
59957 50.42 48.19 1.95e-21 
59969 55.91 46.69 1.95e-21 
60557 -6.40 50.33 1.95e-21 
60569 -0.56 51.95 1.95e-21 
60581 5.67 53.25 1.95e-21 
60593 12.23 54.21 1.95e-21 
60605 19.05 54.80 1.95e-21 
60617 26.00 55.00 1.95e-21 
60629 32.95 54.80 1.95e-21 
60641 39.77 54.21 1.95e-21 
60653 46.33 53.25 1.95e-21 
60665 52.56 51.95 1.95e-21 
60677 58.40 50.33 1.95e-21 
61265 -9.45 53.87 1.95e-21 
61277 -3.22 55.62 1.95e-21 
61289 3.52 57.06 1.95e-21 
61301 10.72 58.12 1.95e-21 
61313 18.27 58.78 1.95e-21 
61325 26.00 59.00 1.95e-21 
61337 33.73 58.78 1.95e-21 
61349 41.28 58.12 1.95e-21 
61361 48.48 57.06 1.95e-21 
61373 55.22 55.62 1.95e-21 
61385 61.45 53.87 1.95e-21 
61976 -13.22 57.26 1.95e-21 
61988 -6.57 59.20 1.95e-21 
62000 0.77 60.80 1.95e-21 
62012 8.76 62.00 1.95e-21 
62024 17.24 62.75 1.95e-21 
62036 26.00 63.00 1.95e-21 
62048 34.76 62.75 1.95e-21 
62060 43.24 62.00 1.95e-21 
62072 51.23 60.80 1.95e-21 
62084 58.57 59.20 1.95e-21 
62096 65.22 57.26 1.95e-21 
62708 -17.91 60.45 1.95e-21 
62720 -10.83 62.63 1.95e-21 
62732 -2.82 64.45 1.95e-21 
62744 6.13 65.83 1.95e-21 
62756 15.84 66.70 1.95e-21 
62768 26.00 67.00 1.95e-21 
62780 36.16 66.70 1.95e-21 
62792 45.87 65.83 1.95e-21 
62804 54.82 64.45 1.95e-21 
62816 62.83 62.63 1.95e-21 
62828 69.91 60.45 1.95e-21 
63455 -23.76 63.38 1.95e-21 
63467 -16.35 65.85 1.95e-21 
63479 -7.64 67.95 1.95e-21 
63491 2.48 69.59 1.95e-21 
63503 13.85 70.64 1.95e-21 
63515 26.00 71.00 1.95e-21 
63527 38.15 70.64 1.95e-21 
63539 49.52 69.59 1.95e-21 
63551 59.64 67.95 1.95e-21 
63563 68.35 65.85 1.95e-21 
63575 75.76 63.38 1.95e-21 
64220 -31.03 65.94 1.95e-21 
64232 -23.54 68.76 1.95e-21 
64244 -14.27 71.24 1.95e-21 
64256 -2.83 73.22 1.95e-21 
64268 10.83 74.54 1.95e-21 
64280 26.00 75.00 1.95e-21 
64292 41.17 74.54 1.95e-21 
64304 54.83 73.22 1.95e-21 
64316 66.27 71.24 1.95e-21 
64328 75.54 68.76 1.95e-21 
64340 83.03 65.94 1.95e-21 
