65006 73.24 61.42 9.64e-20 0.68864
65000 64.69 66.09 1.11e-19 0.68622
65003 69.32 63.82 1.04e-19 0.68837
63197 -35.09 66.19 1.10e-19 0.68625
64142 -154.30 75.50 7.72e-20 0.68319
63191 -39.22 67.15 1.10e-19 0.68675
65213 -57.99 77.44 1.12e-19 0.68525
65210 -61.92 74.59 1.08e-19 0.68745
65294 86.94 86.84 1.15e-19 0.68279
65291 15.00 89.00 1.16e-19 0.68228
65288 -56.94 86.84 1.15e-19 0.68279
65075 -57.47 61.57 8.53e-20 0.68642
62987 15.00 -74.00 2.21e-20 0.02212
65072 81.77 60.39 8.71e-20 0.68687
65486 -149.69 78.56 8.71e-20 0.68683
65069 78.69 63.02 9.58e-20 0.68867
65420 135.13 79.58 9.90e-20 0.68878
62981 15.00 -90.00 6.31e-20 0.06305
65483 -136.50 77.35 8.53e-20 0.68648
65156 -25.98 80.83 1.20e-19 0.67375
65426 125.59 73.95 9.00e-20 0.68768
65480 -126.21 75.54 8.24e-20 0.68540
63281 -2.95 47.55 8.59e-20 0.68651
63287 -1.51 45.84 8.12e-20 0.68498
65150 -45.89 76.23 1.15e-19 0.68241
65390 -91.61 68.04 7.69e-20 0.68303
63227 -18.77 60.10 1.09e-19 0.68687
65393 -93.21 71.02 8.39e-20 0.68601
65396 -95.59 73.95 9.00e-20 0.68768
63221 -21.51 61.46 1.10e-19 0.68637
63443 45.48 49.24 8.47e-20 0.68616
64046 20.50 70.00 1.18e-19 0.65342
64082 20.50 48.00 9.03e-20 0.68775
64043 20.50 72.00 1.17e-19 0.64641
64040 20.50 74.00 1.15e-19 0.64199
64781 -30.59 55.29 9.11e-20 0.68787
64778 -34.18 53.14 8.25e-20 0.68549
64784 -26.57 57.31 9.90e-20 0.68876
64079 20.50 50.00 9.60e-20 0.68863
64787 -22.08 59.16 1.06e-19 0.68795
64919 -2.88 70.09 1.20e-19 0.66181
64925 15.00 71.00 1.17e-19 0.64819
64922 5.86 70.77 1.18e-19 0.65305
64439 54.68 50.43 8.21e-20 0.68528
64445 61.37 46.31 6.46e-20 0.67585
64442 58.18 48.44 7.35e-20 0.68144
63119 -95.35 67.98 7.44e-20 0.68182
63125 -90.61 68.69 7.93e-20 0.68423
63377 68.74 63.99 1.05e-19 0.68824
64544 53.49 54.84 9.50e-20 0.68848
64187 23.29 43.52 7.61e-20 0.68272
64325 -18.58 49.61 8.39e-20 0.68590
63776 -159.50 74.00 7.21e-20 0.68054
64181 15.00 44.00 7.83e-20 0.68372
64178 10.84 43.88 7.78e-20 0.68349
64184 19.16 43.88 7.78e-20 0.68349
64013 -159.50 88.00 1.11e-19 0.68625
64250 37.26 46.89 8.20e-20 0.68520
64253 41.20 45.58 7.60e-20 0.68254
64073 20.50 54.00 1.06e-19 0.68795
64070 20.50 56.00 1.10e-19 0.68638
65246 94.74 71.70 1.02e-19 0.68867
65492 179.69 78.56 8.71e-20 0.68683
65243 91.92 74.59 1.08e-19 0.68745
65495 166.50 77.35 8.53e-20 0.68648
64076 20.50 52.00 1.01e-19 0.68870
65240 87.99 77.44 1.12e-19 0.68525
64208 23.74 46.51 8.53e-20 0.68651
64457 -27.42 52.92 8.71e-20 0.68695
65177 81.53 73.61 1.11e-19 0.68584
64166 11.03 40.88 6.82e-20 0.67817
64163 15.00 38.00 5.91e-20 0.67162
65171 67.87 78.68 1.18e-19 0.67816
64094 20.50 40.00 6.52e-20 0.67621
65174 75.89 76.23 1.15e-19 0.68241
64160 15.00 35.00 4.98e-20 0.66297
65387 -90.51 65.03 6.93e-20 0.67882
63257 -9.72 54.13 1.01e-19 0.68875
65297 96.36 83.93 1.14e-19 0.68410
63251 -11.73 55.69 1.04e-19 0.68848
65381 113.36 62.69 6.77e-20 0.67800
65384 113.42 59.64 5.91e-20 0.67170
65357 139.00 86.38 1.10e-19 0.68651
65348 -94.24 83.64 1.08e-19 0.68717
65351 -109.00 86.38 1.10e-19 0.68651
64091 20.50 42.00 7.16e-20 0.68028
65354 -165.00 88.00 1.11e-19 0.68625
63179 -48.39 68.69 1.07e-19 0.68783
63185 -43.65 67.98 1.08e-19 0.68726
63323 105.02 69.92 9.22e-20 0.68819
65342 -86.22 77.76 1.02e-19 0.68861
65345 -88.82 80.73 1.06e-19 0.68802
65339 -84.82 74.77 9.70e-20 0.68867
65045 15.00 77.00 1.17e-19 0.64819
65042 1.88 76.67 1.18e-19 0.65306
65039 -10.07 75.72 1.20e-19 0.66181
63407 54.89 57.20 9.99e-20 0.68870
65423 129.24 76.82 9.50e-20 0.68854
64823 52.08 59.16 1.06e-19 0.68795
65489 -165.00 79.00 8.77e-20 0.68710
64820 47.07 60.82 1.11e-19 0.68578
64967 -29.19 68.20 1.16e-19 0.68227
64964 -34.69 66.09 1.11e-19 0.68622
63401 57.23 58.68 1.02e-19 0.68873
63095 40.40 47.00 8.08e-20 0.68478
64961 -39.32 63.82 1.04e-19 0.68837
64958 -43.24 61.42 9.64e-20 0.68864
64826 56.57 57.31 9.90e-20 0.68876
65063 70.62 68.01 1.10e-19 0.68650
65126 84.80 64.32 9.40e-20 0.68845
65060 65.21 70.32 1.15e-19 0.68280
65123 81.58 67.01 1.02e-19 0.68863
65066 75.03 65.56 1.04e-19 0.68843
65120 77.61 69.63 1.08e-19 0.68718
64592 57.42 52.92 8.71e-20 0.68695
64499 49.14 56.59 1.02e-19 0.68860
65519 -154.87 72.69 6.81e-20 0.67804
65522 -165.00 73.00 6.87e-20 0.67855
65525 -175.13 72.69 6.81e-20 0.67804
63293 -0.15 44.10 7.62e-20 0.68277
64055 20.50 64.00 1.20e-19 0.67206
64052 20.50 66.00 1.20e-19 0.66653
64466 -14.37 58.15 1.08e-19 0.68747
64049 20.50 68.00 1.20e-19 0.66027
64463 -19.14 56.59 1.02e-19 0.68860
64460 -23.49 54.84 9.50e-20 0.68848
64889 60.17 59.65 1.02e-19 0.68867
64895 67.82 55.26 8.53e-20 0.68635
64892 64.24 57.52 9.40e-20 0.68839
65225 -22.03 85.01 1.18e-19 0.67733
64376 58.87 43.83 5.91e-20 0.67171
64004 -159.50 82.00 9.64e-20 0.68866
64370 52.30 47.83 7.60e-20 0.68248
64007 -159.50 84.00 1.02e-19 0.68867
64373 55.72 45.90 6.77e-20 0.67786
64229 5.74 49.49 9.40e-20 0.68843
64235 15.00 50.00 9.64e-20 0.68865
64232 10.34 49.87 9.58e-20 0.68857
64109 -154.30 85.50 1.05e-19 0.68812
64115 -154.30 83.50 1.01e-19 0.68874
64112 -154.30 84.50 1.03e-19 0.68853
63809 -159.50 76.00 7.84e-20 0.68377
64283 15.00 53.00 1.04e-19 0.68838
64280 10.03 52.87 1.04e-19 0.68853
64286 19.97 52.87 1.04e-19 0.68853
65312 105.25 69.00 9.00e-20 0.68766
65315 106.03 66.00 8.21e-20 0.68534
65309 104.36 72.00 9.70e-20 0.68871
65306 103.29 74.99 1.03e-19 0.68852
65198 -70.10 62.89 7.85e-20 0.68369
65201 -68.64 65.84 8.71e-20 0.68690
65204 -66.90 68.78 9.50e-20 0.68855
65207 -64.74 71.70 1.02e-19 0.68867
65300 99.91 80.96 1.11e-19 0.68581
65303 101.91 77.98 1.08e-19 0.68746
65078 -54.80 64.32 9.40e-20 0.68845
65081 -51.58 67.01 1.02e-19 0.68863
65411 -165.00 85.00 1.04e-19 0.68838
65084 -47.61 69.63 1.08e-19 0.68718
65087 -42.61 72.15 1.14e-19 0.68409
64859 -7.85 66.25 1.20e-19 0.67376
64865 7.04 67.80 1.20e-19 0.66180
65417 145.34 82.12 1.02e-19 0.68869
63329 99.62 69.66 9.51e-20 0.68850
63335 94.39 69.25 9.77e-20 0.68873
63449 43.95 47.55 8.06e-20 0.68460
63455 42.51 45.84 7.61e-20 0.68275
64994 52.64 70.09 1.19e-19 0.67646
64988 35.87 72.94 1.20e-19 0.65940
64991 44.88 71.70 1.20e-19 0.66884
63215 -24.50 62.76 1.11e-19 0.68603
65153 -37.87 78.68 1.18e-19 0.67816
64997 59.19 68.20 1.16e-19 0.68227
63209 -27.74 63.99 1.11e-19 0.68593
64934 40.90 69.01 1.20e-19 0.67022
64016 14.04 90.00 1.14e-19 0.68381
64931 32.88 70.09 1.20e-19 0.66181
63431 48.85 52.53 9.20e-20 0.68805
64928 24.14 70.77 1.18e-19 0.65305
64010 -159.50 86.00 1.06e-19 0.68787
63473 -159.50 70.00 5.92e-20 0.67173
64937 48.05 67.59 1.18e-19 0.67731
63437 47.11 50.90 8.85e-20 0.68727
65132 -65.42 59.53 7.32e-20 0.68115
65135 -63.62 62.41 8.24e-20 0.68533
65129 87.47 61.57 8.53e-20 0.68642
64772 64.20 48.66 6.94e-20 0.67893
64775 -37.39 50.87 7.33e-20 0.68134
64415 15.00 59.00 1.16e-19 0.68228
64412 9.19 58.85 1.15e-19 0.68279
64409 3.49 58.40 1.14e-19 0.68411
63137 -80.38 69.66 8.82e-20 0.68714
63131 -85.61 69.25 8.38e-20 0.68588
64316 -22.30 47.83 7.60e-20 0.68248
64313 -25.72 45.90 6.77e-20 0.67786
64310 -28.87 43.83 5.91e-20 0.67171
63155 -64.02 69.92 9.92e-20 0.68882
63149 -69.50 70.00 9.59e-20 0.68862
64259 -20.22 45.15 6.93e-20 0.67883
64265 -12.75 48.42 8.39e-20 0.68588
64262 -16.62 46.88 7.69e-20 0.68313
65327 -83.36 62.69 6.77e-20 0.67800
57281 15.00 -74.00 2.21e-20 0.02212
64100 -154.30 88.50 1.12e-19 0.68569
64103 -154.30 87.50 1.10e-19 0.68670
65237 82.04 80.22 1.15e-19 0.68241
65234 71.87 82.83 1.17e-19 0.67953
64106 -154.30 86.50 1.08e-19 0.68751
65231 52.03 85.01 1.18e-19 0.67733
65228 15.00 86.00 1.19e-19 0.67647
65267 -76.03 66.00 8.21e-20 0.68534
64088 20.50 44.00 7.80e-20 0.68357
64193 2.01 45.89 8.24e-20 0.68531
64190 -2.11 45.05 7.85e-20 0.68383
64157 -154.30 77.50 8.34e-20 0.68577
64154 -154.30 71.50 6.44e-20 0.67565
64151 -154.30 72.50 6.76e-20 0.67783
64148 -154.30 73.50 7.08e-20 0.67981
64196 6.26 46.51 8.53e-20 0.68651
64982 15.00 74.00 1.13e-19 0.63523
64985 25.77 73.73 1.17e-19 0.64819
65369 114.82 74.77 9.70e-20 0.68867
64979 4.23 73.73 1.17e-19 0.64819
65375 113.60 68.75 8.39e-20 0.68595
65372 114.03 71.77 9.09e-20 0.68795
65366 116.22 77.76 1.02e-19 0.68861
65360 124.24 83.64 1.08e-19 0.68717
65363 118.82 80.73 1.06e-19 0.68802
65459 174.45 81.43 9.58e-20 0.68867
65462 158.42 79.90 9.40e-20 0.68842
65465 147.41 77.77 9.11e-20 0.68796
63173 -53.39 69.25 1.05e-19 0.68829
65036 -20.23 74.26 1.20e-19 0.67022
65270 -75.25 69.00 9.00e-20 0.68766
65273 -74.36 72.00 9.70e-20 0.68871
64952 71.94 57.20 8.71e-20 0.68690
65276 -73.29 74.99 1.03e-19 0.68852
65030 -35.21 70.32 1.15e-19 0.68280
65033 -28.52 72.43 1.18e-19 0.67732
64808 22.07 64.82 1.20e-19 0.67022
64811 28.94 64.29 1.20e-19 0.67376
65501 148.54 73.33 7.85e-20 0.68374
63353 80.22 67.15 1.03e-19 0.68858
64817 41.53 62.26 1.15e-19 0.68244
63005 15.00 -90.00 6.31e-20 0.06305
63389 62.51 61.46 1.04e-19 0.68837
62999 15.00 -74.00 2.21e-20 0.02212
63395 59.77 60.10 1.03e-19 0.68854
65507 -152.81 75.64 7.77e-20 0.68335
65054 50.23 74.26 1.20e-19 0.67022
65096 -16.27 78.38 1.20e-19 0.66739
65051 40.07 75.72 1.20e-19 0.66181
65048 28.12 76.67 1.18e-19 0.65306
65090 -36.13 74.51 1.17e-19 0.67952
65093 -27.58 76.63 1.20e-19 0.67375
65057 58.52 72.43 1.18e-19 0.67732
64496 44.37 58.15 1.08e-19 0.68747
64490 33.56 60.56 1.15e-19 0.68243
64493 39.17 59.48 1.12e-19 0.68524
63017 15.00 -90.00 6.31e-20 0.06305
63305 121.38 69.66 8.14e-20 0.68489
63011 15.00 -74.00 2.21e-20 0.02212
63299 126.61 69.25 7.72e-20 0.68316
64058 20.50 62.00 1.19e-19 0.67684
64061 20.50 60.00 1.17e-19 0.68082
64067 20.50 58.00 1.14e-19 0.68401
64802 7.93 64.82 1.20e-19 0.67022
64805 15.00 65.00 1.20e-19 0.66884
64799 1.06 64.29 1.20e-19 0.67376
64907 -29.72 63.95 1.10e-19 0.68652
64904 -34.39 61.83 1.04e-19 0.68843
64898 -41.94 57.20 8.71e-20 0.68690
64901 -38.43 59.57 9.58e-20 0.68855
64829 60.59 55.29 9.11e-20 0.68787
64379 -31.37 46.31 6.46e-20 0.67585
64367 48.58 49.61 8.39e-20 0.68590
64364 44.55 51.21 9.09e-20 0.68792
64361 40.23 52.61 9.70e-20 0.68867
64358 35.61 53.80 1.02e-19 0.68870
63371 72.27 65.14 1.05e-19 0.68829
63101 -146.50 74.10 7.36e-20 0.68140
63107 41.70 76.00 1.20e-19 0.66315
63968 -159.50 80.00 9.07e-20 0.68784
64343 9.65 55.86 1.10e-19 0.68654
63365 76.09 66.19 1.04e-19 0.68834
64247 33.10 47.99 8.71e-20 0.68700
64340 4.38 55.44 1.08e-19 0.68724
64244 28.75 48.86 9.11e-20 0.68799
64238 19.66 49.87 9.58e-20 0.68857
64346 15.00 56.00 1.11e-19 0.68625
64241 24.26 49.49 9.40e-20 0.68843
64268 -8.62 49.77 9.00e-20 0.68768
64271 -4.25 50.90 9.50e-20 0.68844
64274 0.34 51.81 9.90e-20 0.68879
64277 5.12 52.47 1.02e-19 0.68872
65264 -76.74 62.99 7.35e-20 0.68143
65261 -77.40 59.97 6.46e-20 0.67585
65258 101.35 59.93 6.94e-20 0.67892
65324 -83.42 59.64 5.91e-20 0.67170
65321 107.40 59.97 6.46e-20 0.67585
65318 106.74 62.99 7.35e-20 0.68143
64145 -154.30 74.50 7.40e-20 0.68160
65189 93.62 62.41 8.24e-20 0.68533
65195 -71.35 59.93 6.94e-20 0.67892
64139 -154.30 76.50 8.03e-20 0.68458
65441 -105.01 72.61 8.21e-20 0.68528
65438 -101.49 69.80 7.60e-20 0.68261
65444 -110.04 75.29 8.71e-20 0.68694
65447 -117.41 77.77 9.11e-20 0.68796
63341 89.39 68.69 9.98e-20 0.68880
63347 84.65 67.98 1.02e-19 0.68869
65018 -45.03 65.56 1.04e-19 0.68843
65027 -40.62 68.01 1.10e-19 0.68650
65159 -8.31 82.40 1.20e-19 0.67022
63239 -16.23 58.68 1.08e-19 0.68746
63245 -13.89 57.20 1.06e-19 0.68792
65165 38.31 82.40 1.20e-19 0.67022
63419 50.72 54.13 9.50e-20 0.68857
64943 59.72 63.95 1.10e-19 0.68652
64946 64.39 61.83 1.04e-19 0.68843
64847 -30.17 59.65 1.02e-19 0.68867
65141 -58.92 68.10 9.90e-20 0.68874
65138 -61.49 65.27 9.11e-20 0.68789
64838 67.39 50.87 7.33e-20 0.68134
64841 -37.82 55.26 8.53e-20 0.68635
64844 -34.24 57.52 9.40e-20 0.68839
64478 8.63 61.84 1.18e-19 0.67733
64481 15.00 62.00 1.19e-19 0.67647
64484 21.37 61.84 1.18e-19 0.67733
64487 27.59 61.35 1.17e-19 0.67953
64421 26.51 58.40 1.14e-19 0.68411
64424 32.00 57.66 1.11e-19 0.68582
64853 -20.33 63.41 1.14e-19 0.68409
64850 -25.56 61.63 1.08e-19 0.68725
64856 -14.43 64.97 1.17e-19 0.67954
63143 -74.98 69.92 9.22e-20 0.68820
64307 50.22 45.15 6.93e-20 0.67883
64298 38.62 49.77 9.00e-20 0.68768
64301 42.75 48.42 8.39e-20 0.68588
64304 46.62 46.88 7.69e-20 0.68313
64874 30.65 67.20 1.20e-19 0.66739
64868 15.00 68.00 1.20e-19 0.65940
64871 22.96 67.80 1.20e-19 0.66180
64877 37.85 66.25 1.20e-19 0.67376
64022 20.50 86.00 1.19e-19 0.67653
64025 20.50 84.00 1.20e-19 0.67170
64397 -16.66 53.94 9.70e-20 0.68877
64019 20.50 88.00 1.17e-19 0.68057
64394 -20.85 52.27 9.00e-20 0.68766
64388 -28.18 48.44 7.35e-20 0.68144
64391 -24.68 50.43 8.21e-20 0.68528
64214 32.11 45.05 7.85e-20 0.68383
64097 -154.30 89.50 1.13e-19 0.68449
64211 27.99 45.89 8.24e-20 0.68531
65219 -52.04 80.22 1.15e-19 0.68241
64217 -11.20 45.58 7.60e-20 0.68254
65222 -41.87 82.83 1.17e-19 0.67953
64427 37.23 56.66 1.08e-19 0.68749
64199 10.61 46.88 8.71e-20 0.68703
64202 15.00 47.00 8.77e-20 0.68710
64205 19.39 46.88 8.71e-20 0.68703
64976 -5.87 72.94 1.20e-19 0.65940
64973 -14.88 71.70 1.20e-19 0.66884
64970 -22.64 70.09 1.19e-19 0.67646
65450 -128.42 79.90 9.40e-20 0.68842
65453 -144.45 81.43 9.58e-20 0.68867
65162 15.00 83.00 1.20e-19 0.66884
63203 -31.27 65.14 1.11e-19 0.68602
65279 -71.91 77.98 1.08e-19 0.68746
65285 -66.36 83.93 1.14e-19 0.68410
65282 -69.91 80.96 1.11e-19 0.68581
65471 135.01 72.61 8.21e-20 0.68528
65468 140.04 75.29 8.71e-20 0.68694
65474 131.49 69.80 7.60e-20 0.68261
65477 -118.54 73.33 7.85e-20 0.68374
62993 15.00 -90.00 6.31e-20 0.06305
64940 54.30 65.88 1.15e-19 0.68277
65099 -1.81 79.57 1.20e-19 0.66180
65105 31.81 79.57 1.20e-19 0.66180
65102 15.00 80.00 1.20e-19 0.65940
64688 60.98 50.85 7.85e-20 0.68371
65405 -115.34 82.12 1.02e-19 0.68869
65402 -105.13 79.58 9.90e-20 0.68878
65399 -99.24 76.82 9.50e-20 0.68854
63269 -6.11 50.90 9.43e-20 0.68839
63275 -4.48 49.24 9.03e-20 0.68769
64037 20.50 76.00 1.16e-19 0.64595
64034 20.50 78.00 1.18e-19 0.65292
64028 20.50 82.00 1.20e-19 0.66611
64031 20.50 80.00 1.20e-19 0.65981
64916 -10.90 69.01 1.20e-19 0.67022
64793 -11.53 62.26 1.15e-19 0.68244
64790 -17.07 60.82 1.11e-19 0.68578
64910 -24.30 65.88 1.15e-19 0.68277
64913 -18.05 67.59 1.18e-19 0.67731
64796 -5.47 63.42 1.18e-19 0.67815
65144 -55.70 70.89 1.06e-19 0.68805
64430 42.12 55.41 1.03e-19 0.68858
64433 46.66 53.94 9.70e-20 0.68877
64349 20.35 55.86 1.10e-19 0.68654
64352 25.62 55.44 1.08e-19 0.68724
64355 30.72 54.74 1.06e-19 0.68797
63383 65.50 62.76 1.05e-19 0.68824
63113 -138.30 76.00 8.09e-20 0.68483
64436 50.85 52.27 9.00e-20 0.68766
64334 -5.61 53.80 1.02e-19 0.68870
65504 -141.78 74.62 7.60e-20 0.68251
64331 -10.23 52.61 9.70e-20 0.68867
64328 -14.55 51.21 9.09e-20 0.68792
64169 15.00 41.00 6.87e-20 0.67855
64172 18.97 40.88 6.82e-20 0.67817
64175 6.71 43.52 7.61e-20 0.68272
64337 -0.72 54.74 1.06e-19 0.68797
64814 35.47 63.42 1.18e-19 0.67815
65147 -51.53 73.61 1.11e-19 0.68584
65249 96.90 68.78 9.50e-20 0.68855
64085 20.50 46.00 8.43e-20 0.68606
65336 -84.03 71.77 9.09e-20 0.68795
65252 98.64 65.84 8.71e-20 0.68690
65255 100.10 62.89 7.85e-20 0.68369
65330 -83.40 65.72 7.60e-20 0.68259
65333 -83.60 68.75 8.39e-20 0.68595
64418 20.81 58.85 1.15e-19 0.68279
64133 -154.30 79.50 8.95e-20 0.68756
65186 91.49 65.27 9.11e-20 0.68789
64136 -154.30 78.50 8.65e-20 0.68677
65183 88.92 68.10 9.90e-20 0.68874
65180 85.70 70.89 1.06e-19 0.68805
65192 95.42 59.53 7.32e-20 0.68115
65414 164.13 84.15 1.04e-19 0.68854
65432 121.61 68.04 7.69e-20 0.68303
65435 120.51 65.03 6.93e-20 0.67882
63263 -7.85 52.53 9.79e-20 0.68871
65429 123.21 71.02 8.39e-20 0.68601
65408 -134.13 84.15 1.04e-19 0.68854
63317 110.50 70.00 8.89e-20 0.68742
63311 115.98 69.92 8.53e-20 0.68649
65009 76.59 58.92 8.76e-20 0.68699
65015 -48.69 63.02 9.58e-20 0.68867
65012 -51.77 60.39 8.71e-20 0.68687
65528 -165.00 70.00 5.91e-20 0.67162
65531 -165.00 67.00 4.98e-20 0.66297
63413 52.73 55.69 9.77e-20 0.68879
64955 -46.59 58.92 8.76e-20 0.68699
64949 68.43 59.57 9.58e-20 0.68855
65111 57.58 76.63 1.20e-19 0.67375
65168 55.98 80.83 1.20e-19 0.67375
65108 46.27 78.38 1.20e-19 0.66739
65114 66.13 74.51 1.17e-19 0.67952
65117 72.61 72.15 1.14e-19 0.68409
64862 -0.65 67.20 1.20e-19 0.66739
64835 64.18 53.14 8.25e-20 0.68549
65456 -165.00 82.00 9.64e-20 0.68865
64469 -9.17 59.48 1.12e-19 0.68524
64475 2.41 61.35 1.17e-19 0.67953
64472 -3.56 60.56 1.15e-19 0.68243
65513 -177.19 75.64 7.77e-20 0.68335
65510 -165.00 76.00 7.83e-20 0.68372
65516 171.78 74.62 7.60e-20 0.68251
64451 -34.20 48.66 6.94e-20 0.67893
64454 -30.98 50.85 7.85e-20 0.68371
63905 -159.50 78.00 8.47e-20 0.68620
64289 24.88 52.47 1.02e-19 0.68872
64295 34.25 50.90 9.50e-20 0.68844
64292 29.66 51.81 9.90e-20 0.68879
64883 50.33 63.41 1.14e-19 0.68409
64880 44.43 64.97 1.17e-19 0.67954
65498 156.21 75.54 8.24e-20 0.68540
63584 -159.50 72.00 6.56e-20 0.67652
64886 55.56 61.63 1.08e-19 0.68725
64406 -2.00 57.66 1.11e-19 0.68582
65378 113.40 65.72 7.60e-20 0.68259
64403 -7.23 56.66 1.08e-19 0.68749
64400 -12.12 55.41 1.03e-19 0.68858
64223 -3.10 47.99 8.71e-20 0.68700
64220 -7.26 46.89 8.20e-20 0.68520
64118 -154.30 82.50 9.80e-20 0.68875
64121 -154.30 81.50 9.52e-20 0.68855
64226 1.25 48.86 9.11e-20 0.68799
64124 -154.30 80.50 9.24e-20 0.68816
63161 -58.62 69.66 1.02e-19 0.68861
