55928 26.00 25.00 1.390e-21 0.921
56270 15.67 29.27 1.570e-21 0.921
56297 26.00 30.00 1.670e-21 0.921
56324 36.33 29.27 1.570e-21 0.921
57272 1.83 33.35 1.530e-21 0.921
57296 11.17 35.66 1.830e-21 0.921
57320 21.00 36.85 2.000e-21 0.921
57344 31.00 36.85 2.000e-21 0.921
57368 40.83 35.66 1.830e-21 0.921
57392 50.17 33.35 1.530e-21 0.921
58406 -0.17 39.15 1.740e-21 0.921
58430 9.86 41.58 2.060e-21 0.921
58454 20.54 42.84 2.240e-21 0.921
58478 31.46 42.84 2.240e-21 0.921
58502 42.14 41.58 2.060e-21 0.921
58526 52.17 39.15 1.740e-21 0.921
59495 -2.83 44.83 1.880e-21 0.921
59519 8.09 47.45 2.210e-21 0.921
59543 19.92 48.83 2.390e-21 0.921
59567 32.08 48.83 2.390e-21 0.921
59591 43.91 47.45 2.210e-21 0.921
59615 54.83 44.83 1.880e-21 0.921
60557 -6.40 50.33 1.930e-21 0.921
60581 5.67 53.25 2.260e-21 0.921
60605 19.05 54.80 2.450e-21 0.921
60629 32.95 54.80 2.450e-21 0.921
60653 46.33 53.25 2.260e-21 0.921
60677 58.40 50.33 1.930e-21 0.921
61619 -11.24 55.58 1.880e-21 0.921
61643 2.24 58.94 2.210e-21 0.921
61667 17.79 60.76 2.390e-21 0.921
61691 34.21 60.76 2.390e-21 0.921
61715 49.76 58.94 2.210e-21 0.921
61739 63.24 55.58 1.880e-21 0.921
62708 -17.91 60.45 1.740e-21 0.921
62732 -2.82 64.45 2.060e-21 0.921
62756 15.84 66.70 2.240e-21 0.921
62780 36.16 66.70 2.240e-21 0.921
62804 54.82 64.45 2.060e-21 0.921
62828 69.91 60.45 1.740e-21 0.921
63842 -27.20 64.71 1.530e-21 0.921
63866 -10.68 69.63 1.830e-21 0.921
63890 12.52 72.59 2.000e-21 0.921
63914 39.48 72.59 2.000e-21 0.921
63938 62.68 69.63 1.830e-21 0.921
63962 79.20 64.71 1.530e-21 0.921
64910 -17.33 76.82 1.570e-21 0.921
64937 26.00 80.00 1.670e-21 0.921
64964 69.33 76.82 1.570e-21 0.921
65306 26.00 85.00 1.390e-21 0.921
