56894 2.38 31.38 1.55e-21 0.99008 NaN
56924 13.90 34.08 1.46e-21 1.07230 NaN
56954 26.00 35.00 1.56e-21 1.00795 NaN
56984 38.10 34.08 1.34e-21 1.19818 NaN
57014 49.62 31.38 1.25e-21 1.06991 NaN
58772 -0.98 41.06 1.32e-21 1.33570 NaN
58802 12.03 43.98 1.45e-21 1.27973 NaN
58832 26.00 45.00 1.21e-21 1.59117 NaN
58862 39.97 43.98 1.24e-21 1.44453 NaN
58892 52.98 41.06 1.12e-21 1.47132 NaN
60557 -6.40 50.33 1.29e-21 1.46725 NaN
60587 8.91 53.78 1.09e-21 1.68435 NaN
60617 26.00 55.00 1.85e-21 1.00000 NaN
60647 43.09 53.78 1.15e-21 1.55839 NaN
60677 58.40 50.33 1.01e-21 1.78026 NaN
62342 -15.44 58.88 1.10e-21 1.63038 NaN
62372 3.23 63.34 1.17e-21 1.55315 NaN
62402 26.00 65.00 1.02e-21 1.79247 NaN
62432 48.77 63.34 1.06e-21 1.73034 NaN
62462 67.44 58.88 9.45e-22 1.82569 NaN
64220 -31.03 65.94 9.86e-22 1.64561 NaN
64250 -8.83 72.30 1.12e-21 1.54327 NaN
64280 26.00 75.00 1.26e-21 1.52417 NaN
64310 60.83 72.30 1.19e-21 1.49508 NaN
64340 83.03 65.94 9.73e-22 1.54427 NaN
