56894 2.38 31.38 1.53e-21 0.69257 NaN
56924 13.90 34.08 1.57e-21 0.72888 NaN
56954 26.00 35.00 1.57e-21 0.78238 NaN
56984 38.10 34.08 1.61e-21 0.70829 NaN
57014 49.62 31.38 1.34e-21 0.77152 NaN
58772 -0.98 41.06 1.76e-21 0.67280 NaN
58802 12.03 43.98 1.86e-21 0.65801 NaN
58832 26.00 45.00 1.93e-21 0.66182 NaN
58862 39.97 43.98 1.79e-21 0.82080 NaN
58892 52.98 41.06 1.65e-21 0.81429 NaN
60557 -6.40 50.33 1.89e-21 0.66677 NaN
60587 8.91 53.78 1.84e-21 0.61919 NaN
60617 26.00 55.00 1.85e-21 0.61947 NaN
60647 43.09 53.78 1.79e-21 0.71254 NaN
60677 58.40 50.33 1.80e-21 0.76145 NaN
62342 -15.44 58.88 1.79e-21 0.67334 NaN
62372 3.23 63.34 1.82e-21 0.69778 NaN
62402 26.00 65.00 1.83e-21 0.72366 NaN
62432 48.77 63.34 1.83e-21 0.78835 NaN
62462 67.44 58.88 1.73e-21 0.87028 NaN
64220 -31.03 65.94 1.62e-21 0.72079 NaN
64250 -8.83 72.30 1.73e-21 0.77453 NaN
64280 26.00 75.00 1.92e-21 0.74000 NaN
64310 60.83 72.30 1.78e-21 0.79404 NaN
64340 83.03 65.94 1.50e-21 0.83952 NaN
