65006 73.24 61.42 1.97e-19 1.40934
65000 64.69 66.09 2.39e-19 1.48122
65003 69.32 63.82 2.18e-19 1.44263
63197 -35.09 66.19 2.38e-19 1.48069
64142 -154.30 75.50 1.53e-19 1.35318
63191 -39.22 67.15 2.35e-19 1.47475
65213 -57.99 77.44 2.45e-19 1.49411
65210 -61.92 74.59 2.29e-19 1.46265
65294 86.94 86.84 2.56e-19 1.52135
65291 15.00 89.00 2.58e-19 1.52630
65288 -56.94 86.84 2.56e-19 1.52135
65075 -57.47 61.57 1.71e-19 1.37412
62987 15.00 -74.00 -2.71e-19 -0.27144
65072 81.77 60.39 1.75e-19 1.37890
65486 -149.69 78.56 1.75e-19 1.37881
65069 78.69 63.02 1.96e-19 1.40740
65420 135.13 79.58 2.04e-19 1.41975
62981 15.00 -90.00 -3.26e-19 -0.32575
65483 -136.50 77.35 1.71e-19 1.37427
65156 -25.98 80.83 2.84e-19 1.60070
65426 125.59 73.95 1.82e-19 1.38770
65480 -126.21 75.54 1.64e-19 1.36629
63281 -2.95 47.55 1.72e-19 1.37545
63287 -1.51 45.84 1.62e-19 1.36312
65150 -45.89 76.23 2.58e-19 1.52495
65390 -91.61 68.04 1.52e-19 1.35247
63227 -18.77 60.10 2.34e-19 1.47257
65393 -93.21 71.02 1.68e-19 1.37028
65396 -95.59 73.95 1.82e-19 1.38770
63221 -21.51 61.46 2.38e-19 1.47936
63443 45.48 49.24 1.69e-19 1.37227
64046 20.50 70.00 3.18e-19 1.75229
64082 20.50 48.00 1.82e-19 1.38881
64043 20.50 72.00 3.25e-19 1.80280
64040 20.50 74.00 3.29e-19 1.83472
64781 -30.59 55.29 1.84e-19 1.39125
64778 -34.18 53.14 1.64e-19 1.36648
64784 -26.57 57.31 2.04e-19 1.41971
64079 20.50 50.00 1.96e-19 1.40821
64787 -22.08 59.16 2.23e-19 1.45137
64919 -2.88 70.09 3.06e-19 1.69132
64925 15.00 71.00 3.23e-19 1.79001
64922 5.86 70.77 3.18e-19 1.75497
64439 54.68 50.43 1.63e-19 1.36533
64445 61.37 46.31 1.27e-19 1.32575
64442 58.18 48.44 1.45e-19 1.34492
63119 -95.35 67.98 1.47e-19 1.34679
63125 -90.61 68.69 1.57e-19 1.35845
63377 68.74 63.99 2.20e-19 1.44614
64544 53.49 54.84 1.94e-19 1.40443
64187 23.29 43.52 1.50e-19 1.35068
64325 -18.58 49.61 1.67e-19 1.37003
63776 -159.50 74.00 1.42e-19 1.34144
64181 15.00 44.00 1.55e-19 1.35597
64178 10.84 43.88 1.54e-19 1.35465
64184 19.16 43.88 1.54e-19 1.35465
64013 -159.50 88.00 2.39e-19 1.48145
64250 37.26 46.89 1.63e-19 1.36515
64253 41.20 45.58 1.50e-19 1.35029
64073 20.50 54.00 2.24e-19 1.45334
64070 20.50 56.00 2.38e-19 1.47952
65246 94.74 71.70 2.12e-19 1.43259
65492 179.69 78.56 1.75e-19 1.37881
65243 91.92 74.59 2.29e-19 1.46265
65495 166.50 77.35 1.71e-19 1.37427
64076 20.50 52.00 2.10e-19 1.42965
65240 87.99 77.44 2.45e-19 1.49411
64208 23.74 46.51 1.71e-19 1.37433
64457 -27.42 52.92 1.75e-19 1.37918
65177 81.53 73.61 2.41e-19 1.48692
64166 11.03 40.88 1.34e-19 1.33297
64163 15.00 38.00 1.16e-19 1.31455
65171 67.87 78.68 2.72e-19 1.56413
64094 20.50 40.00 1.28e-19 1.32680
65174 75.89 76.23 2.58e-19 1.52495
64160 15.00 35.00 9.74e-20 1.29597
65387 -90.51 65.03 1.36e-19 1.33523
63257 -9.72 54.13 2.10e-19 1.42847
65297 96.36 83.93 2.51e-19 1.50736
63251 -11.73 55.69 2.17e-19 1.44121
65381 113.36 62.69 1.33e-19 1.33226
65384 113.42 59.64 1.16e-19 1.31472
65357 139.00 86.38 2.37e-19 1.47765
65348 -94.24 83.64 2.32e-19 1.46718
65351 -109.00 86.38 2.37e-19 1.47765
64091 20.50 42.00 1.41e-19 1.34045
65354 -165.00 88.00 2.39e-19 1.48134
63179 -48.39 68.69 2.26e-19 1.45647
63185 -43.65 67.98 2.31e-19 1.46639
63323 105.02 69.92 1.87e-19 1.39496
65342 -86.22 77.76 2.12e-19 1.43243
65345 -88.82 80.73 2.23e-19 1.45159
65339 -84.82 74.77 1.99e-19 1.41168
65045 15.00 77.00 3.23e-19 1.79001
65042 1.88 76.67 3.18e-19 1.75491
65039 -10.07 75.72 3.06e-19 1.69139
63407 54.89 57.20 2.06e-19 1.42312
65423 129.24 76.82 1.94e-19 1.40458
64823 52.08 59.16 2.23e-19 1.45137
65489 -165.00 79.00 1.76e-19 1.38075
64820 47.07 60.82 2.41e-19 1.48672
64967 -29.19 68.20 2.58e-19 1.52621
64964 -34.69 66.09 2.39e-19 1.48122
63401 57.23 58.68 2.11e-19 1.43129
63095 40.40 47.00 1.61e-19 1.36216
64961 -39.32 63.82 2.18e-19 1.44263
64958 -43.24 61.42 1.97e-19 1.40934
64826 56.57 57.31 2.04e-19 1.41971
65063 70.62 68.01 2.37e-19 1.47763
65126 84.80 64.32 1.91e-19 1.40113
65060 65.21 70.32 2.56e-19 1.52142
65123 81.58 67.01 2.12e-19 1.43185
65066 75.03 65.56 2.17e-19 1.43977
65120 77.61 69.63 2.32e-19 1.46721
64592 57.42 52.92 1.75e-19 1.37918
64499 49.14 56.59 2.12e-19 1.43238
65519 -154.87 72.69 1.34e-19 1.33271
65522 -165.00 73.00 1.35e-19 1.33420
65525 -175.13 72.69 1.34e-19 1.33271
63293 -0.15 44.10 1.51e-19 1.35092
64055 20.50 64.00 2.88e-19 1.61407
64052 20.50 66.00 2.99e-19 1.65642
64466 -14.37 58.15 2.29e-19 1.46270
64049 20.50 68.00 3.09e-19 1.70261
64463 -19.14 56.59 2.12e-19 1.43238
64460 -23.49 54.84 1.94e-19 1.40443
64889 60.17 59.65 2.12e-19 1.43195
64895 67.82 55.26 1.71e-19 1.37396
64892 64.24 57.52 1.91e-19 1.40098
65225 -22.03 85.01 2.75e-19 1.57155
64376 58.87 43.83 1.16e-19 1.31474
64004 -159.50 82.00 1.97e-19 1.40964
64370 52.30 47.83 1.50e-19 1.35016
64007 -159.50 84.00 2.11e-19 1.43123
64373 55.72 45.90 1.33e-19 1.33198
64229 5.74 49.49 1.91e-19 1.40109
64235 15.00 50.00 1.97e-19 1.40939
64232 10.34 49.87 1.96e-19 1.40715
64109 -154.30 85.50 2.22e-19 1.44945
64115 -154.30 83.50 2.08e-19 1.42629
64112 -154.30 84.50 2.15e-19 1.43759
63809 -159.50 76.00 1.56e-19 1.35624
64283 15.00 53.00 2.18e-19 1.44265
64280 10.03 52.87 2.17e-19 1.44007
64286 19.97 52.87 2.17e-19 1.44007
65312 105.25 69.00 1.82e-19 1.38764
65315 106.03 66.00 1.63e-19 1.36546
65309 104.36 72.00 1.99e-19 1.41178
65306 103.29 74.99 2.15e-19 1.43701
65198 -70.10 62.89 1.56e-19 1.35610
65201 -68.64 65.84 1.75e-19 1.37907
65204 -66.90 68.78 1.94e-19 1.40461
65207 -64.74 71.70 2.12e-19 1.43259
65300 99.91 80.96 2.41e-19 1.48683
65303 101.91 77.98 2.29e-19 1.46266
65078 -54.80 64.32 1.91e-19 1.40113
65081 -51.58 67.01 2.12e-19 1.43185
65411 -165.00 85.00 2.18e-19 1.44265
65084 -47.61 69.63 2.32e-19 1.46721
65087 -42.61 72.15 2.51e-19 1.50734
64859 -7.85 66.25 2.84e-19 1.60086
64865 7.04 67.80 3.06e-19 1.69144
65417 145.34 82.12 2.12e-19 1.43201
63329 99.62 69.66 1.94e-19 1.40472
63335 94.39 69.25 2.01e-19 1.41432
63449 43.95 47.55 1.60e-19 1.36131
63455 42.51 45.84 1.51e-19 1.35084
64994 52.64 70.09 2.77e-19 1.57837
64988 35.87 72.94 3.10e-19 1.70899
64991 44.88 71.70 2.94e-19 1.63897
63215 -24.50 62.76 2.40e-19 1.48372
65153 -37.87 78.68 2.72e-19 1.56413
64997 59.19 68.20 2.58e-19 1.52621
63209 -27.74 63.99 2.41e-19 1.48556
64934 40.90 69.01 2.92e-19 1.62828
64016 14.04 90.00 2.52e-19 1.51056
64931 32.88 70.09 3.06e-19 1.69132
63431 48.85 52.53 1.86e-19 1.39398
64928 24.14 70.77 3.18e-19 1.75497
64010 -159.50 86.00 2.25e-19 1.45509
63473 -159.50 70.00 1.16e-19 1.31482
64937 48.05 67.59 2.75e-19 1.57143
63437 47.11 50.90 1.78e-19 1.38316
65132 -65.42 59.53 1.44e-19 1.34400
65135 -63.62 62.41 1.64e-19 1.36613
65129 87.47 61.57 1.71e-19 1.37412
64772 64.20 48.66 1.37e-19 1.33557
64775 -37.39 50.87 1.45e-19 1.34439
64415 15.00 59.00 2.58e-19 1.52630
64412 9.19 58.85 2.56e-19 1.52137
64409 3.49 58.40 2.51e-19 1.50742
63137 -80.38 69.66 1.77e-19 1.38207
63131 -85.61 69.25 1.67e-19 1.36997
64316 -22.30 47.83 1.50e-19 1.35016
64313 -25.72 45.90 1.33e-19 1.33198
64310 -28.87 43.83 1.16e-19 1.31474
63155 -64.02 69.92 2.05e-19 1.42060
63149 -69.50 70.00 1.96e-19 1.40764
64259 -20.22 45.15 1.36e-19 1.33526
64265 -12.75 48.42 1.67e-19 1.37000
64262 -16.62 46.88 1.52e-19 1.35269
65327 -83.36 62.69 1.33e-19 1.33226
57281 15.00 -74.00 -2.71e-19 -0.27144
64100 -154.30 88.50 2.42e-19 1.48871
64103 -154.30 87.50 2.36e-19 1.47499
65237 82.04 80.22 2.58e-19 1.52498
65234 71.87 82.83 2.68e-19 1.55219
64106 -154.30 86.50 2.29e-19 1.46191
65231 52.03 85.01 2.75e-19 1.57155
65228 15.00 86.00 2.77e-19 1.57848
65267 -76.03 66.00 1.63e-19 1.36546
64088 20.50 44.00 1.55e-19 1.35516
64193 2.01 45.89 1.64e-19 1.36609
64190 -2.11 45.05 1.56e-19 1.35640
64157 -154.30 77.50 1.67e-19 1.36896
64154 -154.30 71.50 1.26e-19 1.32518
64151 -154.30 72.50 1.33e-19 1.33182
64148 -154.30 73.50 1.39e-19 1.33867
64196 6.26 46.51 1.71e-19 1.37433
64982 15.00 74.00 3.35e-19 1.88386
64985 25.77 73.73 3.23e-19 1.78999
65369 114.82 74.77 1.99e-19 1.41168
64979 4.23 73.73 3.23e-19 1.78999
65375 113.60 68.75 1.68e-19 1.37014
65372 114.03 71.77 1.84e-19 1.39083
65366 116.22 77.76 2.12e-19 1.43243
65360 124.24 83.64 2.32e-19 1.46718
65363 118.82 80.73 2.23e-19 1.45159
65459 174.45 81.43 1.96e-19 1.40740
65462 158.42 79.90 1.91e-19 1.40104
65465 147.41 77.77 1.84e-19 1.39147
63173 -53.39 69.25 2.20e-19 1.44514
65036 -20.23 74.26 2.92e-19 1.62830
65270 -75.25 69.00 1.82e-19 1.38764
65273 -74.36 72.00 1.99e-19 1.41178
64952 71.94 57.20 1.75e-19 1.37898
65276 -73.29 74.99 2.15e-19 1.43701
65030 -35.21 70.32 2.56e-19 1.52142
65033 -28.52 72.43 2.75e-19 1.57150
64808 22.07 64.82 2.92e-19 1.62836
64811 28.94 64.29 2.84e-19 1.60084
65501 148.54 73.33 1.56e-19 1.35621
63353 80.22 67.15 2.15e-19 1.43733
64817 41.53 62.26 2.58e-19 1.52511
63389 62.51 61.46 2.18e-19 1.44227
63395 59.77 60.10 2.15e-19 1.43757
65507 -152.81 75.64 1.54e-19 1.35434
65054 50.23 74.26 2.92e-19 1.62830
65096 -16.27 78.38 2.97e-19 1.64991
65051 40.07 75.72 3.06e-19 1.69139
65048 28.12 76.67 3.18e-19 1.75491
65090 -36.13 74.51 2.68e-19 1.55215
65093 -27.58 76.63 2.84e-19 1.60073
65057 58.52 72.43 2.75e-19 1.57150
64496 44.37 58.15 2.29e-19 1.46270
64490 33.56 60.56 2.58e-19 1.52508
64493 39.17 59.48 2.45e-19 1.49408
63305 121.38 69.66 1.62e-19 1.36334
63299 126.61 69.25 1.53e-19 1.35320
64058 20.50 62.00 2.76e-19 1.57544
64061 20.50 60.00 2.64e-19 1.54032
64067 20.50 58.00 2.51e-19 1.50843
64802 7.93 64.82 2.92e-19 1.62836
64805 15.00 65.00 2.94e-19 1.63896
64799 1.06 64.29 2.84e-19 1.60084
64907 -29.72 63.95 2.37e-19 1.47770
64904 -34.39 61.83 2.17e-19 1.43979
64898 -41.94 57.20 1.75e-19 1.37898
64901 -38.43 59.57 1.96e-19 1.40709
64829 60.59 55.29 1.84e-19 1.39125
64379 -31.37 46.31 1.27e-19 1.32575
64367 48.58 49.61 1.67e-19 1.37003
64364 44.55 51.21 1.84e-19 1.39075
64361 40.23 52.61 1.99e-19 1.41168
64358 35.61 53.80 2.12e-19 1.43267
63371 72.27 65.14 2.20e-19 1.44509
63101 -146.50 74.10 1.45e-19 1.34494
63107 41.70 76.00 3.04e-19 1.68154
63968 -159.50 80.00 1.83e-19 1.39010
64343 9.65 55.86 2.37e-19 1.47775
63365 76.09 66.19 2.18e-19 1.44189
64247 33.10 47.99 1.75e-19 1.37928
64340 4.38 55.44 2.32e-19 1.46740
64244 28.75 48.86 1.84e-19 1.39154
64238 19.66 49.87 1.96e-19 1.40715
64346 15.00 56.00 2.39e-19 1.48134
64241 24.26 49.49 1.91e-19 1.40109
64268 -8.62 49.77 1.82e-19 1.38769
64271 -4.25 50.90 1.94e-19 1.40432
64274 0.34 51.81 2.04e-19 1.41978
64277 5.12 52.47 2.12e-19 1.43210
65264 -76.74 62.99 1.45e-19 1.34489
65261 -77.40 59.97 1.27e-19 1.32574
65258 101.35 59.93 1.37e-19 1.33556
65324 -83.42 59.64 1.16e-19 1.31472
65321 107.40 59.97 1.27e-19 1.32574
65318 106.74 62.99 1.45e-19 1.34489
64145 -154.30 74.50 1.46e-19 1.34578
65189 93.62 62.41 1.64e-19 1.36613
65195 -71.35 59.93 1.37e-19 1.33556
64139 -154.30 76.50 1.60e-19 1.36090
65441 -105.01 72.61 1.63e-19 1.36533
65438 -101.49 69.80 1.50e-19 1.35045
65444 -110.04 75.29 1.75e-19 1.37914
65447 -117.41 77.77 1.84e-19 1.39147
63341 89.39 68.69 2.06e-19 1.42319
63347 84.65 67.98 2.11e-19 1.43083
65018 -45.03 65.56 2.17e-19 1.43977
65027 -40.62 68.01 2.37e-19 1.47763
65159 -8.31 82.40 2.92e-19 1.62832
63239 -16.23 58.68 2.30e-19 1.46374
63245 -13.89 57.20 2.24e-19 1.45280
65165 38.31 82.40 2.92e-19 1.62832
63419 50.72 54.13 1.94e-19 1.40457
64943 59.72 63.95 2.37e-19 1.47770
64946 64.39 61.83 2.17e-19 1.43979
64847 -30.17 59.65 2.12e-19 1.43195
65141 -58.92 68.10 2.04e-19 1.41964
65138 -61.49 65.27 1.84e-19 1.39130
64838 67.39 50.87 1.45e-19 1.34439
64841 -37.82 55.26 1.71e-19 1.37396
64844 -34.24 57.52 1.91e-19 1.40098
64478 8.63 61.84 2.75e-19 1.57156
64481 15.00 62.00 2.77e-19 1.57848
64484 21.37 61.84 2.75e-19 1.57156
64487 27.59 61.35 2.68e-19 1.55220
64421 26.51 58.40 2.51e-19 1.50742
64424 32.00 57.66 2.41e-19 1.48684
64853 -20.33 63.41 2.51e-19 1.50732
64850 -25.56 61.63 2.32e-19 1.46742
64856 -14.43 64.97 2.68e-19 1.55228
63143 -74.98 69.92 1.87e-19 1.39505
64307 50.22 45.15 1.36e-19 1.33526
64298 38.62 49.77 1.82e-19 1.38769
64301 42.75 48.42 1.67e-19 1.37000
64304 46.62 46.88 1.52e-19 1.35269
64874 30.65 67.20 2.97e-19 1.64981
64868 15.00 68.00 3.10e-19 1.70897
64871 22.96 67.80 3.06e-19 1.69144
64877 37.85 66.25 2.84e-19 1.60086
64022 20.50 86.00 2.77e-19 1.57803
64025 20.50 84.00 2.89e-19 1.61690
64397 -16.66 53.94 1.99e-19 1.41193
64019 20.50 88.00 2.65e-19 1.54267
64394 -20.85 52.27 1.82e-19 1.38764
64388 -28.18 48.44 1.45e-19 1.34492
64391 -24.68 50.43 1.63e-19 1.36533
64214 32.11 45.05 1.56e-19 1.35640
64097 -154.30 89.50 2.49e-19 1.50310
64211 27.99 45.89 1.64e-19 1.36609
65219 -52.04 80.22 2.58e-19 1.52498
64217 -11.20 45.58 1.50e-19 1.35029
65222 -41.87 82.83 2.68e-19 1.55219
64427 37.23 56.66 2.29e-19 1.46276
64199 10.61 46.88 1.75e-19 1.37928
64202 15.00 47.00 1.76e-19 1.38075
64205 19.39 46.88 1.75e-19 1.37928
64976 -5.87 72.94 3.10e-19 1.70899
64973 -14.88 71.70 2.94e-19 1.63897
64970 -22.64 70.09 2.77e-19 1.57837
65450 -128.42 79.90 1.91e-19 1.40104
65453 -144.45 81.43 1.96e-19 1.40740
65162 15.00 83.00 2.94e-19 1.63896
63203 -31.27 65.14 2.40e-19 1.48456
65279 -71.91 77.98 2.29e-19 1.46266
65285 -66.36 83.93 2.51e-19 1.50736
65282 -69.91 80.96 2.41e-19 1.48683
65471 135.01 72.61 1.63e-19 1.36533
65468 140.04 75.29 1.75e-19 1.37914
65474 131.49 69.80 1.50e-19 1.35045
65477 -118.54 73.33 1.56e-19 1.35621
62993 15.00 -90.00 -3.26e-19 -0.32575
64940 54.30 65.88 2.56e-19 1.52126
65099 -1.81 79.57 3.06e-19 1.69142
65105 31.81 79.57 3.06e-19 1.69142
65102 15.00 80.00 3.10e-19 1.70897
64688 60.98 50.85 1.56e-19 1.35614
65405 -115.34 82.12 2.12e-19 1.43201
65402 -105.13 79.58 2.04e-19 1.41975
65399 -99.24 76.82 1.94e-19 1.40458
63269 -6.11 50.90 1.92e-19 1.40175
63275 -4.48 49.24 1.82e-19 1.38851
64037 20.50 76.00 3.26e-19 1.80611
64034 20.50 78.00 3.18e-19 1.75586
64028 20.50 82.00 2.99e-19 1.65952
64031 20.50 80.00 3.09e-19 1.70598
64916 -10.90 69.01 2.92e-19 1.62828
64793 -11.53 62.26 2.58e-19 1.52511
64790 -17.07 60.82 2.41e-19 1.48672
64910 -24.30 65.88 2.56e-19 1.52126
64913 -18.05 67.59 2.75e-19 1.57143
64796 -5.47 63.42 2.72e-19 1.56405
65144 -55.70 70.89 2.23e-19 1.45168
64430 42.12 55.41 2.15e-19 1.43720
64433 46.66 53.94 1.99e-19 1.41193
64349 20.35 55.86 2.37e-19 1.47775
64352 25.62 55.44 2.32e-19 1.46740
64355 30.72 54.74 2.23e-19 1.45143
63383 65.50 62.76 2.20e-19 1.44511
63113 -138.30 76.00 1.61e-19 1.36245
64436 50.85 52.27 1.82e-19 1.38764
64334 -5.61 53.80 2.12e-19 1.43267
65504 -141.78 74.62 1.50e-19 1.35024
64331 -10.23 52.61 1.99e-19 1.41168
64328 -14.55 51.21 1.84e-19 1.39075
64169 15.00 41.00 1.35e-19 1.33420
64172 18.97 40.88 1.34e-19 1.33297
64175 6.71 43.52 1.50e-19 1.35068
64337 -0.72 54.74 2.23e-19 1.45143
64814 35.47 63.42 2.72e-19 1.56405
65147 -51.53 73.61 2.41e-19 1.48692
65249 96.90 68.78 1.94e-19 1.40461
64085 20.50 46.00 1.68e-19 1.37120
65336 -84.03 71.77 1.84e-19 1.39083
65252 98.64 65.84 1.75e-19 1.37907
65255 100.10 62.89 1.56e-19 1.35610
65330 -83.40 65.72 1.50e-19 1.35040
65333 -83.60 68.75 1.68e-19 1.37014
64418 20.81 58.85 2.56e-19 1.52137
64133 -154.30 79.50 1.80e-19 1.38626
65186 91.49 65.27 1.84e-19 1.39130
64136 -154.30 78.50 1.73e-19 1.37741
65183 88.92 68.10 2.04e-19 1.41964
65180 85.70 70.89 2.23e-19 1.45168
65192 95.42 59.53 1.44e-19 1.34400
65414 164.13 84.15 2.17e-19 1.44009
65432 121.61 68.04 1.52e-19 1.35247
65435 120.51 65.03 1.36e-19 1.33523
63263 -7.85 52.53 2.01e-19 1.41512
65429 123.21 71.02 1.68e-19 1.37028
65408 -134.13 84.15 2.17e-19 1.44009
63317 110.50 70.00 1.79e-19 1.38445
63311 115.98 69.92 1.71e-19 1.37422
65009 76.59 58.92 1.76e-19 1.38050
65015 -48.69 63.02 1.96e-19 1.40740
65012 -51.77 60.39 1.75e-19 1.37890
65528 -165.00 70.00 1.16e-19 1.31455
65531 -165.00 67.00 9.74e-20 1.29597
63413 52.73 55.69 2.01e-19 1.41443
64955 -46.59 58.92 1.76e-19 1.38050
64949 68.43 59.57 1.96e-19 1.40709
65111 57.58 76.63 2.84e-19 1.60073
65168 55.98 80.83 2.84e-19 1.60070
65108 46.27 78.38 2.97e-19 1.64991
65114 66.13 74.51 2.68e-19 1.55215
65117 72.61 72.15 2.51e-19 1.50734
64862 -0.65 67.20 2.97e-19 1.64981
64835 64.18 53.14 1.64e-19 1.36648
65456 -165.00 82.00 1.97e-19 1.40939
64469 -9.17 59.48 2.45e-19 1.49408
64475 2.41 61.35 2.68e-19 1.55220
64472 -3.56 60.56 2.58e-19 1.52508
65513 -177.19 75.64 1.54e-19 1.35434
65510 -165.00 76.00 1.55e-19 1.35597
65516 171.78 74.62 1.50e-19 1.35024
64451 -34.20 48.66 1.37e-19 1.33557
64454 -30.98 50.85 1.56e-19 1.35614
63905 -159.50 78.00 1.69e-19 1.37238
64289 24.88 52.47 2.12e-19 1.43210
64295 34.25 50.90 1.94e-19 1.40432
64292 29.66 51.81 2.04e-19 1.41978
64883 50.33 63.41 2.51e-19 1.50732
64880 44.43 64.97 2.68e-19 1.55228
65498 156.21 75.54 1.64e-19 1.36629
63584 -159.50 72.00 1.29e-19 1.32773
64886 55.56 61.63 2.32e-19 1.46742
64406 -2.00 57.66 2.41e-19 1.48684
65378 113.40 65.72 1.50e-19 1.35040
64403 -7.23 56.66 2.29e-19 1.46276
64400 -12.12 55.41 2.15e-19 1.43720
64223 -3.10 47.99 1.75e-19 1.37928
64220 -7.26 46.89 1.63e-19 1.36515
64118 -154.30 82.50 2.01e-19 1.41554
64121 -154.30 81.50 1.94e-19 1.40530
64226 1.25 48.86 1.84e-19 1.39154
64124 -154.30 80.50 1.87e-19 1.39555
63161 -58.62 69.66 2.12e-19 1.43297
