65006 73.24 61.42 1.25e-19 0.89418
65000 64.69 66.09 1.43e-19 0.88533
65003 69.32 63.82 1.35e-19 0.89146
63197 -35.09 66.19 1.43e-19 0.88542
64142 -154.30 75.50 1.00e-19 0.88891
63191 -39.22 67.15 1.42e-19 0.88663
65213 -57.99 77.44 1.45e-19 0.88288
65210 -61.92 74.59 1.39e-19 0.88860
65294 86.94 86.84 1.48e-19 0.87708
65291 15.00 89.00 1.48e-19 0.87594
65288 -56.94 86.84 1.48e-19 0.87708
65075 -57.47 61.57 1.11e-19 0.89290
62987 15.00 -74.00 1.31e-20 0.01314
65072 81.77 60.39 1.13e-19 0.89334
65486 -149.69 78.56 1.13e-19 0.89329
65069 78.69 63.02 1.24e-19 0.89435
65420 135.13 79.58 1.28e-19 0.89369
62981 15.00 -90.00 4.33e-20 0.04325
65483 -136.50 77.35 1.11e-19 0.89298
65156 -25.98 80.83 1.52e-19 0.85745
65426 125.59 73.95 1.17e-19 0.89408
65480 -126.21 75.54 1.07e-19 0.89173
63281 -2.95 47.55 1.12e-19 0.89297
63287 -1.51 45.84 1.06e-19 0.89122
65150 -45.89 76.23 1.48e-19 0.87623
65390 -91.61 68.04 1.00e-19 0.88871
63227 -18.77 60.10 1.41e-19 0.88697
65393 -93.21 71.02 1.09e-19 0.89246
65396 -95.59 73.95 1.17e-19 0.89408
63221 -21.51 61.46 1.42e-19 0.88571
63443 45.48 49.24 1.10e-19 0.89260
64046 20.50 70.00 1.48e-19 0.81641
64082 20.50 48.00 1.17e-19 0.89411
64043 20.50 72.00 1.45e-19 0.80275
64040 20.50 74.00 1.43e-19 0.79423
64781 -30.59 55.29 1.18e-19 0.89415
64778 -34.18 53.14 1.07e-19 0.89185
64784 -26.57 57.31 1.28e-19 0.89368
64079 20.50 50.00 1.25e-19 0.89424
64787 -22.08 59.16 1.37e-19 0.89020
64919 -2.88 70.09 1.51e-19 0.83305
64925 15.00 71.00 1.46e-19 0.80620
64922 5.86 70.77 1.48e-19 0.81568
64439 54.68 50.43 1.07e-19 0.89159
64445 61.37 46.31 8.40e-20 0.87839
64442 58.18 48.44 9.57e-20 0.88652
63119 -95.35 67.98 9.69e-20 0.88706
63125 -90.61 68.69 1.03e-19 0.89028
63377 68.74 63.99 1.36e-19 0.89102
64544 53.49 54.84 1.23e-19 0.89426
64187 23.29 43.52 9.90e-20 0.88828
64325 -18.58 49.61 1.09e-19 0.89231
63776 -159.50 74.00 9.37e-20 0.88525
64181 15.00 44.00 1.02e-19 0.88962
64178 10.84 43.88 1.01e-19 0.88932
64184 19.16 43.88 1.01e-19 0.88932
64013 -159.50 88.00 1.43e-19 0.88535
64250 37.26 46.89 1.07e-19 0.89148
64253 41.20 45.58 9.89e-20 0.88804
64073 20.50 54.00 1.37e-19 0.89004
64070 20.50 56.00 1.42e-19 0.88571
65246 94.74 71.70 1.32e-19 0.89264
65492 179.69 78.56 1.13e-19 0.89329
65243 91.92 74.59 1.39e-19 0.88860
65495 166.50 77.35 1.11e-19 0.89298
64076 20.50 52.00 1.31e-19 0.89288
65240 87.99 77.44 1.45e-19 0.88288
64208 23.74 46.51 1.11e-19 0.89302
64457 -27.42 52.92 1.13e-19 0.89344
65177 81.53 73.61 1.44e-19 0.88432
64166 11.03 40.88 8.86e-20 0.88183
64163 15.00 38.00 7.67e-20 0.87195
65171 67.87 78.68 1.51e-19 0.86684
64094 20.50 40.00 8.47e-20 0.87892
65174 75.89 76.23 1.48e-19 0.87623
64160 15.00 35.00 6.45e-20 0.85845
65387 -90.51 65.03 9.01e-20 0.88279
63257 -9.72 54.13 1.31e-19 0.89305
65297 96.36 83.93 1.46e-19 0.88013
63251 -11.73 55.69 1.34e-19 0.89172
65381 113.36 62.69 8.81e-20 0.88156
65384 113.42 59.64 7.67e-20 0.87206
65357 139.00 86.38 1.42e-19 0.88604
65348 -94.24 83.64 1.40e-19 0.88784
65351 -109.00 86.38 1.42e-19 0.88604
64091 20.50 42.00 9.31e-20 0.88489
65354 -165.00 88.00 1.43e-19 0.88537
63179 -48.39 68.69 1.38e-19 0.88962
63185 -43.65 67.98 1.40e-19 0.88803
63323 105.02 69.92 1.20e-19 0.89441
65342 -86.22 77.76 1.32e-19 0.89257
65345 -88.82 80.73 1.37e-19 0.89028
65339 -84.82 74.77 1.26e-19 0.89408
65045 15.00 77.00 1.46e-19 0.80620
65042 1.88 76.67 1.48e-19 0.81570
65039 -10.07 75.72 1.51e-19 0.83304
63407 54.89 57.20 1.30e-19 0.89336
65423 129.24 76.82 1.23e-19 0.89434
64823 52.08 59.16 1.37e-19 0.89020
65489 -165.00 79.00 1.14e-19 0.89358
64820 47.07 60.82 1.44e-19 0.88426
64967 -29.19 68.20 1.48e-19 0.87592
64964 -34.69 66.09 1.43e-19 0.88533
63401 57.23 58.68 1.32e-19 0.89282
63095 40.40 47.00 1.05e-19 0.89098
64961 -39.32 63.82 1.35e-19 0.89146
64958 -43.24 61.42 1.25e-19 0.89418
64826 56.57 57.31 1.28e-19 0.89368
65063 70.62 68.01 1.42e-19 0.88604
65126 84.80 64.32 1.22e-19 0.89442
65060 65.21 70.32 1.48e-19 0.87710
65123 81.58 67.01 1.32e-19 0.89264
65066 75.03 65.56 1.34e-19 0.89176
65120 77.61 69.63 1.40e-19 0.88785
64592 57.42 52.92 1.13e-19 0.89344
64499 49.14 56.59 1.32e-19 0.89254
65519 -154.87 72.69 8.86e-20 0.88167
65522 -165.00 73.00 8.94e-20 0.88238
65525 -175.13 72.69 8.86e-20 0.88167
63293 -0.15 44.10 9.91e-20 0.88834
64055 20.50 64.00 1.52e-19 0.85394
64052 20.50 66.00 1.52e-19 0.84256
64466 -14.37 58.15 1.39e-19 0.88862
64049 20.50 68.00 1.50e-19 0.82997
64463 -19.14 56.59 1.32e-19 0.89254
64460 -23.49 54.84 1.23e-19 0.89426
64889 60.17 59.65 1.32e-19 0.89268
64895 67.82 55.26 1.11e-19 0.89281
64892 64.24 57.52 1.22e-19 0.89435
65225 -22.03 85.01 1.51e-19 0.86502
64376 58.87 43.83 7.67e-20 0.87207
64004 -159.50 82.00 1.25e-19 0.89420
64370 52.30 47.83 9.89e-20 0.88797
64007 -159.50 84.00 1.32e-19 0.89273
64373 55.72 45.90 8.80e-20 0.88138
64229 5.74 49.49 1.22e-19 0.89440
64235 15.00 50.00 1.25e-19 0.89420
64232 10.34 49.87 1.24e-19 0.89423
64109 -154.30 85.50 1.36e-19 0.89059
64115 -154.30 83.50 1.30e-19 0.89318
64112 -154.30 84.50 1.34e-19 0.89207
63809 -159.50 76.00 1.02e-19 0.88968
64283 15.00 53.00 1.35e-19 0.89147
64280 10.03 52.87 1.34e-19 0.89189
64286 19.97 52.87 1.34e-19 0.89189
65312 105.25 69.00 1.17e-19 0.89405
65315 106.03 66.00 1.07e-19 0.89167
65309 104.36 72.00 1.26e-19 0.89413
65306 103.29 74.99 1.33e-19 0.89209
65198 -70.10 62.89 1.02e-19 0.88958
65201 -68.64 65.84 1.13e-19 0.89338
65204 -66.90 68.78 1.23e-19 0.89436
65207 -64.74 71.70 1.32e-19 0.89264
65300 99.91 80.96 1.44e-19 0.88429
65303 101.91 77.98 1.39e-19 0.88860
65078 -54.80 64.32 1.22e-19 0.89442
65081 -51.58 67.01 1.32e-19 0.89264
65411 -165.00 85.00 1.35e-19 0.89147
65084 -47.61 69.63 1.40e-19 0.88785
65087 -42.61 72.15 1.46e-19 0.88013
64859 -7.85 66.25 1.52e-19 0.85746
64865 7.04 67.80 1.51e-19 0.83303
65417 145.34 82.12 1.32e-19 0.89271
63329 99.62 69.66 1.24e-19 0.89428
63335 94.39 69.25 1.27e-19 0.89399
63449 43.95 47.55 1.05e-19 0.89075
63455 42.51 45.84 9.91e-20 0.88832
64994 52.64 70.09 1.52e-19 0.86321
64988 35.87 72.94 1.50e-19 0.82823
64991 44.88 71.70 1.52e-19 0.84728
63215 -24.50 62.76 1.43e-19 0.88486
65153 -37.87 78.68 1.51e-19 0.86684
64997 59.19 68.20 1.48e-19 0.87592
63209 -27.74 63.99 1.43e-19 0.88456
64934 40.90 69.01 1.52e-19 0.85013
64016 14.04 90.00 1.47e-19 0.87945
64931 32.88 70.09 1.51e-19 0.83305
63431 48.85 52.53 1.20e-19 0.89426
64928 24.14 70.77 1.48e-19 0.81568
64010 -159.50 86.00 1.38e-19 0.88978
63473 -159.50 70.00 7.69e-20 0.87212
64937 48.05 67.59 1.51e-19 0.86501
63437 47.11 50.90 1.15e-19 0.89371
65132 -65.42 59.53 9.53e-20 0.88613
65135 -63.62 62.41 1.07e-19 0.89164
65129 87.47 61.57 1.11e-19 0.89290
64772 64.20 48.66 9.02e-20 0.88294
64775 -37.39 50.87 9.53e-20 0.88637
64415 15.00 59.00 1.48e-19 0.87594
64412 9.19 58.85 1.48e-19 0.87708
64409 3.49 58.40 1.46e-19 0.88015
63137 -80.38 69.66 1.15e-19 0.89358
63131 -85.61 69.25 1.09e-19 0.89229
64316 -22.30 47.83 9.89e-20 0.88797
64313 -25.72 45.90 8.80e-20 0.88138
64310 -28.87 43.83 7.67e-20 0.87207
63155 -64.02 69.92 1.29e-19 0.89371
63149 -69.50 70.00 1.25e-19 0.89426
64259 -20.22 45.15 9.01e-20 0.88280
64265 -12.75 48.42 1.09e-19 0.89230
64262 -16.62 46.88 1.00e-19 0.88884
65327 -83.36 62.69 8.81e-20 0.88156
57281 15.00 -74.00 1.31e-20 0.01314
64100 -154.30 88.50 1.44e-19 0.88397
64103 -154.30 87.50 1.42e-19 0.88653
65237 82.04 80.22 1.48e-19 0.87624
65234 71.87 82.83 1.50e-19 0.86980
64106 -154.30 86.50 1.39e-19 0.88874
65231 52.03 85.01 1.51e-19 0.86502
65228 15.00 86.00 1.52e-19 0.86322
65267 -76.03 66.00 1.07e-19 0.89167
64088 20.50 44.00 1.01e-19 0.88942
64193 2.01 45.89 1.07e-19 0.89162
64190 -2.11 45.05 1.02e-19 0.88976
64157 -154.30 77.50 1.09e-19 0.89217
64154 -154.30 71.50 8.37e-20 0.87809
64151 -154.30 72.50 8.79e-20 0.88133
64148 -154.30 73.50 9.21e-20 0.88421
64196 6.26 46.51 1.11e-19 0.89302
64982 15.00 74.00 1.39e-19 0.78131
64985 25.77 73.73 1.46e-19 0.80621
65369 114.82 74.77 1.26e-19 0.89408
64979 4.23 73.73 1.46e-19 0.80621
65375 113.60 68.75 1.09e-19 0.89238
65372 114.03 71.77 1.18e-19 0.89429
65366 116.22 77.76 1.32e-19 0.89257
65360 124.24 83.64 1.40e-19 0.88784
65363 118.82 80.73 1.37e-19 0.89028
65459 174.45 81.43 1.24e-19 0.89435
65462 158.42 79.90 1.22e-19 0.89438
65465 147.41 77.77 1.18e-19 0.89427
63173 -53.39 69.25 1.35e-19 0.89115
65036 -20.23 74.26 1.52e-19 0.85013
65270 -75.25 69.00 1.17e-19 0.89405
65273 -74.36 72.00 1.26e-19 0.89413
64952 71.94 57.20 1.13e-19 0.89338
65276 -73.29 74.99 1.33e-19 0.89209
65030 -35.21 70.32 1.48e-19 0.87710
65033 -28.52 72.43 1.51e-19 0.86502
64808 22.07 64.82 1.52e-19 0.85013
64811 28.94 64.29 1.52e-19 0.85746
65501 148.54 73.33 1.02e-19 0.88964
63353 80.22 67.15 1.33e-19 0.89216
64817 41.53 62.26 1.48e-19 0.87627
63005 15.00 -90.00 4.33e-20 0.04325
63389 62.51 61.46 1.35e-19 0.89149
62999 15.00 -74.00 1.31e-20 0.01314
63395 59.77 60.10 1.34e-19 0.89208
65507 -152.81 75.64 1.01e-19 0.88913
65054 50.23 74.26 1.52e-19 0.85013
65096 -16.27 78.38 1.52e-19 0.84433
65051 40.07 75.72 1.51e-19 0.83304
65048 28.12 76.67 1.48e-19 0.81570
65090 -36.13 74.51 1.50e-19 0.86980
65093 -27.58 76.63 1.52e-19 0.85746
65057 58.52 72.43 1.51e-19 0.86502
64496 44.37 58.15 1.39e-19 0.88862
64490 33.56 60.56 1.48e-19 0.87626
64493 39.17 59.48 1.45e-19 0.88288
63017 15.00 -90.00 4.33e-20 0.04325
63305 121.38 69.66 1.06e-19 0.89111
63011 15.00 -74.00 1.31e-20 0.01314
63299 126.61 69.25 1.00e-19 0.88888
64058 20.50 62.00 1.51e-19 0.86399
64061 20.50 60.00 1.49e-19 0.87266
64067 20.50 58.00 1.46e-19 0.87991
64802 7.93 64.82 1.52e-19 0.85013
64805 15.00 65.00 1.52e-19 0.84728
64799 1.06 64.29 1.52e-19 0.85746
64907 -29.72 63.95 1.42e-19 0.88606
64904 -34.39 61.83 1.34e-19 0.89177
64898 -41.94 57.20 1.13e-19 0.89338
64901 -38.43 59.57 1.24e-19 0.89420
64829 60.59 55.29 1.18e-19 0.89415
64379 -31.37 46.31 8.40e-20 0.87839
64367 48.58 49.61 1.09e-19 0.89231
64364 44.55 51.21 1.18e-19 0.89425
64361 40.23 52.61 1.26e-19 0.89408
64358 35.61 53.80 1.32e-19 0.89268
63371 72.27 65.14 1.35e-19 0.89117
63101 -146.50 74.10 9.58e-20 0.88647
63107 41.70 76.00 1.51e-19 0.83573
63968 -159.50 80.00 1.18e-19 0.89417
64343 9.65 55.86 1.42e-19 0.88607
63365 76.09 66.19 1.35e-19 0.89148
64247 33.10 47.99 1.13e-19 0.89350
64340 4.38 55.44 1.40e-19 0.88792
64244 28.75 48.86 1.18e-19 0.89431
64238 19.66 49.87 1.24e-19 0.89423
64346 15.00 56.00 1.43e-19 0.88537
64241 24.26 49.49 1.22e-19 0.89440
64268 -8.62 49.77 1.17e-19 0.89407
64271 -4.25 50.90 1.23e-19 0.89421
64274 0.34 51.81 1.28e-19 0.89371
64277 5.12 52.47 1.32e-19 0.89275
65264 -76.74 62.99 9.57e-20 0.88650
65261 -77.40 59.97 8.40e-20 0.87838
65258 101.35 59.93 9.02e-20 0.88293
65324 -83.42 59.64 7.67e-20 0.87206
65321 107.40 59.97 8.40e-20 0.87838
65318 106.74 62.99 9.57e-20 0.88650
64145 -154.30 74.50 9.63e-20 0.88674
65189 93.62 62.41 1.07e-19 0.89164
65195 -71.35 59.93 9.02e-20 0.88293
64139 -154.30 76.50 1.05e-19 0.89072
65441 -105.01 72.61 1.07e-19 0.89159
65438 -101.49 69.80 9.89e-20 0.88814
65444 -110.04 75.29 1.13e-19 0.89342
65447 -117.41 77.77 1.18e-19 0.89427
63341 89.39 68.69 1.29e-19 0.89349
63347 84.65 67.98 1.32e-19 0.89279
65018 -45.03 65.56 1.34e-19 0.89176
65027 -40.62 68.01 1.42e-19 0.88604
65159 -8.31 82.40 1.52e-19 0.85013
63239 -16.23 58.68 1.39e-19 0.88853
63245 -13.89 57.20 1.37e-19 0.89004
65165 38.31 82.40 1.52e-19 0.85013
63419 50.72 54.13 1.23e-19 0.89438
64943 59.72 63.95 1.42e-19 0.88606
64946 64.39 61.83 1.34e-19 0.89177
64847 -30.17 59.65 1.32e-19 0.89268
65141 -58.92 68.10 1.28e-19 0.89364
65138 -61.49 65.27 1.18e-19 0.89418
64838 67.39 50.87 9.53e-20 0.88637
64841 -37.82 55.26 1.11e-19 0.89281
64844 -34.24 57.52 1.22e-19 0.89435
64478 8.63 61.84 1.51e-19 0.86503
64481 15.00 62.00 1.52e-19 0.86322
64484 21.37 61.84 1.51e-19 0.86503
64487 27.59 61.35 1.50e-19 0.86980
64421 26.51 58.40 1.46e-19 0.88015
64424 32.00 57.66 1.44e-19 0.88430
64853 -20.33 63.41 1.46e-19 0.88012
64850 -25.56 61.63 1.40e-19 0.88792
64856 -14.43 64.97 1.50e-19 0.86982
63143 -74.98 69.92 1.20e-19 0.89442
64307 50.22 45.15 9.01e-20 0.88280
64298 38.62 49.77 1.17e-19 0.89407
64301 42.75 48.42 1.09e-19 0.89230
64304 46.62 46.88 1.00e-19 0.88884
64874 30.65 67.20 1.52e-19 0.84433
64868 15.00 68.00 1.50e-19 0.82823
64871 22.96 67.80 1.51e-19 0.83303
64877 37.85 66.25 1.52e-19 0.85746
64022 20.50 86.00 1.52e-19 0.86333
64025 20.50 84.00 1.52e-19 0.85318
64397 -16.66 53.94 1.26e-19 0.89421
64019 20.50 88.00 1.50e-19 0.87210
64394 -20.85 52.27 1.17e-19 0.89405
64388 -28.18 48.44 9.57e-20 0.88652
64391 -24.68 50.43 1.07e-19 0.89159
64214 32.11 45.05 1.02e-19 0.88976
64097 -154.30 89.50 1.46e-19 0.88105
64211 27.99 45.89 1.07e-19 0.89162
65219 -52.04 80.22 1.48e-19 0.87624
64217 -11.20 45.58 9.89e-20 0.88804
65222 -41.87 82.83 1.50e-19 0.86980
64427 37.23 56.66 1.39e-19 0.88864
64199 10.61 46.88 1.13e-19 0.89355
64202 15.00 47.00 1.14e-19 0.89358
64205 19.39 46.88 1.13e-19 0.89355
64976 -5.87 72.94 1.50e-19 0.82823
64973 -14.88 71.70 1.52e-19 0.84728
64970 -22.64 70.09 1.52e-19 0.86321
65450 -128.42 79.90 1.22e-19 0.89438
65453 -144.45 81.43 1.24e-19 0.89435
65162 15.00 83.00 1.52e-19 0.84728
63203 -31.27 65.14 1.43e-19 0.88477
65279 -71.91 77.98 1.39e-19 0.88860
65285 -66.36 83.93 1.46e-19 0.88013
65282 -69.91 80.96 1.44e-19 0.88429
65471 135.01 72.61 1.07e-19 0.89159
65468 140.04 75.29 1.13e-19 0.89342
65474 131.49 69.80 9.89e-20 0.88814
65477 -118.54 73.33 1.02e-19 0.88964
62993 15.00 -90.00 4.33e-20 0.04325
64940 54.30 65.88 1.48e-19 0.87706
65099 -1.81 79.57 1.51e-19 0.83303
65105 31.81 79.57 1.51e-19 0.83303
65102 15.00 80.00 1.50e-19 0.82823
64688 60.98 50.85 1.02e-19 0.88960
65405 -115.34 82.12 1.32e-19 0.89271
65402 -105.13 79.58 1.28e-19 0.89369
65399 -99.24 76.82 1.23e-19 0.89434
63269 -6.11 50.90 1.22e-19 0.89430
63275 -4.48 49.24 1.17e-19 0.89405
64037 20.50 76.00 1.45e-19 0.80186
64034 20.50 78.00 1.48e-19 0.81544
64028 20.50 82.00 1.52e-19 0.84172
64031 20.50 80.00 1.50e-19 0.82905
64916 -10.90 69.01 1.52e-19 0.85013
64793 -11.53 62.26 1.48e-19 0.87627
64790 -17.07 60.82 1.44e-19 0.88426
64910 -24.30 65.88 1.48e-19 0.87706
64913 -18.05 67.59 1.51e-19 0.86501
64796 -5.47 63.42 1.51e-19 0.86683
65144 -55.70 70.89 1.37e-19 0.89032
64430 42.12 55.41 1.33e-19 0.89217
64433 46.66 53.94 1.26e-19 0.89421
64349 20.35 55.86 1.42e-19 0.88607
64352 25.62 55.44 1.40e-19 0.88792
64355 30.72 54.74 1.37e-19 0.89022
63383 65.50 62.76 1.35e-19 0.89109
63113 -138.30 76.00 1.05e-19 0.89104
64436 50.85 52.27 1.17e-19 0.89405
64334 -5.61 53.80 1.32e-19 0.89268
65504 -141.78 74.62 9.89e-20 0.88801
64331 -10.23 52.61 1.26e-19 0.89408
64328 -14.55 51.21 1.18e-19 0.89425
64169 15.00 41.00 8.94e-20 0.88238
64172 18.97 40.88 8.86e-20 0.88183
64175 6.71 43.52 9.90e-20 0.88828
64337 -0.72 54.74 1.37e-19 0.89022
64814 35.47 63.42 1.51e-19 0.86683
65147 -51.53 73.61 1.44e-19 0.88432
65249 96.90 68.78 1.23e-19 0.89436
64085 20.50 46.00 1.10e-19 0.89250
65336 -84.03 71.77 1.18e-19 0.89429
65252 98.64 65.84 1.13e-19 0.89338
65255 100.10 62.89 1.02e-19 0.88958
65330 -83.40 65.72 9.89e-20 0.88811
65333 -83.60 68.75 1.09e-19 0.89238
64418 20.81 58.85 1.48e-19 0.87708
64133 -154.30 79.50 1.16e-19 0.89398
65186 91.49 65.27 1.18e-19 0.89418
64136 -154.30 78.50 1.13e-19 0.89326
65183 88.92 68.10 1.28e-19 0.89364
65180 85.70 70.89 1.37e-19 0.89032
65192 95.42 59.53 9.53e-20 0.88613
65414 164.13 84.15 1.34e-19 0.89190
65432 121.61 68.04 1.00e-19 0.88871
65435 120.51 65.03 9.01e-20 0.88279
63263 -7.85 52.53 1.27e-19 0.89392
65429 123.21 71.02 1.09e-19 0.89246
65408 -134.13 84.15 1.34e-19 0.89190
63317 110.50 70.00 1.16e-19 0.89386
63311 115.98 69.92 1.11e-19 0.89299
65009 76.59 58.92 1.14e-19 0.89344
65015 -48.69 63.02 1.24e-19 0.89435
65012 -51.77 60.39 1.13e-19 0.89334
65528 -165.00 70.00 7.67e-20 0.87195
65531 -165.00 67.00 6.45e-20 0.85845
63413 52.73 55.69 1.27e-19 0.89406
64955 -46.59 58.92 1.14e-19 0.89344
64949 68.43 59.57 1.24e-19 0.89420
65111 57.58 76.63 1.52e-19 0.85746
65168 55.98 80.83 1.52e-19 0.85745
65108 46.27 78.38 1.52e-19 0.84433
65114 66.13 74.51 1.50e-19 0.86980
65117 72.61 72.15 1.46e-19 0.88013
64862 -0.65 67.20 1.52e-19 0.84433
64835 64.18 53.14 1.07e-19 0.89185
65456 -165.00 82.00 1.25e-19 0.89420
64469 -9.17 59.48 1.45e-19 0.88288
64475 2.41 61.35 1.50e-19 0.86980
64472 -3.56 60.56 1.48e-19 0.87626
65513 -177.19 75.64 1.01e-19 0.88913
65510 -165.00 76.00 1.02e-19 0.88962
65516 171.78 74.62 9.89e-20 0.88801
64451 -34.20 48.66 9.02e-20 0.88294
64454 -30.98 50.85 1.02e-19 0.88960
63905 -159.50 78.00 1.10e-19 0.89266
64289 24.88 52.47 1.32e-19 0.89275
64295 34.25 50.90 1.23e-19 0.89421
64292 29.66 51.81 1.28e-19 0.89371
64883 50.33 63.41 1.46e-19 0.88012
64880 44.43 64.97 1.50e-19 0.86982
65498 156.21 75.54 1.07e-19 0.89173
63584 -159.50 72.00 8.53e-20 0.87939
64886 55.56 61.63 1.40e-19 0.88792
64406 -2.00 57.66 1.44e-19 0.88430
65378 113.40 65.72 9.89e-20 0.88811
64403 -7.23 56.66 1.39e-19 0.88864
64400 -12.12 55.41 1.33e-19 0.89217
64223 -3.10 47.99 1.13e-19 0.89350
64220 -7.26 46.89 1.07e-19 0.89148
64118 -154.30 82.50 1.27e-19 0.89393
64121 -154.30 81.50 1.24e-19 0.89432
64226 1.25 48.86 1.18e-19 0.89431
64124 -154.30 80.50 1.20e-19 0.89433
63161 -58.62 69.66 1.32e-19 0.89252
