65006 73.24 61.42 1.58e-19 1.12859
65000 64.69 66.09 1.94e-19 1.20510
65003 69.32 63.82 1.77e-19 1.17303
63197 -35.09 66.19 1.94e-19 1.20477
64142 -154.30 75.50 1.13e-19 0.99977
63191 -39.22 67.15 1.92e-19 1.20092
65213 -57.99 77.44 1.99e-19 1.21228
65210 -61.92 74.59 1.87e-19 1.19187
65294 86.94 86.84 2.06e-19 1.22283
65291 15.00 89.00 2.07e-19 1.22415
65288 -56.94 86.84 2.06e-19 1.22283
65075 -57.47 61.57 1.31e-19 1.05746
62987 15.00 -74.00 -1.85e-20 -0.01848
65072 81.77 60.39 1.36e-19 1.06911
65486 -149.69 78.56 1.36e-19 1.06902
65069 78.69 63.02 1.57e-19 1.12525
65420 135.13 79.58 1.65e-19 1.14448
62981 15.00 -90.00 -9.28e-20 -0.09284
65483 -136.50 77.35 1.31e-19 1.05761
65156 -25.98 80.83 2.18e-19 1.22769
65426 125.59 73.95 1.42e-19 1.08833
65480 -126.21 75.54 1.25e-19 1.03746
63281 -2.95 47.55 1.33e-19 1.06096
63287 -1.51 45.84 1.22e-19 1.02856
65150 -45.89 76.23 2.07e-19 1.22379
65390 -91.61 68.04 1.12e-19 0.99769
63227 -18.77 60.10 1.91e-19 1.19941
65393 -93.21 71.02 1.28e-19 1.04756
65396 -95.59 73.95 1.42e-19 1.08833
63221 -21.51 61.46 1.93e-19 1.20395
63443 45.48 49.24 1.30e-19 1.05309
64046 20.50 70.00 2.14e-19 1.18052
64082 20.50 48.00 1.43e-19 1.09069
64043 20.50 72.00 2.09e-19 1.15704
64040 20.50 74.00 2.05e-19 1.14122
64781 -30.59 55.29 1.45e-19 1.09581
64778 -34.18 53.14 1.25e-19 1.03767
64784 -26.57 57.31 1.65e-19 1.14444
64079 20.50 50.00 1.57e-19 1.12671
64787 -22.08 59.16 1.82e-19 1.18192
64919 -2.88 70.09 2.18e-19 1.20499
64925 15.00 71.00 2.10e-19 1.16319
64922 5.86 70.77 2.14e-19 1.17933
64439 54.68 50.43 1.24e-19 1.03478
64445 61.37 46.31 8.64e-20 0.90302
64442 58.18 48.44 1.05e-19 0.97279
63119 -95.35 67.98 1.07e-19 0.97952
63125 -90.61 68.69 1.18e-19 1.01512
63377 68.74 63.99 1.79e-19 1.17672
64544 53.49 54.84 1.55e-19 1.12041
64187 23.29 43.52 1.10e-19 0.99163
64325 -18.58 49.61 1.28e-19 1.04730
63776 -159.50 74.00 1.02e-19 0.96142
64181 15.00 44.00 1.16e-19 1.00822
64178 10.84 43.88 1.14e-19 1.00411
64184 19.16 43.88 1.14e-19 1.00411
64013 -159.50 88.00 1.94e-19 1.20526
64250 37.26 46.89 1.24e-19 1.03460
64253 41.20 45.58 1.10e-19 0.99123
64073 20.50 54.00 1.83e-19 1.18375
64070 20.50 56.00 1.94e-19 1.20406
65246 94.74 71.70 1.72e-19 1.16149
65492 179.69 78.56 1.36e-19 1.06902
65243 91.92 74.59 1.87e-19 1.19187
65495 166.50 77.35 1.31e-19 1.05761
64076 20.50 52.00 1.70e-19 1.15786
65240 87.99 77.44 1.99e-19 1.21228
64208 23.74 46.51 1.31e-19 1.05767
64457 -27.42 52.92 1.36e-19 1.06954
65177 81.53 73.61 1.96e-19 1.20848
64166 11.03 40.88 9.36e-20 0.93110
64163 15.00 38.00 7.54e-20 0.85694
65171 67.87 78.68 2.14e-19 1.22936
64094 20.50 40.00 8.74e-20 0.90729
65174 75.89 76.23 2.07e-19 1.22379
64160 15.00 35.00 5.82e-20 0.77453
65387 -90.51 65.03 9.59e-20 0.93974
63257 -9.72 54.13 1.70e-19 1.15631
65297 96.36 83.93 2.03e-19 1.21813
63251 -11.73 55.69 1.77e-19 1.17146
65381 113.36 62.69 9.27e-20 0.92779
65384 113.42 59.64 7.54e-20 0.85710
65357 139.00 86.38 1.93e-19 1.20285
65348 -94.24 83.64 1.89e-19 1.19545
65351 -109.00 86.38 1.93e-19 1.20285
64091 20.50 42.00 1.01e-19 0.95798
65354 -165.00 88.00 1.94e-19 1.20519
63179 -48.39 68.69 1.84e-19 1.18659
63185 -43.65 67.98 1.88e-19 1.19484
63323 105.02 69.92 1.48e-19 1.10284
65342 -86.22 77.76 1.72e-19 1.16135
65345 -88.82 80.73 1.82e-19 1.18210
65339 -84.82 74.77 1.59e-19 1.13236
65045 15.00 77.00 2.10e-19 1.16319
65042 1.88 76.67 2.14e-19 1.17937
65039 -10.07 75.72 2.18e-19 1.20497
63407 54.89 57.20 1.67e-19 1.14930
65423 129.24 76.82 1.55e-19 1.12056
64823 52.08 59.16 1.82e-19 1.18192
65489 -165.00 79.00 1.37e-19 1.07318
64820 47.07 60.82 1.96e-19 1.20834
64967 -29.19 68.20 2.07e-19 1.22410
64964 -34.69 66.09 1.94e-19 1.20510
63401 57.23 58.68 1.71e-19 1.15986
63095 40.40 47.00 1.21e-19 1.02615
64961 -39.32 63.82 1.77e-19 1.17303
64958 -43.24 61.42 1.58e-19 1.12859
64826 56.57 57.31 1.65e-19 1.14444
65063 70.62 68.01 1.93e-19 1.20284
65126 84.80 64.32 1.52e-19 1.11441
65060 65.21 70.32 2.06e-19 1.22287
65123 81.58 67.01 1.72e-19 1.16063
65066 75.03 65.56 1.76e-19 1.16992
65120 77.61 69.63 1.89e-19 1.19547
64592 57.42 52.92 1.36e-19 1.06954
64499 49.14 56.59 1.72e-19 1.16130
65519 -154.87 72.69 9.35e-20 0.93083
65522 -165.00 73.00 9.47e-20 0.93551
65525 -175.13 72.69 9.35e-20 0.93083
63293 -0.15 44.10 1.11e-19 0.99241
64055 20.50 64.00 2.19e-19 1.22580
64052 20.50 66.00 2.19e-19 1.21618
64466 -14.37 58.15 1.87e-19 1.19190
64049 20.50 68.00 2.18e-19 1.20088
64463 -19.14 56.59 1.72e-19 1.16130
64460 -23.49 54.84 1.55e-19 1.12041
64889 60.17 59.65 1.72e-19 1.16072
64895 67.82 55.26 1.31e-19 1.05730
64892 64.24 57.52 1.52e-19 1.11427
65225 -22.03 85.01 2.15e-19 1.22953
64376 58.87 43.83 7.54e-20 0.85712
64004 -159.50 82.00 1.58e-19 1.12905
64370 52.30 47.83 1.10e-19 0.99110
64007 -159.50 84.00 1.71e-19 1.15984
64373 55.72 45.90 9.26e-20 0.92750
64229 5.74 49.49 1.52e-19 1.11438
64235 15.00 50.00 1.58e-19 1.12863
64232 10.34 49.87 1.56e-19 1.12500
64109 -154.30 85.50 1.81e-19 1.18003
64115 -154.30 83.50 1.68e-19 1.15351
64112 -154.30 84.50 1.75e-19 1.16744
63809 -159.50 76.00 1.16e-19 1.00903
64283 15.00 53.00 1.77e-19 1.17305
64280 10.03 52.87 1.76e-19 1.17020
64286 19.97 52.87 1.76e-19 1.17020
65312 105.25 69.00 1.42e-19 1.08827
65315 106.03 66.00 1.24e-19 1.03492
65309 104.36 72.00 1.59e-19 1.13245
65306 103.29 74.99 1.74e-19 1.16680
65198 -70.10 62.89 1.16e-19 1.00903
65201 -68.64 65.84 1.36e-19 1.06943
65204 -66.90 68.78 1.55e-19 1.12059
65207 -64.74 71.70 1.72e-19 1.16149
65300 99.91 80.96 1.96e-19 1.20842
65303 101.91 77.98 1.87e-19 1.19187
65078 -54.80 64.32 1.52e-19 1.11441
65081 -51.58 67.01 1.72e-19 1.16063
65411 -165.00 85.00 1.77e-19 1.17305
65084 -47.61 69.63 1.89e-19 1.19547
65087 -42.61 72.15 2.03e-19 1.21812
64859 -7.85 66.25 2.18e-19 1.22772
64865 7.04 67.80 2.18e-19 1.20496
65417 145.34 82.12 1.72e-19 1.16078
63329 99.62 69.66 1.55e-19 1.12089
63335 94.39 69.25 1.61e-19 1.13644
63449 43.95 47.55 1.20e-19 1.02405
63455 42.51 45.84 1.11e-19 0.99216
64994 52.64 70.09 2.16e-19 1.22935
64988 35.87 72.94 2.17e-19 1.19846
64991 44.88 71.70 2.19e-19 1.22074
63215 -24.50 62.76 1.95e-19 1.20662
65153 -37.87 78.68 2.14e-19 1.22936
64997 59.19 68.20 2.07e-19 1.22410
63209 -27.74 63.99 1.96e-19 1.20771
64934 40.90 69.01 2.19e-19 1.22311
64016 14.04 90.00 2.03e-19 1.21934
64931 32.88 70.09 2.18e-19 1.20499
63431 48.85 52.53 1.47e-19 1.10117
64928 24.14 70.77 2.14e-19 1.17933
64010 -159.50 86.00 1.83e-19 1.18535
63473 -159.50 70.00 7.57e-20 0.85808
64937 48.05 67.59 2.15e-19 1.22949
63437 47.11 50.90 1.39e-19 1.07874
65132 -65.42 59.53 1.04e-19 0.97035
65135 -63.62 62.41 1.25e-19 1.03730
65129 87.47 61.57 1.31e-19 1.05746
64772 64.20 48.66 9.62e-20 0.94081
64775 -37.39 50.87 1.04e-19 0.97075
64415 15.00 59.00 2.07e-19 1.22415
64412 9.19 58.85 2.06e-19 1.22284
64409 3.49 58.40 2.03e-19 1.21817
63137 -80.38 69.66 1.38e-19 1.07643
63131 -85.61 69.25 1.28e-19 1.04722
64316 -22.30 47.83 1.10e-19 0.99110
64313 -25.72 45.90 9.26e-20 0.92750
64310 -28.87 43.83 7.54e-20 0.85712
63155 -64.02 69.92 1.65e-19 1.14562
63149 -69.50 70.00 1.57e-19 1.12575
64259 -20.22 45.15 9.59e-20 0.93977
64265 -12.75 48.42 1.28e-19 1.04727
64262 -16.62 46.88 1.12e-19 0.99791
65327 -83.36 62.69 9.27e-20 0.92779
57281 15.00 -74.00 -1.85e-20 -0.01848
64100 -154.30 88.50 1.97e-19 1.20947
64103 -154.30 87.50 1.92e-19 1.20108
65237 82.04 80.22 2.07e-19 1.22381
65234 71.87 82.83 2.12e-19 1.22858
64106 -154.30 86.50 1.86e-19 1.19126
65231 52.03 85.01 2.15e-19 1.22953
65228 15.00 86.00 2.16e-19 1.22938
65267 -76.03 66.00 1.24e-19 1.03492
64088 20.50 44.00 1.15e-19 1.00581
64193 2.01 45.89 1.25e-19 1.03726
64190 -2.11 45.05 1.16e-19 1.00934
64157 -154.30 77.50 1.27e-19 1.04448
64154 -154.30 71.50 8.58e-20 0.90087
64151 -154.30 72.50 9.24e-20 0.92660
64148 -154.30 73.50 9.91e-20 0.95171
64196 6.26 46.51 1.31e-19 1.05767
64982 15.00 74.00 1.98e-19 1.11590
64985 25.77 73.73 2.10e-19 1.16321
65369 114.82 74.77 1.59e-19 1.13236
64979 4.23 73.73 2.10e-19 1.16321
65375 113.60 68.75 1.28e-19 1.04741
65372 114.03 71.77 1.45e-19 1.09464
65366 116.22 77.76 1.72e-19 1.16135
65360 124.24 83.64 1.89e-19 1.19545
65363 118.82 80.73 1.82e-19 1.18210
65459 174.45 81.43 1.57e-19 1.12524
65462 158.42 79.90 1.52e-19 1.11433
65465 147.41 77.77 1.45e-19 1.09603
63173 -53.39 69.25 1.79e-19 1.17568
65036 -20.23 74.26 2.19e-19 1.22311
65270 -75.25 69.00 1.42e-19 1.08827
65273 -74.36 72.00 1.59e-19 1.13245
64952 71.94 57.20 1.36e-19 1.06919
65276 -73.29 74.99 1.74e-19 1.16680
65030 -35.21 70.32 2.06e-19 1.22287
65033 -28.52 72.43 2.15e-19 1.22951
64808 22.07 64.82 2.19e-19 1.22312
64811 28.94 64.29 2.18e-19 1.22772
65501 148.54 73.33 1.16e-19 1.00914
63353 80.22 67.15 1.75e-19 1.16711
64817 41.53 62.26 2.07e-19 1.22388
63005 15.00 -90.00 -9.28e-20 -0.09284
63389 62.51 61.46 1.77e-19 1.17266
62999 15.00 -74.00 -1.85e-20 -0.01848
63395 59.77 60.10 1.75e-19 1.16742
65507 -152.81 75.64 1.14e-19 1.00380
65054 50.23 74.26 2.19e-19 1.22311
65096 -16.27 78.38 2.19e-19 1.21797
65051 40.07 75.72 2.18e-19 1.20497
65048 28.12 76.67 2.14e-19 1.17937
65090 -36.13 74.51 2.12e-19 1.22856
65093 -27.58 76.63 2.18e-19 1.22769
65057 58.52 72.43 2.15e-19 1.22951
64496 44.37 58.15 1.87e-19 1.19190
64490 33.56 60.56 2.07e-19 1.22387
64493 39.17 59.48 1.99e-19 1.21226
63017 15.00 -90.00 -9.28e-20 -0.09284
63305 121.38 69.66 1.22e-19 1.02985
63011 15.00 -74.00 -1.85e-20 -0.01848
63299 126.61 69.25 1.13e-19 1.00002
64058 20.50 62.00 2.15e-19 1.22946
64061 20.50 60.00 2.10e-19 1.22704
64067 20.50 58.00 2.03e-19 1.21855
64802 7.93 64.82 2.19e-19 1.22312
64805 15.00 65.00 2.19e-19 1.22074
64799 1.06 64.29 2.18e-19 1.22772
64907 -29.72 63.95 1.93e-19 1.20289
64904 -34.39 61.83 1.76e-19 1.16994
64898 -41.94 57.20 1.36e-19 1.06919
64901 -38.43 59.57 1.56e-19 1.12495
64829 60.59 55.29 1.45e-19 1.09581
64379 -31.37 46.31 8.64e-20 0.90302
64367 48.58 49.61 1.28e-19 1.04730
64364 44.55 51.21 1.45e-19 1.09456
64361 40.23 52.61 1.59e-19 1.13236
64358 35.61 53.80 1.72e-19 1.16157
63371 72.27 65.14 1.79e-19 1.17562
63101 -146.50 74.10 1.05e-19 0.97334
63107 41.70 76.00 2.19e-19 1.20838
63968 -159.50 80.00 1.44e-19 1.09335
64343 9.65 55.86 1.93e-19 1.20293
63365 76.09 66.19 1.77e-19 1.17226
64247 33.10 47.99 1.36e-19 1.06965
64340 4.38 55.44 1.89e-19 1.19562
64244 28.75 48.86 1.45e-19 1.09610
64238 19.66 49.87 1.56e-19 1.12500
64346 15.00 56.00 1.94e-19 1.20519
64241 24.26 49.49 1.52e-19 1.11438
64268 -8.62 49.77 1.42e-19 1.08832
64271 -4.25 50.90 1.55e-19 1.12031
64274 0.34 51.81 1.65e-19 1.14450
64277 5.12 52.47 1.72e-19 1.16086
65264 -76.74 62.99 1.05e-19 0.97276
65261 -77.40 59.97 8.64e-20 0.90301
65258 101.35 59.93 9.62e-20 0.94079
65324 -83.42 59.64 7.54e-20 0.85710
65321 107.40 59.97 8.64e-20 0.90301
65318 106.74 62.99 1.05e-19 0.97276
64145 -154.30 74.50 1.06e-19 0.97613
65189 93.62 62.41 1.25e-19 1.03730
65195 -71.35 59.93 9.62e-20 0.94079
64139 -154.30 76.50 1.20e-19 1.02258
65441 -105.01 72.61 1.24e-19 1.03479
65438 -101.49 69.80 1.10e-19 0.99139
65444 -110.04 75.29 1.36e-19 1.06951
65447 -117.41 77.77 1.45e-19 1.09603
63341 89.39 68.69 1.67e-19 1.14927
63347 84.65 67.98 1.71e-19 1.15934
65018 -45.03 65.56 1.76e-19 1.16992
65027 -40.62 68.01 1.93e-19 1.20284
65159 -8.31 82.40 2.19e-19 1.22311
63239 -16.23 58.68 1.87e-19 1.19275
63245 -13.89 57.20 1.82e-19 1.18325
65165 38.31 82.40 2.19e-19 1.22311
63419 50.72 54.13 1.55e-19 1.12048
64943 59.72 63.95 1.93e-19 1.20289
64946 64.39 61.83 1.76e-19 1.16994
64847 -30.17 59.65 1.72e-19 1.16072
65141 -58.92 68.10 1.65e-19 1.14438
65138 -61.49 65.27 1.45e-19 1.09586
64838 67.39 50.87 1.04e-19 0.97075
64841 -37.82 55.26 1.31e-19 1.05730
64844 -34.24 57.52 1.52e-19 1.11427
64478 8.63 61.84 2.15e-19 1.22954
64481 15.00 62.00 2.16e-19 1.22938
64484 21.37 61.84 2.15e-19 1.22954
64487 27.59 61.35 2.12e-19 1.22858
64421 26.51 58.40 2.03e-19 1.21817
64424 32.00 57.66 1.96e-19 1.20843
64853 -20.33 63.41 2.03e-19 1.21811
64850 -25.56 61.63 1.89e-19 1.19563
64856 -14.43 64.97 2.12e-19 1.22862
63143 -74.98 69.92 1.48e-19 1.10300
64307 50.22 45.15 9.59e-20 0.93977
64298 38.62 49.77 1.42e-19 1.08832
64301 42.75 48.42 1.28e-19 1.04727
64304 46.62 46.88 1.12e-19 0.99791
64874 30.65 67.20 2.19e-19 1.21797
64868 15.00 68.00 2.17e-19 1.19847
64871 22.96 67.80 2.18e-19 1.20496
64877 37.85 66.25 2.18e-19 1.22772
64022 20.50 86.00 2.16e-19 1.22940
64025 20.50 84.00 2.19e-19 1.22532
64397 -16.66 53.94 1.60e-19 1.13260
64019 20.50 88.00 2.11e-19 1.22741
64394 -20.85 52.27 1.42e-19 1.08827
64388 -28.18 48.44 1.05e-19 0.97279
64391 -24.68 50.43 1.24e-19 1.03478
64214 32.11 45.05 1.16e-19 1.00934
64097 -154.30 89.50 2.01e-19 1.21642
64211 27.99 45.89 1.25e-19 1.03726
65219 -52.04 80.22 2.07e-19 1.22381
64217 -11.20 45.58 1.10e-19 0.99123
65222 -41.87 82.83 2.12e-19 1.22858
64427 37.23 56.66 1.87e-19 1.19195
64199 10.61 46.88 1.36e-19 1.06949
64202 15.00 47.00 1.37e-19 1.07318
64205 19.39 46.88 1.36e-19 1.06949
64976 -5.87 72.94 2.17e-19 1.19846
64973 -14.88 71.70 2.19e-19 1.22074
64970 -22.64 70.09 2.16e-19 1.22935
65450 -128.42 79.90 1.52e-19 1.11433
65453 -144.45 81.43 1.57e-19 1.12524
65162 15.00 83.00 2.19e-19 1.22074
63203 -31.27 65.14 1.95e-19 1.20713
65279 -71.91 77.98 1.87e-19 1.19187
65285 -66.36 83.93 2.03e-19 1.21813
65282 -69.91 80.96 1.96e-19 1.20842
65471 135.01 72.61 1.24e-19 1.03479
65468 140.04 75.29 1.36e-19 1.06951
65474 131.49 69.80 1.10e-19 0.99139
65477 -118.54 73.33 1.16e-19 1.00914
62993 15.00 -90.00 -9.28e-20 -0.09284
64940 54.30 65.88 2.06e-19 1.22278
65099 -1.81 79.57 2.18e-19 1.20496
65105 31.81 79.57 2.18e-19 1.20496
65102 15.00 80.00 2.17e-19 1.19847
64688 60.98 50.85 1.16e-19 1.00907
65405 -115.34 82.12 1.72e-19 1.16078
65402 -105.13 79.58 1.65e-19 1.14448
65399 -99.24 76.82 1.55e-19 1.12056
63269 -6.11 50.90 1.53e-19 1.11570
63275 -4.48 49.24 1.43e-19 1.09018
64037 20.50 76.00 2.08e-19 1.15543
64034 20.50 78.00 2.14e-19 1.17894
64028 20.50 82.00 2.19e-19 1.21529
64031 20.50 80.00 2.17e-19 1.19961
64916 -10.90 69.01 2.19e-19 1.22311
64793 -11.53 62.26 2.07e-19 1.22388
64790 -17.07 60.82 1.96e-19 1.20834
64910 -24.30 65.88 2.06e-19 1.22278
64913 -18.05 67.59 2.15e-19 1.22949
64796 -5.47 63.42 2.14e-19 1.22932
65144 -55.70 70.89 1.82e-19 1.18217
64430 42.12 55.41 1.74e-19 1.16696
64433 46.66 53.94 1.60e-19 1.13260
64349 20.35 55.86 1.93e-19 1.20293
64352 25.62 55.44 1.89e-19 1.19562
64355 30.72 54.74 1.82e-19 1.18196
63383 65.50 62.76 1.79e-19 1.17567
63113 -138.30 76.00 1.21e-19 1.02694
64436 50.85 52.27 1.42e-19 1.08827
64334 -5.61 53.80 1.72e-19 1.16157
65504 -141.78 74.62 1.10e-19 0.99118
64331 -10.23 52.61 1.59e-19 1.13236
64328 -14.55 51.21 1.45e-19 1.09456
64169 15.00 41.00 9.47e-20 0.93551
64172 18.97 40.88 9.36e-20 0.93110
64175 6.71 43.52 1.10e-19 0.99163
64337 -0.72 54.74 1.82e-19 1.18196
64814 35.47 63.42 2.14e-19 1.22932
65147 -51.53 73.61 1.96e-19 1.20848
65249 96.90 68.78 1.55e-19 1.12059
64085 20.50 46.00 1.29e-19 1.05022
65336 -84.03 71.77 1.45e-19 1.09464
65252 98.64 65.84 1.36e-19 1.06943
65255 100.10 62.89 1.16e-19 1.00903
65330 -83.40 65.72 1.10e-19 0.99135
65333 -83.60 68.75 1.28e-19 1.04741
64418 20.81 58.85 2.06e-19 1.22284
64133 -154.30 79.50 1.41e-19 1.08533
65186 91.49 65.27 1.45e-19 1.09586
64136 -154.30 78.50 1.34e-19 1.06542
65183 88.92 68.10 1.65e-19 1.14438
65180 85.70 70.89 1.82e-19 1.18217
65192 95.42 59.53 1.04e-19 0.97035
65414 164.13 84.15 1.76e-19 1.17021
65432 121.61 68.04 1.12e-19 0.99769
65435 120.51 65.03 9.59e-20 0.93974
63263 -7.85 52.53 1.62e-19 1.13770
65429 123.21 71.02 1.28e-19 1.04756
65408 -134.13 84.15 1.76e-19 1.17021
63317 110.50 70.00 1.40e-19 1.08142
63311 115.98 69.92 1.31e-19 1.05744
65009 76.59 58.92 1.37e-19 1.07293
65015 -48.69 63.02 1.57e-19 1.12525
65012 -51.77 60.39 1.36e-19 1.06911
65528 -165.00 70.00 7.54e-20 0.85694
65531 -165.00 67.00 5.82e-20 0.77453
63413 52.73 55.69 1.61e-19 1.13652
64955 -46.59 58.92 1.37e-19 1.07293
64949 68.43 59.57 1.56e-19 1.12495
65111 57.58 76.63 2.18e-19 1.22769
65168 55.98 80.83 2.18e-19 1.22769
65108 46.27 78.38 2.19e-19 1.21797
65114 66.13 74.51 2.12e-19 1.22856
65117 72.61 72.15 2.03e-19 1.21812
64862 -0.65 67.20 2.19e-19 1.21797
64835 64.18 53.14 1.25e-19 1.03767
65456 -165.00 82.00 1.58e-19 1.12863
64469 -9.17 59.48 1.99e-19 1.21226
64475 2.41 61.35 2.12e-19 1.22858
64472 -3.56 60.56 2.07e-19 1.22387
65513 -177.19 75.64 1.14e-19 1.00380
65510 -165.00 76.00 1.16e-19 1.00822
65516 171.78 74.62 1.10e-19 0.99118
64451 -34.20 48.66 9.62e-20 0.94081
64454 -30.98 50.85 1.16e-19 1.00907
63905 -159.50 78.00 1.30e-19 1.05319
64289 24.88 52.47 1.72e-19 1.16086
64295 34.25 50.90 1.55e-19 1.12031
64292 29.66 51.81 1.65e-19 1.14450
64883 50.33 63.41 2.03e-19 1.21811
64880 44.43 64.97 2.12e-19 1.22862
65498 156.21 75.54 1.25e-19 1.03746
63584 -159.50 72.00 8.84e-20 0.91091
64886 55.56 61.63 1.89e-19 1.19563
64406 -2.00 57.66 1.96e-19 1.20843
65378 113.40 65.72 1.10e-19 0.99135
64403 -7.23 56.66 1.87e-19 1.19195
64400 -12.12 55.41 1.74e-19 1.16696
64223 -3.10 47.99 1.36e-19 1.06965
64220 -7.26 46.89 1.24e-19 1.03460
64118 -154.30 82.50 1.62e-19 1.13829
64121 -154.30 81.50 1.55e-19 1.12181
64226 1.25 48.86 1.45e-19 1.09610
64124 -154.30 80.50 1.48e-19 1.10414
63161 -58.62 69.66 1.72e-19 1.16201
