   1.2710933e+09   5.7731600e-01
   1.2710942e+09   5.7731600e-01
   1.2710951e+09   5.7731600e-01
   1.2710960e+09   5.7731600e-01
   1.2710969e+09   5.7731600e-01
   1.2710978e+09   5.7731600e-01
   1.2710987e+09   5.7731600e-01
   1.2710996e+09   5.7731600e-01
   1.2711005e+09   5.7731600e-01
   1.2711014e+09   5.7731600e-01
   1.2711023e+09   5.7731600e-01
   1.2711032e+09   5.7731600e-01
   1.2711041e+09   5.7731600e-01
   1.2711050e+09   5.7731600e-01
   1.2711059e+09   5.7731600e-01
   1.2711068e+09   5.7731600e-01
   1.2711077e+09   5.7731600e-01
   1.2711086e+09   5.7731600e-01
   1.2711095e+09   5.7731600e-01
   1.2711104e+09   5.7731600e-01
   1.2711113e+09   5.7731600e-01
   1.2711122e+09   5.7731600e-01
   1.2711131e+09   5.7731600e-01
   1.2711140e+09   5.7731600e-01
   1.2711149e+09   5.7731600e-01
   1.2711158e+09   5.7731600e-01
   1.2711167e+09   5.7731600e-01
   1.2711176e+09   5.7731600e-01
   1.2711185e+09   5.7731600e-01
   1.2711194e+09   5.7731600e-01
   1.2711203e+09   5.7731600e-01
   1.2711212e+09   5.7731600e-01
   1.2711221e+09   5.7731600e-01
   1.2711230e+09   5.7731600e-01
   1.2711239e+09   5.7731600e-01
   1.2711248e+09   5.7731600e-01
   1.2711257e+09   5.7731600e-01
   1.2711266e+09   5.7731600e-01
   1.2711275e+09   5.7731600e-01
   1.2711284e+09   5.7731600e-01
   1.2711293e+09   5.7731600e-01
   1.2711302e+09   5.7731600e-01
   1.2711311e+09   5.7731600e-01
   1.2711320e+09   5.7731600e-01
   1.2711329e+09   5.7731600e-01
   1.2711338e+09   5.7731600e-01
   1.2711347e+09   5.7731600e-01
   1.2711356e+09   5.7731600e-01
   1.2711365e+09   5.7731600e-01
   1.2711374e+09   5.7731600e-01
   1.2711383e+09   5.7731600e-01
   1.2711392e+09   5.7731600e-01
   1.2711401e+09   5.7731600e-01
   1.2711410e+09   5.7731600e-01
   1.2711419e+09   5.7731600e-01
   1.2711428e+09   5.7731600e-01
   1.2711437e+09   5.7731600e-01
   1.2711446e+09   5.7731600e-01
   1.2711455e+09   5.7731600e-01
   1.2711464e+09   5.7731600e-01
   1.2711473e+09   5.7731600e-01
   1.2711482e+09   5.7731600e-01
   1.2711491e+09   5.7731600e-01
   1.2711500e+09   5.7731600e-01
   1.2711509e+09   5.7731600e-01
   1.2711518e+09   5.7731600e-01
   1.2711527e+09   5.7731600e-01
   1.2711536e+09   5.7731600e-01
   1.2711545e+09   5.7731600e-01
   1.2711554e+09   5.7731600e-01
   1.2711563e+09   5.7731600e-01
   1.2711572e+09   5.7731600e-01
   1.2711581e+09   5.7731600e-01
   1.2711590e+09   5.7731600e-01
   1.2711599e+09   5.7731600e-01
   1.2711608e+09   5.7731600e-01
   1.2711617e+09   5.7731600e-01
   1.2711626e+09   5.7731600e-01
   1.2711635e+09   5.7731600e-01
   1.2711644e+09   5.7731600e-01
   1.2711653e+09   5.7731600e-01
   1.2711662e+09   5.7731600e-01
   1.2711671e+09   5.7731600e-01
   1.2711680e+09   5.7731600e-01
   1.2711689e+09   5.7731600e-01
   1.2711698e+09   5.7731600e-01
   1.2711707e+09   5.7731600e-01
   1.2711716e+09   5.7731600e-01
   1.2711725e+09   5.7731600e-01
   1.2711734e+09   5.7731600e-01
   1.2711743e+09   5.7731600e-01
   1.2711752e+09   5.7731600e-01
   1.2711761e+09   5.7731600e-01
   1.2711770e+09   5.7731600e-01
   1.2711779e+09   5.7731600e-01
   1.2711788e+09   5.7731600e-01
   1.2711797e+09   5.7731600e-01
   1.2711806e+09   5.7731600e-01
   1.2711815e+09   5.7731600e-01
   1.2711824e+09   5.7731600e-01
   1.2711833e+09   5.7731600e-01
   1.2711842e+09   5.7731600e-01
   1.2711851e+09   5.7731600e-01
   1.2711860e+09   5.7731600e-01
   1.2711869e+09   5.7731600e-01
   1.2711878e+09   5.7731600e-01
   1.2711887e+09   5.7731600e-01
   1.2711896e+09   5.7731600e-01
   1.2711905e+09   5.7731600e-01
   1.2711914e+09   5.7731600e-01
   1.2711923e+09   5.7731600e-01
   1.2711932e+09   5.7731600e-01
   1.2711941e+09   5.7731600e-01
   1.2711950e+09   5.7731600e-01
   1.2711959e+09   5.7731600e-01
   1.2711968e+09   5.7731600e-01
   1.2711977e+09   5.7731600e-01
   1.2711986e+09   5.7731600e-01
   1.2711995e+09   5.7731600e-01
   1.2712004e+09   5.7731600e-01
   1.2712013e+09   5.7731600e-01
   1.2712022e+09   5.7731600e-01
   1.2712031e+09   5.7731600e-01
   1.2712040e+09   5.7731600e-01
   1.2712049e+09   5.7731600e-01
   1.2712058e+09   5.7731600e-01
   1.2712067e+09   5.7731600e-01
   1.2712076e+09   5.7731600e-01
   1.2712085e+09   5.7731600e-01
   1.2712094e+09   5.7731600e-01
   1.2712103e+09   5.7731600e-01
   1.2712112e+09   5.7731600e-01
