56894 2.38 31.38 1.53e-21 0.65009 0.00367
56924 13.90 34.08 1.57e-21 0.69841 0.00446
56954 26.00 35.00 1.57e-21 0.72141 0.00613
56984 38.10 34.08 1.61e-21 0.73284 0.00476
57014 49.62 31.38 1.34e-21 0.71423 0.00627
58772 -0.98 41.06 1.76e-21 0.63395 0.00274
58802 12.03 43.98 1.86e-21 0.64898 0.00271
58832 26.00 45.00 1.93e-21 0.61127 0.00345
58862 39.97 43.98 1.79e-21 0.68983 0.00379
58892 52.98 41.06 1.65e-21 0.70575 0.00491
60557 -6.40 50.33 1.89e-21 0.63445 0.00418
60587 8.91 53.78 1.84e-21 0.62427 0.00205
60617 26.00 55.00 1.85e-21 0.64929 0.00280
60647 43.09 53.78 1.79e-21 0.64047 0.00266
60677 58.40 50.33 1.80e-21 0.64819 0.00283
62342 -15.44 58.88 1.79e-21 0.67255 0.00249
62372 3.23 63.34 1.82e-21 0.62673 0.00181
62402 26.00 65.00 1.83e-21 0.67221 0.00337
62432 48.77 63.34 1.83e-21 0.67260 0.00393
62462 67.44 58.88 1.73e-21 0.64742 0.00507
64220 -31.03 65.94 1.62e-21 0.62506 0.00288
64250 -8.83 72.30 1.73e-21 0.63720 0.00147
64280 26.00 75.00 1.92e-21 0.59000 0.00000
64310 60.83 72.30 1.78e-21 0.62093 0.00306
64340 83.03 65.94 1.50e-21 0.64298 0.00387
