65006 73.24 61.42 1.24e-19 0.91870
65000 64.69 66.09 1.40e-19 0.93027
65003 69.32 63.82 1.32e-19 0.92636
63197 -35.09 66.19 1.40e-19 0.93023
64142 -154.30 75.50 1.02e-19 0.89060
63191 -39.22 67.15 1.39e-19 0.92996
65213 -57.99 77.44 1.42e-19 0.93075
65210 -61.92 74.59 1.37e-19 0.92893
65294 86.94 86.84 1.46e-19 0.93067
65291 15.00 89.00 1.46e-19 0.93050
65288 -56.94 86.84 1.46e-19 0.93067
65075 -57.47 61.57 1.11e-19 0.90401
62987 15.00 -74.00 2.51e-20 0.02515
65072 81.77 60.39 1.13e-19 0.90652
65486 -149.69 78.56 1.13e-19 0.90648
65069 78.69 63.02 1.23e-19 0.91813
65420 135.13 79.58 1.27e-19 0.92164
62981 15.00 -90.00 5.06e-20 0.05058
65483 -136.50 77.35 1.11e-19 0.90408
65156 -25.98 80.83 1.52e-19 0.92456
65426 125.59 73.95 1.16e-19 0.91068
65480 -126.21 75.54 1.08e-19 0.89948
63281 -2.95 47.55 1.12e-19 0.90473
63287 -1.51 45.84 1.07e-19 0.89746
65150 -45.89 76.23 1.46e-19 0.93053
65390 -91.61 68.04 1.02e-19 0.89008
63227 -18.77 60.10 1.39e-19 0.92979
65393 -93.21 71.02 1.10e-19 0.90183
65396 -95.59 73.95 1.16e-19 0.91068
63221 -21.51 61.46 1.40e-19 0.93019
63443 45.48 49.24 1.11e-19 0.90299
64046 20.50 70.00 1.55e-19 0.90098
64082 20.50 48.00 1.17e-19 0.91116
64043 20.50 72.00 1.54e-19 0.89157
64040 20.50 74.00 1.53e-19 0.88544
64781 -30.59 55.29 1.18e-19 0.91219
64778 -34.18 53.14 1.08e-19 0.89958
64784 -26.57 57.31 1.27e-19 0.92162
64079 20.50 50.00 1.23e-19 0.91836
64787 -22.08 59.16 1.34e-19 0.92759
64919 -2.88 70.09 1.55e-19 0.91157
64925 15.00 71.00 1.54e-19 0.89399
64922 5.86 70.77 1.55e-19 0.90050
64439 54.68 50.43 1.08e-19 0.89888
64445 61.37 46.31 8.81e-20 0.86577
64442 58.18 48.44 9.81e-20 0.88401
63119 -95.35 67.98 9.91e-20 0.88563
63125 -90.61 68.69 1.05e-19 0.89433
63377 68.74 63.99 1.33e-19 0.92691
64544 53.49 54.84 1.22e-19 0.91711
64187 23.29 43.52 1.01e-19 0.88866
64325 -18.58 49.61 1.10e-19 0.90171
63776 -159.50 74.00 9.65e-20 0.88109
64181 15.00 44.00 1.03e-19 0.89263
64178 10.84 43.88 1.03e-19 0.89166
64184 19.16 43.88 1.03e-19 0.89166
64013 -159.50 88.00 1.40e-19 0.93032
64250 37.26 46.89 1.08e-19 0.89878
64253 41.20 45.58 1.01e-19 0.88846
64073 20.50 54.00 1.35e-19 0.92790
64070 20.50 56.00 1.40e-19 0.93022
65246 94.74 71.70 1.30e-19 0.92457
65492 179.69 78.56 1.13e-19 0.90648
65243 91.92 74.59 1.37e-19 0.92893
65495 166.50 77.35 1.11e-19 0.90408
64076 20.50 52.00 1.29e-19 0.92395
65240 87.99 77.44 1.42e-19 0.93075
64208 23.74 46.51 1.11e-19 0.90411
64457 -27.42 52.92 1.13e-19 0.90666
65177 81.53 73.61 1.41e-19 0.93056
64166 11.03 40.88 9.21e-20 0.87324
64163 15.00 38.00 8.18e-20 0.85295
65171 67.87 78.68 1.50e-19 0.92823
64094 20.50 40.00 8.87e-20 0.86692
65174 75.89 76.23 1.46e-19 0.93053
64160 15.00 35.00 7.10e-20 0.82844
65387 -90.51 65.03 9.33e-20 0.87547
63257 -9.72 54.13 1.29e-19 0.92372
65297 96.36 83.93 1.44e-19 0.93087
63251 -11.73 55.69 1.32e-19 0.92617
65381 113.36 62.69 9.16e-20 0.87243
65384 113.42 59.64 8.18e-20 0.85304
65357 139.00 86.38 1.39e-19 0.93010
65348 -94.24 83.64 1.38e-19 0.92934
65351 -109.00 86.38 1.39e-19 0.93010
64091 20.50 42.00 9.60e-20 0.88021
65354 -165.00 88.00 1.40e-19 0.93031
63179 -48.39 68.69 1.35e-19 0.92831
63185 -43.65 67.98 1.37e-19 0.92930
63323 105.02 69.92 1.19e-19 0.91371
65342 -86.22 77.76 1.30e-19 0.92450
65345 -88.82 80.73 1.34e-19 0.92768
65339 -84.82 74.77 1.24e-19 0.91940
65045 15.00 77.00 1.54e-19 0.89399
65042 1.88 76.67 1.55e-19 0.90050
65039 -10.07 75.72 1.55e-19 0.91157
63407 54.89 57.20 1.28e-19 0.92244
65423 129.24 76.82 1.22e-19 0.91718
64823 52.08 59.16 1.34e-19 0.92759
65489 -165.00 79.00 1.14e-19 0.90744
64820 47.07 60.82 1.41e-19 0.93049
64967 -29.19 68.20 1.46e-19 0.93048
64964 -34.69 66.09 1.40e-19 0.93027
63401 57.23 58.68 1.30e-19 0.92433
63095 40.40 47.00 1.06e-19 0.89686
64961 -39.32 63.82 1.32e-19 0.92636
64958 -43.24 61.42 1.24e-19 0.91870
64826 56.57 57.31 1.27e-19 0.92162
65063 70.62 68.01 1.39e-19 0.93010
65126 84.80 64.32 1.21e-19 0.91600
65060 65.21 70.32 1.46e-19 0.93069
65123 81.58 67.01 1.30e-19 0.92439
65066 75.03 65.56 1.32e-19 0.92586
65120 77.61 69.63 1.38e-19 0.92934
64592 57.42 52.92 1.13e-19 0.90666
64499 49.14 56.59 1.30e-19 0.92448
65519 -154.87 72.69 9.21e-20 0.87310
65522 -165.00 73.00 9.27e-20 0.87441
65525 -175.13 72.69 9.21e-20 0.87310
63293 -0.15 44.10 1.01e-19 0.88885
64055 20.50 64.00 1.53e-19 0.92295
64052 20.50 66.00 1.54e-19 0.91709
64466 -14.37 58.15 1.37e-19 0.92895
64049 20.50 68.00 1.55e-19 0.90970
64463 -19.14 56.59 1.30e-19 0.92448
64460 -23.49 54.84 1.22e-19 0.91711
64889 60.17 59.65 1.30e-19 0.92443
64895 67.82 55.26 1.11e-19 0.90393
64892 64.24 57.52 1.21e-19 0.91594
65225 -22.03 85.01 1.51e-19 0.92763
64376 58.87 43.83 8.18e-20 0.85305
64004 -159.50 82.00 1.24e-19 0.91880
64370 52.30 47.83 1.01e-19 0.88839
64007 -159.50 84.00 1.30e-19 0.92428
64373 55.72 45.90 9.16e-20 0.87228
64229 5.74 49.49 1.21e-19 0.91599
64235 15.00 50.00 1.24e-19 0.91872
64232 10.34 49.87 1.23e-19 0.91801
64109 -154.30 85.50 1.34e-19 0.92739
64115 -154.30 83.50 1.28e-19 0.92321
64112 -154.30 84.50 1.31e-19 0.92550
63809 -159.50 76.00 1.04e-19 0.89282
64283 15.00 53.00 1.32e-19 0.92637
64280 10.03 52.87 1.32e-19 0.92599
64286 19.97 52.87 1.32e-19 0.92599
65312 105.25 69.00 1.16e-19 0.91065
65315 106.03 66.00 1.08e-19 0.89894
65309 104.36 72.00 1.24e-19 0.91945
65306 103.29 74.99 1.31e-19 0.92538
65198 -70.10 62.89 1.04e-19 0.89277
65201 -68.64 65.84 1.13e-19 0.90660
65204 -66.90 68.78 1.22e-19 0.91720
65207 -64.74 71.70 1.30e-19 0.92457
65300 99.91 80.96 1.41e-19 0.93052
65303 101.91 77.98 1.37e-19 0.92894
65078 -54.80 64.32 1.21e-19 0.91600
65081 -51.58 67.01 1.30e-19 0.92439
65411 -165.00 85.00 1.32e-19 0.92637
65084 -47.61 69.63 1.38e-19 0.92934
65087 -42.61 72.15 1.44e-19 0.93086
64859 -7.85 66.25 1.52e-19 0.92459
64865 7.04 67.80 1.55e-19 0.91157
65417 145.34 82.12 1.30e-19 0.92446
63329 99.62 69.66 1.22e-19 0.91721
63335 94.39 69.25 1.25e-19 0.92017
63449 43.95 47.55 1.06e-19 0.89633
63455 42.51 45.84 1.01e-19 0.88878
64994 52.64 70.09 1.51e-19 0.92691
64988 35.87 72.94 1.55e-19 0.90863
64991 44.88 71.70 1.54e-19 0.91963
63215 -24.50 62.76 1.41e-19 0.93038
65153 -37.87 78.68 1.50e-19 0.92823
64997 59.19 68.20 1.46e-19 0.93048
63209 -27.74 63.99 1.41e-19 0.93049
64934 40.90 69.01 1.54e-19 0.92108
64016 14.04 90.00 1.44e-19 0.93086
64931 32.88 70.09 1.55e-19 0.91157
63431 48.85 52.53 1.19e-19 0.91330
64928 24.14 70.77 1.55e-19 0.90050
64010 -159.50 86.00 1.35e-19 0.92812
63473 -159.50 70.00 8.19e-20 0.85328
64937 48.05 67.59 1.50e-19 0.92760
63437 47.11 50.90 1.15e-19 0.90860
65132 -65.42 59.53 9.78e-20 0.88332
65135 -63.62 62.41 1.08e-19 0.89940
65129 87.47 61.57 1.11e-19 0.90401
64772 64.20 48.66 9.35e-20 0.87577
64775 -37.39 50.87 9.78e-20 0.88352
64415 15.00 59.00 1.46e-19 0.93050
64412 9.19 58.85 1.46e-19 0.93067
64409 3.49 58.40 1.44e-19 0.93089
63137 -80.38 69.66 1.14e-19 0.90808
63131 -85.61 69.25 1.10e-19 0.90168
64316 -22.30 47.83 1.01e-19 0.88839
64313 -25.72 45.90 9.16e-20 0.87228
64310 -28.87 43.83 8.18e-20 0.85305
63155 -64.02 69.92 1.27e-19 0.92188
63149 -69.50 70.00 1.23e-19 0.91818
64259 -20.22 45.15 9.33e-20 0.87549
64265 -12.75 48.42 1.10e-19 0.90169
64262 -16.62 46.88 1.02e-19 0.89019
65327 -83.36 62.69 9.16e-20 0.87243
57281 15.00 -74.00 2.51e-20 0.02515
64100 -154.30 88.50 1.41e-19 0.93061
64103 -154.30 87.50 1.39e-19 0.92995
65237 82.04 80.22 1.46e-19 0.93055
65234 71.87 82.83 1.49e-19 0.92914
64106 -154.30 86.50 1.37e-19 0.92887
65231 52.03 85.01 1.51e-19 0.92763
65228 15.00 86.00 1.51e-19 0.92694
65267 -76.03 66.00 1.08e-19 0.89894
64088 20.50 44.00 1.03e-19 0.89205
64193 2.01 45.89 1.08e-19 0.89938
64190 -2.11 45.05 1.04e-19 0.89292
64157 -154.30 77.50 1.09e-19 0.90108
64154 -154.30 71.50 8.78e-20 0.86518
64151 -154.30 72.50 9.14e-20 0.87207
64148 -154.30 73.50 9.50e-20 0.87861
64196 6.26 46.51 1.11e-19 0.90411
64982 15.00 74.00 1.52e-19 0.87584
64985 25.77 73.73 1.54e-19 0.89400
65369 114.82 74.77 1.24e-19 0.91940
64979 4.23 73.73 1.54e-19 0.89400
65375 113.60 68.75 1.10e-19 0.90176
65372 114.03 71.77 1.18e-19 0.91203
65366 116.22 77.76 1.30e-19 0.92450
65360 124.24 83.64 1.38e-19 0.92934
65363 118.82 80.73 1.34e-19 0.92768
65459 174.45 81.43 1.23e-19 0.91812
65462 158.42 79.90 1.21e-19 0.91597
65465 147.41 77.77 1.18e-19 0.91229
63173 -53.39 69.25 1.33e-19 0.92676
65036 -20.23 74.26 1.54e-19 0.92108
65270 -75.25 69.00 1.16e-19 0.91065
65273 -74.36 72.00 1.24e-19 0.91945
64952 71.94 57.20 1.13e-19 0.90656
65276 -73.29 74.99 1.31e-19 0.92538
65030 -35.21 70.32 1.46e-19 0.93069
65033 -28.52 72.43 1.50e-19 0.92762
64808 22.07 64.82 1.54e-19 0.92109
64811 28.94 64.29 1.52e-19 0.92459
65501 148.54 73.33 1.04e-19 0.89282
63353 80.22 67.15 1.31e-19 0.92548
64817 41.53 62.26 1.46e-19 0.93058
63389 62.51 61.46 1.32e-19 0.92629
63395 59.77 60.10 1.31e-19 0.92551
65507 -152.81 75.64 1.03e-19 0.89150
65054 50.23 74.26 1.54e-19 0.92108
65096 -16.27 78.38 1.54e-19 0.91806
65051 40.07 75.72 1.55e-19 0.91157
65048 28.12 76.67 1.55e-19 0.90050
65090 -36.13 74.51 1.49e-19 0.92913
65093 -27.58 76.63 1.52e-19 0.92456
65057 58.52 72.43 1.50e-19 0.92762
64496 44.37 58.15 1.37e-19 0.92895
64490 33.56 60.56 1.46e-19 0.93058
64493 39.17 59.48 1.42e-19 0.93074
63305 121.38 69.66 1.07e-19 0.89766
63299 126.61 69.25 1.02e-19 0.89063
64058 20.50 62.00 1.51e-19 0.92723
64061 20.50 60.00 1.48e-19 0.92988
64067 20.50 58.00 1.44e-19 0.93087
64802 7.93 64.82 1.54e-19 0.92109
64805 15.00 65.00 1.54e-19 0.91963
64799 1.06 64.29 1.52e-19 0.92459
64907 -29.72 63.95 1.39e-19 0.93012
64904 -34.39 61.83 1.32e-19 0.92587
64898 -41.94 57.20 1.13e-19 0.90656
64901 -38.43 59.57 1.23e-19 0.91798
64829 60.59 55.29 1.18e-19 0.91219
64379 -31.37 46.31 8.81e-20 0.86577
64367 48.58 49.61 1.10e-19 0.90171
64364 44.55 51.21 1.18e-19 0.91199
64361 40.23 52.61 1.24e-19 0.91940
64358 35.61 53.80 1.30e-19 0.92460
63371 72.27 65.14 1.33e-19 0.92675
63101 -146.50 74.10 9.82e-20 0.88409
63107 41.70 76.00 1.55e-19 0.91318
63968 -159.50 80.00 1.17e-19 0.91171
64343 9.65 55.86 1.39e-19 0.93014
63365 76.09 66.19 1.32e-19 0.92620
64247 33.10 47.99 1.13e-19 0.90671
64340 4.38 55.44 1.38e-19 0.92942
64244 28.75 48.86 1.18e-19 0.91233
64238 19.66 49.87 1.23e-19 0.91801
64346 15.00 56.00 1.40e-19 0.93031
64241 24.26 49.49 1.21e-19 0.91599
64268 -8.62 49.77 1.16e-19 0.91067
64271 -4.25 50.90 1.22e-19 0.91707
64274 0.34 51.81 1.27e-19 0.92165
64277 5.12 52.47 1.30e-19 0.92450
65264 -76.74 62.99 9.81e-20 0.88399
65261 -77.40 59.97 8.81e-20 0.86576
65258 101.35 59.93 9.35e-20 0.87576
65324 -83.42 59.64 8.18e-20 0.85304
65321 107.40 59.97 8.81e-20 0.86576
65318 106.74 62.99 9.81e-20 0.88399
64145 -154.30 74.50 9.86e-20 0.88479
65189 93.62 62.41 1.08e-19 0.89940
65195 -71.35 59.93 9.35e-20 0.87576
64139 -154.30 76.50 1.06e-19 0.89603
65441 -105.01 72.61 1.08e-19 0.89888
65438 -101.49 69.80 1.01e-19 0.88854
65444 -110.04 75.29 1.13e-19 0.90664
65447 -117.41 77.77 1.18e-19 0.91229
63341 89.39 68.69 1.28e-19 0.92251
63347 84.65 67.98 1.30e-19 0.92420
65018 -45.03 65.56 1.32e-19 0.92586
65027 -40.62 68.01 1.39e-19 0.93010
65159 -8.31 82.40 1.54e-19 0.92109
63239 -16.23 58.68 1.37e-19 0.92910
63245 -13.89 57.20 1.35e-19 0.92779
65165 38.31 82.40 1.54e-19 0.92109
63419 50.72 54.13 1.22e-19 0.91719
64943 59.72 63.95 1.39e-19 0.93012
64946 64.39 61.83 1.32e-19 0.92587
64847 -30.17 59.65 1.30e-19 0.92443
65141 -58.92 68.10 1.27e-19 0.92159
65138 -61.49 65.27 1.18e-19 0.91221
64838 67.39 50.87 9.78e-20 0.88352
64841 -37.82 55.26 1.11e-19 0.90393
64844 -34.24 57.52 1.21e-19 0.91594
64478 8.63 61.84 1.51e-19 0.92763
64481 15.00 62.00 1.51e-19 0.92694
64484 21.37 61.84 1.51e-19 0.92763
64487 27.59 61.35 1.49e-19 0.92914
64421 26.51 58.40 1.44e-19 0.93089
64424 32.00 57.66 1.41e-19 0.93053
64853 -20.33 63.41 1.44e-19 0.93086
64850 -25.56 61.63 1.38e-19 0.92943
64856 -14.43 64.97 1.49e-19 0.92916
63143 -74.98 69.92 1.19e-19 0.91375
64307 50.22 45.15 9.33e-20 0.87549
64298 38.62 49.77 1.16e-19 0.91067
64301 42.75 48.42 1.10e-19 0.90169
64304 46.62 46.88 1.02e-19 0.89019
64874 30.65 67.20 1.54e-19 0.91804
64868 15.00 68.00 1.55e-19 0.90862
64871 22.96 67.80 1.55e-19 0.91157
64877 37.85 66.25 1.52e-19 0.92459
64022 20.50 86.00 1.51e-19 0.92698
64025 20.50 84.00 1.53e-19 0.92260
64397 -16.66 53.94 1.24e-19 0.91952
64019 20.50 88.00 1.48e-19 0.92974
64394 -20.85 52.27 1.16e-19 0.91065
64388 -28.18 48.44 9.81e-20 0.88401
64391 -24.68 50.43 1.08e-19 0.89888
64214 32.11 45.05 1.04e-19 0.89292
64097 -154.30 89.50 1.43e-19 0.93088
64211 27.99 45.89 1.08e-19 0.89938
65219 -52.04 80.22 1.46e-19 0.93055
64217 -11.20 45.58 1.01e-19 0.88846
65222 -41.87 82.83 1.49e-19 0.92914
64427 37.23 56.66 1.37e-19 0.92897
64199 10.61 46.88 1.13e-19 0.90670
64202 15.00 47.00 1.14e-19 0.90744
64205 19.39 46.88 1.13e-19 0.90670
64976 -5.87 72.94 1.55e-19 0.90863
64973 -14.88 71.70 1.54e-19 0.91963
64970 -22.64 70.09 1.51e-19 0.92691
65450 -128.42 79.90 1.21e-19 0.91597
65453 -144.45 81.43 1.23e-19 0.91812
65162 15.00 83.00 1.54e-19 0.91963
63203 -31.27 65.14 1.41e-19 0.93046
65279 -71.91 77.98 1.37e-19 0.92894
65285 -66.36 83.93 1.44e-19 0.93087
65282 -69.91 80.96 1.41e-19 0.93052
65471 135.01 72.61 1.08e-19 0.89888
65468 140.04 75.29 1.13e-19 0.90664
65474 131.49 69.80 1.01e-19 0.88854
65477 -118.54 73.33 1.04e-19 0.89282
62993 15.00 -90.00 5.06e-20 0.05058
64940 54.30 65.88 1.46e-19 0.93064
65099 -1.81 79.57 1.55e-19 0.91157
65105 31.81 79.57 1.55e-19 0.91157
65102 15.00 80.00 1.55e-19 0.90862
64688 60.98 50.85 1.04e-19 0.89279
65405 -115.34 82.12 1.30e-19 0.92446
65402 -105.13 79.58 1.27e-19 0.92164
65399 -99.24 76.82 1.22e-19 0.91718
63269 -6.11 50.90 1.21e-19 0.91620
63275 -4.48 49.24 1.17e-19 0.91103
64037 20.50 76.00 1.54e-19 0.89094
64034 20.50 78.00 1.55e-19 0.90033
64028 20.50 82.00 1.54e-19 0.91662
64031 20.50 80.00 1.55e-19 0.90913
64916 -10.90 69.01 1.54e-19 0.92108
64793 -11.53 62.26 1.46e-19 0.93058
64790 -17.07 60.82 1.41e-19 0.93049
64910 -24.30 65.88 1.46e-19 0.93064
64913 -18.05 67.59 1.50e-19 0.92760
64796 -5.47 63.42 1.50e-19 0.92821
65144 -55.70 70.89 1.34e-19 0.92771
64430 42.12 55.41 1.31e-19 0.92546
64433 46.66 53.94 1.24e-19 0.91952
64349 20.35 55.86 1.39e-19 0.93014
64352 25.62 55.44 1.38e-19 0.92942
64355 30.72 54.74 1.34e-19 0.92761
63383 65.50 62.76 1.33e-19 0.92672
63113 -138.30 76.00 1.06e-19 0.89705
64436 50.85 52.27 1.16e-19 0.91065
64334 -5.61 53.80 1.30e-19 0.92460
65504 -141.78 74.62 1.01e-19 0.88843
64331 -10.23 52.61 1.24e-19 0.91940
64328 -14.55 51.21 1.18e-19 0.91199
64169 15.00 41.00 9.27e-20 0.87441
64172 18.97 40.88 9.21e-20 0.87324
64175 6.71 43.52 1.01e-19 0.88866
64337 -0.72 54.74 1.34e-19 0.92761
64814 35.47 63.42 1.50e-19 0.92821
65147 -51.53 73.61 1.41e-19 0.93056
65249 96.90 68.78 1.22e-19 0.91720
64085 20.50 46.00 1.10e-19 0.90238
65336 -84.03 71.77 1.18e-19 0.91203
65252 98.64 65.84 1.13e-19 0.90660
65255 100.10 62.89 1.04e-19 0.89277
65330 -83.40 65.72 1.01e-19 0.88852
65333 -83.60 68.75 1.10e-19 0.90176
64418 20.81 58.85 1.46e-19 0.93067
64133 -154.30 79.50 1.16e-19 0.91004
65186 91.49 65.27 1.18e-19 0.91221
64136 -154.30 78.50 1.13e-19 0.90575
65183 88.92 68.10 1.27e-19 0.92159
65180 85.70 70.89 1.34e-19 0.92771
65192 95.42 59.53 9.78e-20 0.88332
65414 164.13 84.15 1.32e-19 0.92600
65432 121.61 68.04 1.02e-19 0.89008
65435 120.51 65.03 9.33e-20 0.87547
63263 -7.85 52.53 1.25e-19 0.92039
65429 123.21 71.02 1.10e-19 0.90183
65408 -134.13 84.15 1.32e-19 0.92600
63317 110.50 70.00 1.15e-19 0.90921
63311 115.98 69.92 1.11e-19 0.90405
65009 76.59 58.92 1.14e-19 0.90732
65015 -48.69 63.02 1.23e-19 0.91813
65012 -51.77 60.39 1.13e-19 0.90652
65528 -165.00 70.00 8.18e-20 0.85295
65531 -165.00 67.00 7.10e-20 0.82844
63413 52.73 55.69 1.25e-19 0.92023
64955 -46.59 58.92 1.14e-19 0.90732
64949 68.43 59.57 1.23e-19 0.91798
65111 57.58 76.63 1.52e-19 0.92456
65168 55.98 80.83 1.52e-19 0.92456
65108 46.27 78.38 1.54e-19 0.91806
65114 66.13 74.51 1.49e-19 0.92913
65117 72.61 72.15 1.44e-19 0.93086
64862 -0.65 67.20 1.54e-19 0.91804
64835 64.18 53.14 1.08e-19 0.89958
65456 -165.00 82.00 1.24e-19 0.91872
64469 -9.17 59.48 1.42e-19 0.93074
64475 2.41 61.35 1.49e-19 0.92914
64472 -3.56 60.56 1.46e-19 0.93058
65513 -177.19 75.64 1.03e-19 0.89150
65510 -165.00 76.00 1.03e-19 0.89263
65516 171.78 74.62 1.01e-19 0.88843
64451 -34.20 48.66 9.35e-20 0.87577
64454 -30.98 50.85 1.04e-19 0.89279
63905 -159.50 78.00 1.11e-19 0.90304
64289 24.88 52.47 1.30e-19 0.92450
64295 34.25 50.90 1.22e-19 0.91707
64292 29.66 51.81 1.27e-19 0.92165
64883 50.33 63.41 1.44e-19 0.93086
64880 44.43 64.97 1.49e-19 0.92916
65498 156.21 75.54 1.08e-19 0.89948
63584 -159.50 72.00 8.92e-20 0.86789
64886 55.56 61.63 1.38e-19 0.92943
64406 -2.00 57.66 1.41e-19 0.93053
65378 113.40 65.72 1.01e-19 0.88852
64403 -7.23 56.66 1.37e-19 0.92897
64400 -12.12 55.41 1.31e-19 0.92546
64223 -3.10 47.99 1.13e-19 0.90671
64220 -7.26 46.89 1.08e-19 0.89878
64118 -154.30 82.50 1.25e-19 0.92052
64121 -154.30 81.50 1.22e-19 0.91742
64226 1.25 48.86 1.18e-19 0.91233
64124 -154.30 80.50 1.19e-19 0.91393
63161 -58.62 69.66 1.30e-19 0.92461
