65006 73.24 61.42 1.15e-19 0.81857
65000 64.69 66.09 1.30e-19 0.80472
65003 69.32 63.82 1.23e-19 0.81042
63197 -35.09 66.19 1.30e-19 0.80477
64142 -154.30 75.50 9.54e-20 0.84476
63191 -39.22 67.15 1.29e-19 0.80554
65213 -57.99 77.44 1.32e-19 0.80352
65210 -61.92 74.59 1.26e-19 0.80707
65294 86.94 86.84 1.35e-19 0.80174
65291 15.00 89.00 1.36e-19 0.80151
65288 -56.94 86.84 1.35e-19 0.80174
65075 -57.47 61.57 1.03e-19 0.83257
62987 15.00 -74.00 4.11e-20 0.04111
65072 81.77 60.39 1.05e-19 0.83009
65486 -149.69 78.56 1.05e-19 0.83005
65069 78.69 63.02 1.14e-19 0.81933
65420 135.13 79.58 1.17e-19 0.81565
62981 15.00 -90.00 7.04e-20 0.07037
65483 -136.50 77.35 1.04e-19 0.83264
65156 -25.98 80.83 1.42e-19 0.80092
65426 125.59 73.95 1.08e-19 0.82638
65480 -126.21 75.54 1.01e-19 0.83667
63281 -2.95 47.55 1.04e-19 0.83174
63287 -1.51 45.84 9.94e-20 0.83866
65150 -45.89 76.23 1.36e-19 0.80155
65390 -91.61 68.04 9.52e-20 0.84519
63227 -18.77 60.10 1.28e-19 0.80578
65393 -93.21 71.02 1.02e-19 0.83472
65396 -95.59 73.95 1.08e-19 0.82638
63221 -21.51 61.46 1.29e-19 0.80495
63443 45.48 49.24 1.03e-19 0.83338
64046 20.50 70.00 1.47e-19 0.80917
64082 20.50 48.00 1.08e-19 0.82589
64043 20.50 72.00 1.47e-19 0.81342
64040 20.50 74.00 1.46e-19 0.81635
64781 -30.59 55.29 1.09e-19 0.82481
64778 -34.18 53.14 1.01e-19 0.83676
64784 -26.57 57.31 1.17e-19 0.81563
64079 20.50 50.00 1.14e-19 0.81895
64787 -22.08 59.16 1.24e-19 0.80873
64919 -2.88 70.09 1.46e-19 0.80484
64925 15.00 71.00 1.47e-19 0.81230
64922 5.86 70.77 1.47e-19 0.80938
64439 54.68 50.43 1.00e-19 0.83727
64445 61.37 46.31 8.30e-20 0.86738
64442 58.18 48.44 9.18e-20 0.85092
63119 -95.35 67.98 9.27e-20 0.84924
63125 -90.61 68.69 9.75e-20 0.84158
63377 68.74 63.99 1.23e-19 0.80976
64544 53.49 54.84 1.13e-19 0.82007
64187 23.29 43.52 9.43e-20 0.84667
64325 -18.58 49.61 1.02e-19 0.83461
63776 -159.50 74.00 9.04e-20 0.85337
64181 15.00 44.00 9.66e-20 0.84292
64178 10.84 43.88 9.60e-20 0.84386
64184 19.16 43.88 9.60e-20 0.84386
64013 -159.50 88.00 1.30e-19 0.80475
64250 37.26 46.89 1.00e-19 0.83719
64253 41.20 45.58 9.43e-20 0.84649
64073 20.50 54.00 1.25e-19 0.80852
64070 20.50 56.00 1.29e-19 0.80496
65246 94.74 71.70 1.20e-19 0.81255
65492 179.69 78.56 1.05e-19 0.83005
65243 91.92 74.59 1.26e-19 0.80707
65495 166.50 77.35 1.04e-19 0.83264
64076 20.50 52.00 1.20e-19 0.81317
65240 87.99 77.44 1.32e-19 0.80352
64208 23.74 46.51 1.04e-19 0.83266
64457 -27.42 52.92 1.05e-19 0.83011
65177 81.53 73.61 1.31e-19 0.80419
64166 11.03 40.88 8.65e-20 0.86045
64163 15.00 38.00 7.74e-20 0.87920
65171 67.87 78.68 1.39e-19 0.80063
64094 20.50 40.00 8.35e-20 0.86629
65174 75.89 76.23 1.36e-19 0.80155
64160 15.00 35.00 6.78e-20 0.90251
65387 -90.51 65.03 8.76e-20 0.85832
63257 -9.72 54.13 1.19e-19 0.81351
65297 96.36 83.93 1.33e-19 0.80252
63251 -11.73 55.69 1.22e-19 0.81078
65381 113.36 62.69 8.60e-20 0.86142
65384 113.42 59.64 7.74e-20 0.87928
65357 139.00 86.38 1.29e-19 0.80515
65348 -94.24 83.64 1.27e-19 0.80642
65351 -109.00 86.38 1.29e-19 0.80515
64091 20.50 42.00 8.99e-20 0.85417
65354 -165.00 88.00 1.30e-19 0.80476
63179 -48.39 68.69 1.25e-19 0.80806
63185 -43.65 67.98 1.27e-19 0.80657
63323 105.02 69.92 1.10e-19 0.82363
65342 -86.22 77.76 1.20e-19 0.81249
65345 -88.82 80.73 1.24e-19 0.80881
65339 -84.82 74.77 1.15e-19 0.81785
65045 15.00 77.00 1.47e-19 0.81230
65042 1.88 76.67 1.47e-19 0.80938
65039 -10.07 75.72 1.46e-19 0.80485
63407 54.89 57.20 1.18e-19 0.81466
65423 129.24 76.82 1.13e-19 0.82013
64823 52.08 59.16 1.24e-19 0.80873
65489 -165.00 79.00 1.06e-19 0.82937
64820 47.07 60.82 1.31e-19 0.80413
64967 -29.19 68.20 1.36e-19 0.80148
64964 -34.69 66.09 1.30e-19 0.80472
63401 57.23 58.68 1.20e-19 0.81290
63095 40.40 47.00 9.90e-20 0.83907
64961 -39.32 63.82 1.23e-19 0.81042
64958 -43.24 61.42 1.15e-19 0.81857
64826 56.57 57.31 1.17e-19 0.81563
65063 70.62 68.01 1.29e-19 0.80515
65126 84.80 64.32 1.12e-19 0.82135
65060 65.21 70.32 1.35e-19 0.80176
65123 81.58 67.01 1.20e-19 0.81263
65066 75.03 65.56 1.22e-19 0.81093
65120 77.61 69.63 1.27e-19 0.80643
64592 57.42 52.92 1.05e-19 0.83011
64499 49.14 56.59 1.20e-19 0.81247
65519 -154.87 72.69 8.65e-20 0.86033
65522 -165.00 73.00 8.70e-20 0.85944
65525 -175.13 72.69 8.65e-20 0.86033
63293 -0.15 44.10 9.44e-20 0.84648
64055 20.50 64.00 1.43e-19 0.80125
64052 20.50 66.00 1.45e-19 0.80290
64466 -14.37 58.15 1.26e-19 0.80708
64049 20.50 68.00 1.46e-19 0.80556
64463 -19.14 56.59 1.20e-19 0.81247
64460 -23.49 54.84 1.13e-19 0.82007
64889 60.17 59.65 1.20e-19 0.81267
64895 67.82 55.26 1.03e-19 0.83250
64892 64.24 57.52 1.12e-19 0.82130
65225 -22.03 85.01 1.40e-19 0.80064
64376 58.87 43.83 7.74e-20 0.87929
64004 -159.50 82.00 1.15e-19 0.81851
64370 52.30 47.83 9.43e-20 0.84643
64007 -159.50 84.00 1.20e-19 0.81281
64373 55.72 45.90 8.60e-20 0.86128
64229 5.74 49.49 1.12e-19 0.82134
64235 15.00 50.00 1.15e-19 0.81859
64232 10.34 49.87 1.14e-19 0.81923
64109 -154.30 85.50 1.24e-19 0.80918
64115 -154.30 83.50 1.19e-19 0.81397
64112 -154.30 84.50 1.21e-19 0.81144
63809 -159.50 76.00 9.67e-20 0.84274
64283 15.00 53.00 1.23e-19 0.81043
64280 10.03 52.87 1.22e-19 0.81104
64286 19.97 52.87 1.22e-19 0.81104
65312 105.25 69.00 1.08e-19 0.82636
65315 106.03 66.00 1.00e-19 0.83734
65309 104.36 72.00 1.15e-19 0.81789
65306 103.29 74.99 1.21e-19 0.81151
65198 -70.10 62.89 9.67e-20 0.84260
65201 -68.64 65.84 1.05e-19 0.83006
65204 -66.90 68.78 1.13e-19 0.82015
65207 -64.74 71.70 1.20e-19 0.81255
65300 99.91 80.96 1.31e-19 0.80417
65303 101.91 77.98 1.26e-19 0.80707
65078 -54.80 64.32 1.12e-19 0.82135
65081 -51.58 67.01 1.20e-19 0.81263
65411 -165.00 85.00 1.23e-19 0.81043
65084 -47.61 69.63 1.27e-19 0.80643
65087 -42.61 72.15 1.33e-19 0.80252
64859 -7.85 66.25 1.42e-19 0.80095
64865 7.04 67.80 1.46e-19 0.80485
65417 145.34 82.12 1.20e-19 0.81269
63329 99.62 69.66 1.13e-19 0.82000
63335 94.39 69.25 1.16e-19 0.81712
63449 43.95 47.55 9.88e-20 0.83941
63455 42.51 45.84 9.44e-20 0.84654
64994 52.64 70.09 1.41e-19 0.80060
64988 35.87 72.94 1.46e-19 0.80599
64991 44.88 71.70 1.44e-19 0.80212
63215 -24.50 62.76 1.30e-19 0.80446
65153 -37.87 78.68 1.39e-19 0.80063
64997 59.19 68.20 1.36e-19 0.80148
63209 -27.74 63.99 1.30e-19 0.80431
64934 40.90 69.01 1.44e-19 0.80169
64016 14.04 90.00 1.34e-19 0.80233
64931 32.88 70.09 1.46e-19 0.80484
63431 48.85 52.53 1.10e-19 0.82380
64928 24.14 70.77 1.47e-19 0.80938
64010 -159.50 86.00 1.25e-19 0.80823
63473 -159.50 70.00 7.75e-20 0.87889
64937 48.05 67.59 1.40e-19 0.80061
63437 47.11 50.90 1.07e-19 0.82818
65132 -65.42 59.53 9.15e-20 0.85127
65135 -63.62 62.41 1.01e-19 0.83660
65129 87.47 61.57 1.03e-19 0.83257
64772 64.20 48.66 8.77e-20 0.85811
64775 -37.39 50.87 9.15e-20 0.85146
64415 15.00 59.00 1.36e-19 0.80151
64412 9.19 58.85 1.35e-19 0.80175
64409 3.49 58.40 1.33e-19 0.80254
63137 -80.38 69.66 1.06e-19 0.82858
63131 -85.61 69.25 1.02e-19 0.83460
64316 -22.30 47.83 9.43e-20 0.84643
64313 -25.72 45.90 8.60e-20 0.86128
64310 -28.87 43.83 7.74e-20 0.87929
63155 -64.02 69.92 1.17e-19 0.81551
63149 -69.50 70.00 1.14e-19 0.81913
64259 -20.22 45.15 8.76e-20 0.85833
64265 -12.75 48.42 1.02e-19 0.83460
64262 -16.62 46.88 9.52e-20 0.84529
65327 -83.36 62.69 8.60e-20 0.86142
57281 15.00 -74.00 4.11e-20 0.04111
64100 -154.30 88.50 1.31e-19 0.80402
64103 -154.30 87.50 1.29e-19 0.80547
65237 82.04 80.22 1.36e-19 0.80156
65234 71.87 82.83 1.38e-19 0.80076
64106 -154.30 86.50 1.26e-19 0.80719
65231 52.03 85.01 1.40e-19 0.80064
65228 15.00 86.00 1.41e-19 0.80063
65267 -76.03 66.00 1.00e-19 0.83734
64088 20.50 44.00 9.62e-20 0.84344
64193 2.01 45.89 1.01e-19 0.83659
64190 -2.11 45.05 9.67e-20 0.84274
64157 -154.30 77.50 1.02e-19 0.83522
64154 -154.30 71.50 8.27e-20 0.86789
64151 -154.30 72.50 8.59e-20 0.86157
64148 -154.30 73.50 8.91e-20 0.85562
64196 6.26 46.51 1.04e-19 0.83266
64982 15.00 74.00 1.46e-19 0.82114
64985 25.77 73.73 1.47e-19 0.81230
65369 114.82 74.77 1.15e-19 0.81785
64979 4.23 73.73 1.47e-19 0.81230
65375 113.60 68.75 1.02e-19 0.83466
65372 114.03 71.77 1.09e-19 0.82523
65366 116.22 77.76 1.20e-19 0.81249
65360 124.24 83.64 1.27e-19 0.80642
65363 118.82 80.73 1.24e-19 0.80881
65459 174.45 81.43 1.14e-19 0.81932
65462 158.42 79.90 1.12e-19 0.82132
65465 147.41 77.77 1.09e-19 0.82490
63173 -53.39 69.25 1.23e-19 0.80995
65036 -20.23 74.26 1.44e-19 0.80170
65270 -75.25 69.00 1.08e-19 0.82636
65273 -74.36 72.00 1.15e-19 0.81789
64952 71.94 57.20 1.05e-19 0.83013
65276 -73.29 74.99 1.21e-19 0.81151
65030 -35.21 70.32 1.35e-19 0.80176
65033 -28.52 72.43 1.40e-19 0.80063
64808 22.07 64.82 1.44e-19 0.80171
64811 28.94 64.29 1.42e-19 0.80095
65501 148.54 73.33 9.67e-20 0.84265
63353 80.22 67.15 1.21e-19 0.81155
64817 41.53 62.26 1.36e-19 0.80160
63005 15.00 -90.00 7.04e-20 0.07037
63389 62.51 61.46 1.22e-19 0.81047
62999 15.00 -74.00 4.11e-20 0.04111
63395 59.77 60.10 1.21e-19 0.81145
65507 -152.81 75.64 9.60e-20 0.84372
65054 50.23 74.26 1.44e-19 0.80170
65096 -16.27 78.38 1.44e-19 0.80260
65051 40.07 75.72 1.46e-19 0.80485
65048 28.12 76.67 1.47e-19 0.80938
65090 -36.13 74.51 1.38e-19 0.80075
65093 -27.58 76.63 1.42e-19 0.80092
65057 58.52 72.43 1.40e-19 0.80063
64496 44.37 58.15 1.26e-19 0.80708
64490 33.56 60.56 1.36e-19 0.80159
64493 39.17 59.48 1.32e-19 0.80351
63017 15.00 -90.00 7.04e-20 0.07037
63305 121.38 69.66 9.96e-20 0.83812
63011 15.00 -74.00 4.11e-20 0.04111
63299 126.61 69.25 9.55e-20 0.84464
64058 20.50 62.00 1.40e-19 0.80062
64061 20.50 60.00 1.37e-19 0.80102
64067 20.50 58.00 1.34e-19 0.80246
64802 7.93 64.82 1.44e-19 0.80171
64805 15.00 65.00 1.44e-19 0.80212
64799 1.06 64.29 1.42e-19 0.80095
64907 -29.72 63.95 1.29e-19 0.80517
64904 -34.39 61.83 1.22e-19 0.81094
64898 -41.94 57.20 1.05e-19 0.83013
64901 -38.43 59.57 1.14e-19 0.81920
64829 60.59 55.29 1.09e-19 0.82481
64379 -31.37 46.31 8.30e-20 0.86738
64367 48.58 49.61 1.02e-19 0.83461
64364 44.55 51.21 1.09e-19 0.82520
64361 40.23 52.61 1.15e-19 0.81785
64358 35.61 53.80 1.20e-19 0.81258
63371 72.27 65.14 1.23e-19 0.80997
63101 -146.50 74.10 9.19e-20 0.85065
63107 41.70 76.00 1.46e-19 0.80425
63968 -159.50 80.00 1.09e-19 0.82537
64343 9.65 55.86 1.29e-19 0.80518
63365 76.09 66.19 1.22e-19 0.81048
64247 33.10 47.99 1.05e-19 0.83015
64340 4.38 55.44 1.27e-19 0.80649
64244 28.75 48.86 1.09e-19 0.82493
64238 19.66 49.87 1.14e-19 0.81923
64346 15.00 56.00 1.30e-19 0.80476
64241 24.26 49.49 1.12e-19 0.82134
64268 -8.62 49.77 1.08e-19 0.82638
64271 -4.25 50.90 1.13e-19 0.82003
64274 0.34 51.81 1.17e-19 0.81566
64277 5.12 52.47 1.20e-19 0.81273
65264 -76.74 62.99 9.18e-20 0.85091
65261 -77.40 59.97 8.30e-20 0.86737
65258 101.35 59.93 8.77e-20 0.85810
65324 -83.42 59.64 7.74e-20 0.87928
65321 107.40 59.97 8.30e-20 0.86737
65318 106.74 62.99 9.18e-20 0.85091
64145 -154.30 74.50 9.23e-20 0.85002
65189 93.62 62.41 1.01e-19 0.83660
65195 -71.35 59.93 8.77e-20 0.85810
64139 -154.30 76.50 9.86e-20 0.83983
65441 -105.01 72.61 1.00e-19 0.83728
65438 -101.49 69.80 9.43e-20 0.84656
65444 -110.04 75.29 1.05e-19 0.83009
65447 -117.41 77.77 1.09e-19 0.82490
63341 89.39 68.69 1.18e-19 0.81480
63347 84.65 67.98 1.20e-19 0.81292
65018 -45.03 65.56 1.22e-19 0.81093
65027 -40.62 68.01 1.29e-19 0.80515
65159 -8.31 82.40 1.44e-19 0.80170
63239 -16.23 58.68 1.27e-19 0.80701
63245 -13.89 57.20 1.25e-19 0.80853
65165 38.31 82.40 1.44e-19 0.80170
63419 50.72 54.13 1.13e-19 0.82020
64943 59.72 63.95 1.29e-19 0.80517
64946 64.39 61.83 1.22e-19 0.81094
64847 -30.17 59.65 1.20e-19 0.81267
65141 -58.92 68.10 1.17e-19 0.81561
65138 -61.49 65.27 1.09e-19 0.82483
64838 67.39 50.87 9.15e-20 0.85146
64841 -37.82 55.26 1.03e-19 0.83250
64844 -34.24 57.52 1.12e-19 0.82130
64478 8.63 61.84 1.40e-19 0.80064
64481 15.00 62.00 1.41e-19 0.80063
64484 21.37 61.84 1.40e-19 0.80064
64487 27.59 61.35 1.38e-19 0.80077
64421 26.51 58.40 1.33e-19 0.80254
64424 32.00 57.66 1.31e-19 0.80417
64853 -20.33 63.41 1.33e-19 0.80251
64850 -25.56 61.63 1.27e-19 0.80650
64856 -14.43 64.97 1.38e-19 0.80079
63143 -74.98 69.92 1.10e-19 0.82360
64307 50.22 45.15 8.76e-20 0.85833
64298 38.62 49.77 1.08e-19 0.82638
64301 42.75 48.42 1.02e-19 0.83460
64304 46.62 46.88 9.52e-20 0.84529
64874 30.65 67.20 1.44e-19 0.80258
64868 15.00 68.00 1.46e-19 0.80599
64871 22.96 67.80 1.46e-19 0.80485
64877 37.85 66.25 1.42e-19 0.80095
64022 20.50 86.00 1.41e-19 0.80063
64025 20.50 84.00 1.43e-19 0.80133
64397 -16.66 53.94 1.15e-19 0.81795
64019 20.50 88.00 1.37e-19 0.80096
64394 -20.85 52.27 1.08e-19 0.82636
64388 -28.18 48.44 9.18e-20 0.85092
64391 -24.68 50.43 1.00e-19 0.83727
64214 32.11 45.05 9.67e-20 0.84274
64097 -154.30 89.50 1.33e-19 0.80283
64211 27.99 45.89 1.01e-19 0.83659
65219 -52.04 80.22 1.36e-19 0.80156
64217 -11.20 45.58 9.43e-20 0.84649
65222 -41.87 82.83 1.38e-19 0.80076
64427 37.23 56.66 1.27e-19 0.80710
64199 10.61 46.88 1.05e-19 0.83025
64202 15.00 47.00 1.06e-19 0.82937
64205 19.39 46.88 1.05e-19 0.83025
64976 -5.87 72.94 1.46e-19 0.80599
64973 -14.88 71.70 1.44e-19 0.80212
64970 -22.64 70.09 1.41e-19 0.80060
65450 -128.42 79.90 1.12e-19 0.82132
65453 -144.45 81.43 1.14e-19 0.81932
65162 15.00 83.00 1.44e-19 0.80212
63203 -31.27 65.14 1.30e-19 0.80443
65279 -71.91 77.98 1.26e-19 0.80707
65285 -66.36 83.93 1.33e-19 0.80252
65282 -69.91 80.96 1.31e-19 0.80417
65471 135.01 72.61 1.00e-19 0.83728
65468 140.04 75.29 1.05e-19 0.83009
65474 131.49 69.80 9.43e-20 0.84656
65477 -118.54 73.33 9.67e-20 0.84265
62993 15.00 -90.00 7.04e-20 0.07037
64940 54.30 65.88 1.35e-19 0.80172
65099 -1.81 79.57 1.46e-19 0.80485
65105 31.81 79.57 1.46e-19 0.80485
65102 15.00 80.00 1.46e-19 0.80599
64688 60.98 50.85 9.67e-20 0.84262
65405 -115.34 82.12 1.20e-19 0.81269
65402 -105.13 79.58 1.17e-19 0.81565
65399 -99.24 76.82 1.13e-19 0.82013
63269 -6.11 50.90 1.12e-19 0.82097
63275 -4.48 49.24 1.08e-19 0.82593
64037 20.50 76.00 1.47e-19 0.81372
64034 20.50 78.00 1.47e-19 0.80945
64028 20.50 82.00 1.45e-19 0.80306
64031 20.50 80.00 1.46e-19 0.80579
64916 -10.90 69.01 1.44e-19 0.80169
64793 -11.53 62.26 1.36e-19 0.80160
64790 -17.07 60.82 1.31e-19 0.80413
64910 -24.30 65.88 1.35e-19 0.80172
64913 -18.05 67.59 1.40e-19 0.80061
64796 -5.47 63.42 1.39e-19 0.80061
65144 -55.70 70.89 1.24e-19 0.80884
64430 42.12 55.41 1.21e-19 0.81158
64433 46.66 53.94 1.15e-19 0.81795
64349 20.35 55.86 1.29e-19 0.80518
64352 25.62 55.44 1.27e-19 0.80649
64355 30.72 54.74 1.24e-19 0.80875
63383 65.50 62.76 1.23e-19 0.80989
63113 -138.30 76.00 9.92e-20 0.83890
64436 50.85 52.27 1.08e-19 0.82636
64334 -5.61 53.80 1.20e-19 0.81258
65504 -141.78 74.62 9.43e-20 0.84646
64331 -10.23 52.61 1.15e-19 0.81785
64328 -14.55 51.21 1.09e-19 0.82520
64169 15.00 41.00 8.70e-20 0.85944
64172 18.97 40.88 8.65e-20 0.86045
64175 6.71 43.52 9.43e-20 0.84667
64337 -0.72 54.74 1.24e-19 0.80875
64814 35.47 63.42 1.39e-19 0.80061
65147 -51.53 73.61 1.31e-19 0.80419
65249 96.90 68.78 1.13e-19 0.82015
64085 20.50 46.00 1.02e-19 0.83404
65336 -84.03 71.77 1.09e-19 0.82523
65252 98.64 65.84 1.05e-19 0.83006
65255 100.10 62.89 9.67e-20 0.84260
65330 -83.40 65.72 9.43e-20 0.84654
65333 -83.60 68.75 1.02e-19 0.83466
64418 20.81 58.85 1.35e-19 0.80175
64133 -154.30 79.50 1.08e-19 0.82695
65186 91.49 65.27 1.09e-19 0.82483
64136 -154.30 78.50 1.05e-19 0.83093
65183 88.92 68.10 1.17e-19 0.81561
65180 85.70 70.89 1.24e-19 0.80884
65192 95.42 59.53 9.15e-20 0.85127
65414 164.13 84.15 1.22e-19 0.81105
65432 121.61 68.04 9.52e-20 0.84519
65435 120.51 65.03 8.76e-20 0.85832
63263 -7.85 52.53 1.16e-19 0.81685
65429 123.21 71.02 1.02e-19 0.83472
65408 -134.13 84.15 1.22e-19 0.81105
63317 110.50 70.00 1.07e-19 0.82772
63311 115.98 69.92 1.03e-19 0.83269
65009 76.59 58.92 1.06e-19 0.82926
65015 -48.69 63.02 1.14e-19 0.81933
65012 -51.77 60.39 1.05e-19 0.83009
65528 -165.00 70.00 7.74e-20 0.87920
65531 -165.00 67.00 6.78e-20 0.90251
63413 52.73 55.69 1.16e-19 0.81719
64955 -46.59 58.92 1.06e-19 0.82926
64949 68.43 59.57 1.14e-19 0.81920
65111 57.58 76.63 1.42e-19 0.80092
65168 55.98 80.83 1.42e-19 0.80092
65108 46.27 78.38 1.44e-19 0.80260
65114 66.13 74.51 1.38e-19 0.80075
65117 72.61 72.15 1.33e-19 0.80252
64862 -0.65 67.20 1.44e-19 0.80258
64835 64.18 53.14 1.01e-19 0.83676
65456 -165.00 82.00 1.15e-19 0.81859
64469 -9.17 59.48 1.32e-19 0.80351
64475 2.41 61.35 1.38e-19 0.80077
64472 -3.56 60.56 1.36e-19 0.80159
65513 -177.19 75.64 9.60e-20 0.84372
65510 -165.00 76.00 9.66e-20 0.84292
65516 171.78 74.62 9.43e-20 0.84646
64451 -34.20 48.66 8.77e-20 0.85811
64454 -30.98 50.85 9.67e-20 0.84262
63905 -159.50 78.00 1.03e-19 0.83343
64289 24.88 52.47 1.20e-19 0.81273
64295 34.25 50.90 1.13e-19 0.82003
64292 29.66 51.81 1.17e-19 0.81566
64883 50.33 63.41 1.33e-19 0.80251
64880 44.43 64.97 1.38e-19 0.80079
65498 156.21 75.54 1.01e-19 0.83667
63584 -159.50 72.00 8.39e-20 0.86540
64886 55.56 61.63 1.27e-19 0.80650
64406 -2.00 57.66 1.31e-19 0.80417
65378 113.40 65.72 9.43e-20 0.84654
64403 -7.23 56.66 1.27e-19 0.80710
64400 -12.12 55.41 1.21e-19 0.81158
64223 -3.10 47.99 1.05e-19 0.83015
64220 -7.26 46.89 1.00e-19 0.83719
64118 -154.30 82.50 1.16e-19 0.81678
64121 -154.30 81.50 1.13e-19 0.81988
64226 1.25 48.86 1.09e-19 0.82493
64124 -154.30 80.50 1.11e-19 0.82327
63161 -58.62 69.66 1.20e-19 0.81238
