65006 73.24 61.42 1.36e-19 1.01322
65000 64.69 66.09 1.63e-19 1.08133
65003 69.32 63.82 1.51e-19 1.05400
63197 -35.09 66.19 1.63e-19 1.08107
64142 -154.30 75.50 1.02e-19 0.88950
63191 -39.22 67.15 1.61e-19 1.07797
65213 -57.99 77.44 1.66e-19 1.08684
65210 -61.92 74.59 1.58e-19 1.07043
65294 86.94 86.84 1.71e-19 1.09379
65291 15.00 89.00 1.72e-19 1.09444
65288 -56.94 86.84 1.71e-19 1.09379
65075 -57.47 61.57 1.16e-19 0.94542
62987 15.00 -74.00 1.83e-20 0.01827
65072 81.77 60.39 1.20e-19 0.95667
65486 -149.69 78.56 1.20e-19 0.95660
65069 78.69 63.02 1.35e-19 1.01006
65420 135.13 79.58 1.41e-19 1.02801
62981 15.00 -90.00 7.65e-20 0.07646
65483 -136.50 77.35 1.16e-19 0.94553
65156 -25.98 80.83 1.79e-19 1.08801
65426 125.59 73.95 1.25e-19 0.97506
65480 -126.21 75.54 1.11e-19 0.92610
63281 -2.95 47.55 1.17e-19 0.94883
63287 -1.51 45.84 1.09e-19 0.91744
65150 -45.89 76.23 1.72e-19 1.09426
65390 -91.61 68.04 1.02e-19 0.88748
63227 -18.77 60.10 1.60e-19 1.07673
65393 -93.21 71.02 1.14e-19 0.93582
65396 -95.59 73.95 1.25e-19 0.97506
63221 -21.51 61.46 1.62e-19 1.08041
63443 45.48 49.24 1.15e-19 0.94123
64046 20.50 70.00 1.76e-19 1.02267
64082 20.50 48.00 1.25e-19 0.97732
64043 20.50 72.00 1.72e-19 0.99414
64040 20.50 74.00 1.69e-19 0.97541
64781 -30.59 55.29 1.27e-19 0.98224
64778 -34.18 53.14 1.11e-19 0.92626
64784 -26.57 57.31 1.41e-19 1.02798
64079 20.50 50.00 1.36e-19 1.01145
64787 -22.08 59.16 1.54e-19 1.06186
64919 -2.88 70.09 1.79e-19 1.05394
64925 15.00 71.00 1.73e-19 1.00152
64922 5.86 70.77 1.76e-19 1.02120
64439 54.68 50.43 1.11e-19 0.92349
64445 61.37 46.31 8.09e-20 0.79513
64442 58.18 48.44 9.58e-20 0.86317
63119 -95.35 67.98 9.74e-20 0.86978
63125 -90.61 68.69 1.06e-19 0.90438
63377 68.74 63.99 1.52e-19 1.05728
64544 53.49 54.84 1.34e-19 1.00555
64187 23.29 43.52 1.00e-19 0.88154
64325 -18.58 49.61 1.14e-19 0.93562
63776 -159.50 74.00 9.33e-20 0.85213
64181 15.00 44.00 1.04e-19 0.89772
64178 10.84 43.88 1.03e-19 0.89371
64184 19.16 43.88 1.03e-19 0.89371
64013 -159.50 88.00 1.63e-19 1.08146
64250 37.26 46.89 1.11e-19 0.92335
64253 41.20 45.58 1.00e-19 0.88123
64073 20.50 54.00 1.55e-19 1.06344
64070 20.50 56.00 1.62e-19 1.08050
65246 94.74 71.70 1.47e-19 1.04361
65492 179.69 78.56 1.20e-19 0.95660
65243 91.92 74.59 1.58e-19 1.07043
65495 166.50 77.35 1.16e-19 0.94553
64076 20.50 52.00 1.46e-19 1.04031
65240 87.99 77.44 1.66e-19 1.08684
64208 23.74 46.51 1.16e-19 0.94558
64457 -27.42 52.92 1.20e-19 0.95706
65177 81.53 73.61 1.64e-19 1.08397
64166 11.03 40.88 8.67e-20 0.82255
64163 15.00 38.00 7.19e-20 0.75021
65171 67.87 78.68 1.77e-19 1.09456
64094 20.50 40.00 8.18e-20 0.79930
65174 75.89 76.23 1.72e-19 1.09426
64160 15.00 35.00 5.74e-20 0.67018
65387 -90.51 65.03 8.86e-20 0.83101
63257 -9.72 54.13 1.45e-19 1.03888
65297 96.36 83.93 1.69e-19 1.09095
63251 -11.73 55.69 1.50e-19 1.05258
65381 113.36 62.69 8.60e-20 0.81927
65384 113.42 59.64 7.19e-20 0.75033
65357 139.00 86.38 1.62e-19 1.07953
65348 -94.24 83.64 1.59e-19 1.07345
65351 -109.00 86.38 1.62e-19 1.07953
64091 20.50 42.00 9.25e-20 0.84878
65354 -165.00 88.00 1.63e-19 1.08140
63179 -48.39 68.69 1.56e-19 1.06590
63185 -43.65 67.98 1.59e-19 1.07293
63323 105.02 69.92 1.29e-19 0.98887
65342 -86.22 77.76 1.47e-19 1.04349
65345 -88.82 80.73 1.54e-19 1.06200
65339 -84.82 74.77 1.38e-19 1.01675
65045 15.00 77.00 1.73e-19 1.00152
65042 1.88 76.67 1.76e-19 1.02123
65039 -10.07 75.72 1.79e-19 1.05392
63407 54.89 57.20 1.43e-19 1.03248
65423 129.24 76.82 1.34e-19 1.00567
64823 52.08 59.16 1.54e-19 1.06186
65489 -165.00 79.00 1.21e-19 0.96056
64820 47.07 60.82 1.64e-19 1.08386
64967 -29.19 68.20 1.72e-19 1.09440
64964 -34.69 66.09 1.63e-19 1.08133
63401 57.23 58.68 1.46e-19 1.04211
63095 40.40 47.00 1.08e-19 0.91513
64961 -39.32 63.82 1.51e-19 1.05400
64958 -43.24 61.42 1.36e-19 1.01322
64826 56.57 57.31 1.41e-19 1.02798
65063 70.62 68.01 1.62e-19 1.07952
65126 84.80 64.32 1.32e-19 0.99986
65060 65.21 70.32 1.71e-19 1.09382
65123 81.58 67.01 1.47e-19 1.04284
65066 75.03 65.56 1.50e-19 1.05123
65120 77.61 69.63 1.59e-19 1.07346
64592 57.42 52.92 1.20e-19 0.95706
64499 49.14 56.59 1.47e-19 1.04346
65519 -154.87 72.69 8.67e-20 0.82235
65522 -165.00 73.00 8.77e-20 0.82684
65525 -175.13 72.69 8.67e-20 0.82235
63293 -0.15 44.10 1.00e-19 0.88231
64055 20.50 64.00 1.80e-19 1.08437
64052 20.50 66.00 1.80e-19 1.06936
64466 -14.37 58.15 1.58e-19 1.07046
64049 20.50 68.00 1.79e-19 1.04852
64463 -19.14 56.59 1.47e-19 1.04346
64460 -23.49 54.84 1.34e-19 1.00555
64889 60.17 59.65 1.47e-19 1.04291
64895 67.82 55.26 1.16e-19 0.94529
64892 64.24 57.52 1.32e-19 0.99975
65225 -22.03 85.01 1.77e-19 1.09374
64376 58.87 43.83 7.19e-20 0.75035
64004 -159.50 82.00 1.37e-19 1.01365
64370 52.30 47.83 1.00e-19 0.88113
64007 -159.50 84.00 1.46e-19 1.04211
64373 55.72 45.90 8.60e-20 0.81905
64229 5.74 49.49 1.32e-19 0.99983
64235 15.00 50.00 1.36e-19 1.01326
64232 10.34 49.87 1.35e-19 1.00987
64109 -154.30 85.50 1.53e-19 1.06019
64115 -154.30 83.50 1.44e-19 1.03633
64112 -154.30 84.50 1.49e-19 1.04899
63809 -159.50 76.00 1.04e-19 0.89851
64283 15.00 53.00 1.51e-19 1.05401
64280 10.03 52.87 1.50e-19 1.05144
64286 19.97 52.87 1.50e-19 1.05144
65312 105.25 69.00 1.25e-19 0.97502
65315 106.03 66.00 1.11e-19 0.92360
65309 104.36 72.00 1.38e-19 1.01683
65306 103.29 74.99 1.49e-19 1.04842
65198 -70.10 62.89 1.04e-19 0.89855
65201 -68.64 65.84 1.20e-19 0.95697
65204 -66.90 68.78 1.34e-19 1.00570
65207 -64.74 71.70 1.47e-19 1.04361
65300 99.91 80.96 1.64e-19 1.08392
65303 101.91 77.98 1.58e-19 1.07043
65078 -54.80 64.32 1.32e-19 0.99986
65081 -51.58 67.01 1.47e-19 1.04284
65411 -165.00 85.00 1.51e-19 1.05401
65084 -47.61 69.63 1.59e-19 1.07346
65087 -42.61 72.15 1.69e-19 1.09094
64859 -7.85 66.25 1.79e-19 1.08804
64865 7.04 67.80 1.79e-19 1.05391
65417 145.34 82.12 1.47e-19 1.04295
63329 99.62 69.66 1.34e-19 1.00600
63335 94.39 69.25 1.39e-19 1.02055
63449 43.95 47.55 1.08e-19 0.91313
63455 42.51 45.84 1.00e-19 0.88206
64994 52.64 70.09 1.78e-19 1.09264
64988 35.87 72.94 1.78e-19 1.04537
64991 44.88 71.70 1.80e-19 1.07612
63215 -24.50 62.76 1.63e-19 1.08252
65153 -37.87 78.68 1.77e-19 1.09456
64997 59.19 68.20 1.72e-19 1.09440
63209 -27.74 63.99 1.64e-19 1.08337
64934 40.90 69.01 1.80e-19 1.07984
64016 14.04 90.00 1.69e-19 1.09173
64931 32.88 70.09 1.79e-19 1.05394
63431 48.85 52.53 1.28e-19 0.98733
64928 24.14 70.77 1.76e-19 1.02120
64010 -159.50 86.00 1.55e-19 1.06483
63473 -159.50 70.00 7.21e-20 0.75132
64937 48.05 67.59 1.77e-19 1.09371
63437 47.11 50.90 1.22e-19 0.96592
65132 -65.42 59.53 9.53e-20 0.86085
65135 -63.62 62.41 1.11e-19 0.92598
65129 87.47 61.57 1.16e-19 0.94542
64772 64.20 48.66 8.88e-20 0.83204
64775 -37.39 50.87 9.53e-20 0.86116
64415 15.00 59.00 1.72e-19 1.09444
64412 9.19 58.85 1.71e-19 1.09379
64409 3.49 58.40 1.69e-19 1.09098
63137 -80.38 69.66 1.21e-19 0.96371
63131 -85.61 69.25 1.14e-19 0.93555
64316 -22.30 47.83 1.00e-19 0.88113
64313 -25.72 45.90 8.60e-20 0.81905
64310 -28.87 43.83 7.19e-20 0.75035
63155 -64.02 69.92 1.42e-19 1.02905
63149 -69.50 70.00 1.36e-19 1.01056
64259 -20.22 45.15 8.86e-20 0.83103
64265 -12.75 48.42 1.14e-19 0.93560
64262 -16.62 46.88 1.02e-19 0.88765
65327 -83.36 62.69 8.60e-20 0.81927
57281 15.00 -74.00 1.83e-20 0.01827
64100 -154.30 88.50 1.65e-19 1.08473
64103 -154.30 87.50 1.61e-19 1.07810
65237 82.04 80.22 1.72e-19 1.09428
65234 71.87 82.83 1.76e-19 1.09539
64106 -154.30 86.50 1.57e-19 1.06991
65231 52.03 85.01 1.77e-19 1.09374
65228 15.00 86.00 1.78e-19 1.09266
65267 -76.03 66.00 1.11e-19 0.92360
64088 20.50 44.00 1.04e-19 0.89538
64193 2.01 45.89 1.11e-19 0.92595
64190 -2.11 45.05 1.04e-19 0.89879
64157 -154.30 77.50 1.13e-19 0.93289
64154 -154.30 71.50 8.05e-20 0.79304
64151 -154.30 72.50 8.58e-20 0.81815
64148 -154.30 73.50 9.11e-20 0.84266
64196 6.26 46.51 1.16e-19 0.94558
64982 15.00 74.00 1.64e-19 0.94604
64985 25.77 73.73 1.73e-19 1.00153
65369 114.82 74.77 1.38e-19 1.01675
64979 4.23 73.73 1.73e-19 1.00153
65375 113.60 68.75 1.14e-19 0.93571
65372 114.03 71.77 1.26e-19 0.98106
65366 116.22 77.76 1.47e-19 1.04349
65360 124.24 83.64 1.59e-19 1.07345
65363 118.82 80.73 1.54e-19 1.06200
65459 174.45 81.43 1.35e-19 1.01005
65462 158.42 79.90 1.32e-19 0.99979
65465 147.41 77.77 1.27e-19 0.98241
63173 -53.39 69.25 1.52e-19 1.05636
65036 -20.23 74.26 1.80e-19 1.07984
65270 -75.25 69.00 1.25e-19 0.97502
65273 -74.36 72.00 1.38e-19 1.01683
64952 71.94 57.20 1.20e-19 0.95674
65276 -73.29 74.99 1.49e-19 1.04842
65030 -35.21 70.32 1.71e-19 1.09382
65033 -28.52 72.43 1.77e-19 1.09373
64808 22.07 64.82 1.80e-19 1.07984
64811 28.94 64.29 1.79e-19 1.08804
65501 148.54 73.33 1.04e-19 0.89863
63353 80.22 67.15 1.49e-19 1.04868
64817 41.53 62.26 1.72e-19 1.09433
63389 62.51 61.46 1.51e-19 1.05367
63395 59.77 60.10 1.49e-19 1.04897
65507 -152.81 75.64 1.03e-19 0.89347
65054 50.23 74.26 1.80e-19 1.07984
65096 -16.27 78.38 1.80e-19 1.07196
65051 40.07 75.72 1.79e-19 1.05392
65048 28.12 76.67 1.76e-19 1.02123
65090 -36.13 74.51 1.76e-19 1.09538
65093 -27.58 76.63 1.79e-19 1.08802
65057 58.52 72.43 1.77e-19 1.09373
64496 44.37 58.15 1.58e-19 1.07046
64490 33.56 60.56 1.72e-19 1.09432
64493 39.17 59.48 1.66e-19 1.08682
63305 121.38 69.66 1.09e-19 0.91877
63299 126.61 69.25 1.02e-19 0.88976
64058 20.50 62.00 1.78e-19 1.09314
64061 20.50 60.00 1.74e-19 1.09545
64067 20.50 58.00 1.69e-19 1.09122
64802 7.93 64.82 1.80e-19 1.07984
64805 15.00 65.00 1.80e-19 1.07612
64799 1.06 64.29 1.79e-19 1.08804
64907 -29.72 63.95 1.62e-19 1.07956
64904 -34.39 61.83 1.50e-19 1.05125
64898 -41.94 57.20 1.20e-19 0.95674
64901 -38.43 59.57 1.35e-19 1.00982
64829 60.59 55.29 1.27e-19 0.98224
64379 -31.37 46.31 8.09e-20 0.79513
64367 48.58 49.61 1.14e-19 0.93562
64364 44.55 51.21 1.26e-19 0.98100
64361 40.23 52.61 1.38e-19 1.01676
64358 35.61 53.80 1.47e-19 1.04367
63371 72.27 65.14 1.52e-19 1.05630
63101 -146.50 74.10 9.60e-20 0.86376
63107 41.70 76.00 1.79e-19 1.05850
63968 -159.50 80.00 1.26e-19 0.97987
64343 9.65 55.86 1.62e-19 1.07959
63365 76.09 66.19 1.50e-19 1.05333
64247 33.10 47.99 1.20e-19 0.95714
64340 4.38 55.44 1.59e-19 1.07358
64244 28.75 48.86 1.27e-19 0.98246
64238 19.66 49.87 1.35e-19 1.00987
64346 15.00 56.00 1.63e-19 1.08140
64241 24.26 49.49 1.32e-19 0.99983
64268 -8.62 49.77 1.25e-19 0.97506
64271 -4.25 50.90 1.34e-19 1.00548
64274 0.34 51.81 1.41e-19 1.02803
64277 5.12 52.47 1.47e-19 1.04302
65264 -76.74 62.99 9.58e-20 0.86315
65261 -77.40 59.97 8.09e-20 0.79512
65258 101.35 59.93 8.88e-20 0.83203
65324 -83.42 59.64 7.19e-20 0.75033
65321 107.40 59.97 8.09e-20 0.79512
65318 106.74 62.99 9.58e-20 0.86315
64145 -154.30 74.50 9.66e-20 0.86647
65189 93.62 62.41 1.11e-19 0.92598
65195 -71.35 59.93 8.88e-20 0.83203
64139 -154.30 76.50 1.08e-19 0.91167
65441 -105.01 72.61 1.11e-19 0.92350
65438 -101.49 69.80 1.00e-19 0.88136
65444 -110.04 75.29 1.20e-19 0.95703
65447 -117.41 77.77 1.27e-19 0.98241
63341 89.39 68.69 1.43e-19 1.03243
63347 84.65 67.98 1.46e-19 1.04166
65018 -45.03 65.56 1.50e-19 1.05123
65027 -40.62 68.01 1.62e-19 1.07952
65159 -8.31 82.40 1.80e-19 1.07984
63239 -16.23 58.68 1.58e-19 1.07116
63245 -13.89 57.20 1.54e-19 1.06302
65165 38.31 82.40 1.80e-19 1.07984
63419 50.72 54.13 1.34e-19 1.00558
64943 59.72 63.95 1.62e-19 1.07956
64946 64.39 61.83 1.50e-19 1.05125
64847 -30.17 59.65 1.47e-19 1.04291
65141 -58.92 68.10 1.41e-19 1.02793
65138 -61.49 65.27 1.27e-19 0.98228
64838 67.39 50.87 9.53e-20 0.86116
64841 -37.82 55.26 1.16e-19 0.94529
64844 -34.24 57.52 1.32e-19 0.99975
64478 8.63 61.84 1.77e-19 1.09375
64481 15.00 62.00 1.78e-19 1.09266
64484 21.37 61.84 1.77e-19 1.09375
64487 27.59 61.35 1.76e-19 1.09539
64421 26.51 58.40 1.69e-19 1.09098
64424 32.00 57.66 1.64e-19 1.08393
64853 -20.33 63.41 1.69e-19 1.09093
64850 -25.56 61.63 1.59e-19 1.07359
64856 -14.43 64.97 1.76e-19 1.09542
63143 -74.98 69.92 1.29e-19 0.98903
64307 50.22 45.15 8.86e-20 0.83103
64298 38.62 49.77 1.25e-19 0.97506
64301 42.75 48.42 1.14e-19 0.93560
64304 46.62 46.88 1.02e-19 0.88765
64874 30.65 67.20 1.80e-19 1.07197
64868 15.00 68.00 1.78e-19 1.04538
64871 22.96 67.80 1.79e-19 1.05391
64877 37.85 66.25 1.79e-19 1.08804
64022 20.50 86.00 1.78e-19 1.09274
64025 20.50 84.00 1.80e-19 1.08352
64397 -16.66 53.94 1.38e-19 1.01694
64019 20.50 88.00 1.74e-19 1.09550
64394 -20.85 52.27 1.25e-19 0.97502
64388 -28.18 48.44 9.58e-20 0.86317
64391 -24.68 50.43 1.11e-19 0.92349
64214 32.11 45.05 1.04e-19 0.89879
64097 -154.30 89.50 1.68e-19 1.08979
64211 27.99 45.89 1.11e-19 0.92595
65219 -52.04 80.22 1.72e-19 1.09428
64217 -11.20 45.58 1.00e-19 0.88123
65222 -41.87 82.83 1.76e-19 1.09539
64427 37.23 56.66 1.58e-19 1.07049
64199 10.61 46.88 1.20e-19 0.95697
64202 15.00 47.00 1.21e-19 0.96056
64205 19.39 46.88 1.20e-19 0.95697
64976 -5.87 72.94 1.78e-19 1.04537
64973 -14.88 71.70 1.80e-19 1.07612
64970 -22.64 70.09 1.78e-19 1.09264
65450 -128.42 79.90 1.32e-19 0.99979
65453 -144.45 81.43 1.35e-19 1.01005
65162 15.00 83.00 1.80e-19 1.07612
63203 -31.27 65.14 1.64e-19 1.08292
65279 -71.91 77.98 1.58e-19 1.07043
65285 -66.36 83.93 1.69e-19 1.09095
65282 -69.91 80.96 1.64e-19 1.08392
65471 135.01 72.61 1.11e-19 0.92350
65468 140.04 75.29 1.20e-19 0.95703
65474 131.49 69.80 1.00e-19 0.88136
65477 -118.54 73.33 1.04e-19 0.89863
62993 15.00 -90.00 7.65e-20 0.07646
64940 54.30 65.88 1.71e-19 1.09375
65099 -1.81 79.57 1.79e-19 1.05392
65105 31.81 79.57 1.79e-19 1.05392
65102 15.00 80.00 1.78e-19 1.04538
64688 60.98 50.85 1.04e-19 0.89858
65405 -115.34 82.12 1.47e-19 1.04295
65402 -105.13 79.58 1.41e-19 1.02801
65399 -99.24 76.82 1.34e-19 1.00567
63269 -6.11 50.90 1.33e-19 1.00111
63275 -4.48 49.24 1.25e-19 0.97686
64037 20.50 76.00 1.71e-19 0.99221
64034 20.50 78.00 1.76e-19 1.02072
64028 20.50 82.00 1.80e-19 1.06809
64031 20.50 80.00 1.79e-19 1.04686
64916 -10.90 69.01 1.80e-19 1.07984
64793 -11.53 62.26 1.72e-19 1.09433
64790 -17.07 60.82 1.64e-19 1.08386
64910 -24.30 65.88 1.71e-19 1.09375
64913 -18.05 67.59 1.77e-19 1.09371
64796 -5.47 63.42 1.77e-19 1.09453
65144 -55.70 70.89 1.54e-19 1.06206
64430 42.12 55.41 1.49e-19 1.04855
64433 46.66 53.94 1.38e-19 1.01694
64349 20.35 55.86 1.62e-19 1.07959
64352 25.62 55.44 1.59e-19 1.07358
64355 30.72 54.74 1.54e-19 1.06190
63383 65.50 62.76 1.52e-19 1.05635
63113 -138.30 76.00 1.09e-19 0.91590
64436 50.85 52.27 1.25e-19 0.97502
64334 -5.61 53.80 1.47e-19 1.04367
65504 -141.78 74.62 1.00e-19 0.88120
64331 -10.23 52.61 1.38e-19 1.01676
64328 -14.55 51.21 1.26e-19 0.98100
64169 15.00 41.00 8.77e-20 0.82684
64172 18.97 40.88 8.67e-20 0.82255
64175 6.71 43.52 1.00e-19 0.88154
64337 -0.72 54.74 1.54e-19 1.06190
64814 35.47 63.42 1.77e-19 1.09453
65147 -51.53 73.61 1.64e-19 1.08397
65249 96.90 68.78 1.34e-19 1.00570
64085 20.50 46.00 1.15e-19 0.93844
65336 -84.03 71.77 1.26e-19 0.98106
65252 98.64 65.84 1.20e-19 0.95697
65255 100.10 62.89 1.04e-19 0.89855
65330 -83.40 65.72 1.00e-19 0.88132
65333 -83.60 68.75 1.14e-19 0.93571
64418 20.81 58.85 1.71e-19 1.09379
64133 -154.30 79.50 1.24e-19 0.97220
65186 91.49 65.27 1.27e-19 0.98228
64136 -154.30 78.50 1.19e-19 0.95309
65183 88.92 68.10 1.41e-19 1.02793
65180 85.70 70.89 1.54e-19 1.06206
65192 95.42 59.53 9.53e-20 0.86085
65414 164.13 84.15 1.50e-19 1.05145
65432 121.61 68.04 1.02e-19 0.88748
65435 120.51 65.03 8.86e-20 0.83101
63263 -7.85 52.53 1.39e-19 1.02173
65429 123.21 71.02 1.14e-19 0.93582
65408 -134.13 84.15 1.50e-19 1.05145
63317 110.50 70.00 1.23e-19 0.96846
63311 115.98 69.92 1.16e-19 0.94536
65009 76.59 58.92 1.21e-19 0.96036
65015 -48.69 63.02 1.35e-19 1.01006
65012 -51.77 60.39 1.20e-19 0.95667
65528 -165.00 70.00 7.19e-20 0.75021
65531 -165.00 67.00 5.74e-20 0.67018
63413 52.73 55.69 1.39e-19 1.02060
64955 -46.59 58.92 1.21e-19 0.96036
64949 68.43 59.57 1.35e-19 1.00982
65111 57.58 76.63 1.79e-19 1.08802
65168 55.98 80.83 1.79e-19 1.08801
65108 46.27 78.38 1.80e-19 1.07196
65114 66.13 74.51 1.76e-19 1.09538
65117 72.61 72.15 1.69e-19 1.09094
64862 -0.65 67.20 1.80e-19 1.07197
64835 64.18 53.14 1.11e-19 0.92626
65456 -165.00 82.00 1.36e-19 1.01326
64469 -9.17 59.48 1.66e-19 1.08682
64475 2.41 61.35 1.76e-19 1.09539
64472 -3.56 60.56 1.72e-19 1.09432
65513 -177.19 75.64 1.03e-19 0.89347
65510 -165.00 76.00 1.04e-19 0.89772
65516 171.78 74.62 1.00e-19 0.88120
64451 -34.20 48.66 8.88e-20 0.83204
64454 -30.98 50.85 1.04e-19 0.89858
63905 -159.50 78.00 1.15e-19 0.94130
64289 24.88 52.47 1.47e-19 1.04302
64295 34.25 50.90 1.34e-19 1.00548
64292 29.66 51.81 1.41e-19 1.02803
64883 50.33 63.41 1.69e-19 1.09093
64880 44.43 64.97 1.76e-19 1.09542
65498 156.21 75.54 1.11e-19 0.92610
63584 -159.50 72.00 8.25e-20 0.80284
64886 55.56 61.63 1.59e-19 1.07359
64406 -2.00 57.66 1.64e-19 1.08393
65378 113.40 65.72 1.00e-19 0.88132
64403 -7.23 56.66 1.58e-19 1.07049
64400 -12.12 55.41 1.49e-19 1.04855
64223 -3.10 47.99 1.20e-19 0.95714
64220 -7.26 46.89 1.11e-19 0.92335
64118 -154.30 82.50 1.39e-19 1.02227
64121 -154.30 81.50 1.34e-19 1.00685
64226 1.25 48.86 1.27e-19 0.98246
64124 -154.30 80.50 1.29e-19 0.99014
63161 -58.62 69.66 1.47e-19 1.04409
