65006 73.24 61.42 1.29e-19 0.92416
65000 64.69 66.09 1.46e-19 0.90575
65003 69.32 63.82 1.38e-19 0.91413
63197 -35.09 66.19 1.46e-19 0.90583
64142 -154.30 75.50 1.08e-19 0.95165
63191 -39.22 67.15 1.45e-19 0.90707
65213 -57.99 77.44 1.48e-19 0.90359
65210 -61.92 74.59 1.43e-19 0.90944
65294 86.94 86.84 1.52e-19 0.89967
65291 15.00 89.00 1.52e-19 0.89903
65288 -56.94 86.84 1.52e-19 0.89967
65075 -57.47 61.57 1.17e-19 0.93939
62987 15.00 -74.00 4.56e-20 0.04558
65072 81.77 60.39 1.19e-19 0.93679
65486 -149.69 78.56 1.19e-19 0.93675
65069 78.69 63.02 1.29e-19 0.92503
65420 135.13 79.58 1.32e-19 0.92072
62981 15.00 -90.00 8.99e-20 0.08988
65483 -136.50 77.35 1.17e-19 0.93946
65156 -25.98 80.83 1.58e-19 0.89217
65426 125.59 73.95 1.22e-19 0.93285
65480 -126.21 75.54 1.13e-19 0.94358
63281 -2.95 47.55 1.17e-19 0.93851
63287 -1.51 45.84 1.12e-19 0.94560
65150 -45.89 76.23 1.52e-19 0.89918
65390 -91.61 68.04 1.07e-19 0.95207
63227 -18.77 60.10 1.44e-19 0.90745
65393 -93.21 71.02 1.15e-19 0.94161
65396 -95.59 73.95 1.22e-19 0.93285
63221 -21.51 61.46 1.46e-19 0.90612
63443 45.48 49.24 1.16e-19 0.94021
64046 20.50 70.00 1.61e-19 0.88701
64082 20.50 48.00 1.22e-19 0.93233
64043 20.50 72.00 1.60e-19 0.88674
64040 20.50 74.00 1.59e-19 0.88682
64781 -30.59 55.29 1.23e-19 0.93115
64778 -34.18 53.14 1.14e-19 0.94368
64784 -26.57 57.31 1.32e-19 0.92070
64079 20.50 50.00 1.29e-19 0.92460
64787 -22.08 59.16 1.40e-19 0.91185
64919 -2.88 70.09 1.61e-19 0.88812
64925 15.00 71.00 1.60e-19 0.88676
64922 5.86 70.77 1.61e-19 0.88698
64439 54.68 50.43 1.13e-19 0.94420
64445 61.37 46.31 9.31e-20 0.97319
64442 58.18 48.44 1.03e-19 0.95767
63119 -95.35 67.98 1.04e-19 0.95602
63125 -90.61 68.69 1.10e-19 0.94853
63377 68.74 63.99 1.39e-19 0.91324
64544 53.49 54.84 1.28e-19 0.92588
64187 23.29 43.52 1.06e-19 0.95353
64325 -18.58 49.61 1.15e-19 0.94148
63776 -159.50 74.00 1.02e-19 0.96000
64181 15.00 44.00 1.09e-19 0.94984
64178 10.84 43.88 1.08e-19 0.95077
64184 19.16 43.88 1.08e-19 0.95077
64013 -159.50 88.00 1.46e-19 0.90577
64250 37.26 46.89 1.13e-19 0.94411
64253 41.20 45.58 1.06e-19 0.95333
64073 20.50 54.00 1.41e-19 0.91153
64070 20.50 56.00 1.46e-19 0.90612
65246 94.74 71.70 1.36e-19 0.91689
65492 179.69 78.56 1.19e-19 0.93675
65243 91.92 74.59 1.43e-19 0.90944
65495 166.50 77.35 1.17e-19 0.93946
64076 20.50 52.00 1.35e-19 0.91768
65240 87.99 77.44 1.48e-19 0.90359
64208 23.74 46.51 1.17e-19 0.93949
64457 -27.42 52.92 1.19e-19 0.93682
65177 81.53 73.61 1.47e-19 0.90481
64166 11.03 40.88 9.72e-20 0.96672
64163 15.00 38.00 8.66e-20 0.98404
65171 67.87 78.68 1.56e-19 0.89502
64094 20.50 40.00 9.37e-20 0.97218
65174 75.89 76.23 1.52e-19 0.89918
64160 15.00 35.00 7.55e-20 1.00493
65387 -90.51 65.03 9.84e-20 0.96469
63257 -9.72 54.13 1.35e-19 0.91810
65297 96.36 83.93 1.50e-19 0.90156
63251 -11.73 55.69 1.38e-19 0.91460
65381 113.36 62.69 9.66e-20 0.96765
65384 113.42 59.64 8.66e-20 0.98414
65357 139.00 86.38 1.45e-19 0.90645
65348 -94.24 83.64 1.43e-19 0.90847
65351 -109.00 86.38 1.45e-19 0.90645
64091 20.50 42.00 1.01e-19 0.96076
65354 -165.00 88.00 1.46e-19 0.90579
63179 -48.39 68.69 1.41e-19 0.91087
63185 -43.65 67.98 1.43e-19 0.90869
63323 105.02 69.92 1.25e-19 0.92986
65342 -86.22 77.76 1.36e-19 0.91683
65345 -88.82 80.73 1.40e-19 0.91194
65339 -84.82 74.77 1.30e-19 0.92332
65045 15.00 77.00 1.60e-19 0.88676
65042 1.88 76.67 1.61e-19 0.88698
65039 -10.07 75.72 1.61e-19 0.88812
63407 54.89 57.20 1.33e-19 0.91953
65423 129.24 76.82 1.28e-19 0.92595
64823 52.08 59.16 1.40e-19 0.91185
65489 -165.00 79.00 1.19e-19 0.93603
64820 47.07 60.82 1.47e-19 0.90474
64967 -29.19 68.20 1.52e-19 0.89901
64964 -34.69 66.09 1.46e-19 0.90575
63401 57.23 58.68 1.35e-19 0.91733
63095 40.40 47.00 1.12e-19 0.94600
64961 -39.32 63.82 1.38e-19 0.91413
64958 -43.24 61.42 1.29e-19 0.92416
64826 56.57 57.31 1.32e-19 0.92070
65063 70.62 68.01 1.45e-19 0.90645
65126 84.80 64.32 1.27e-19 0.92733
65060 65.21 70.32 1.52e-19 0.89969
65123 81.58 67.01 1.36e-19 0.91701
65066 75.03 65.56 1.38e-19 0.91482
65120 77.61 69.63 1.43e-19 0.90848
64592 57.42 52.92 1.19e-19 0.93682
64499 49.14 56.59 1.36e-19 0.91681
65519 -154.87 72.69 9.71e-20 0.96657
65522 -165.00 73.00 9.78e-20 0.96577
65525 -175.13 72.69 9.71e-20 0.96657
63293 -0.15 44.10 1.06e-19 0.95335
64055 20.50 64.00 1.59e-19 0.89134
64052 20.50 66.00 1.60e-19 0.88928
64466 -14.37 58.15 1.43e-19 0.90945
64049 20.50 68.00 1.61e-19 0.88784
64463 -19.14 56.59 1.36e-19 0.91681
64460 -23.49 54.84 1.28e-19 0.92588
64889 60.17 59.65 1.36e-19 0.91705
64895 67.82 55.26 1.17e-19 0.93931
64892 64.24 57.52 1.27e-19 0.92727
65225 -22.03 85.01 1.56e-19 0.89440
64376 58.87 43.83 8.66e-20 0.98415
64004 -159.50 82.00 1.29e-19 0.92409
64370 52.30 47.83 1.06e-19 0.95326
64007 -159.50 84.00 1.35e-19 0.91723
64373 55.72 45.90 9.66e-20 0.96749
64229 5.74 49.49 1.27e-19 0.92731
64235 15.00 50.00 1.29e-19 0.92418
64232 10.34 49.87 1.29e-19 0.92492
64109 -154.30 85.50 1.40e-19 0.91245
64115 -154.30 83.50 1.34e-19 0.91867
64112 -154.30 84.50 1.37e-19 0.91547
63809 -159.50 76.00 1.09e-19 0.94966
64283 15.00 53.00 1.38e-19 0.91414
64280 10.03 52.87 1.38e-19 0.91494
64286 19.97 52.87 1.38e-19 0.91494
65312 105.25 69.00 1.22e-19 0.93283
65315 106.03 66.00 1.13e-19 0.94427
65309 104.36 72.00 1.30e-19 0.92337
65306 103.29 74.99 1.37e-19 0.91557
65198 -70.10 62.89 1.09e-19 0.94951
65201 -68.64 65.84 1.19e-19 0.93676
65204 -66.90 68.78 1.28e-19 0.92597
65207 -64.74 71.70 1.36e-19 0.91689
65300 99.91 80.96 1.47e-19 0.90478
65303 101.91 77.98 1.43e-19 0.90944
65078 -54.80 64.32 1.27e-19 0.92733
65081 -51.58 67.01 1.36e-19 0.91701
65411 -165.00 85.00 1.38e-19 0.91414
65084 -47.61 69.63 1.43e-19 0.90848
65087 -42.61 72.15 1.50e-19 0.90155
64859 -7.85 66.25 1.58e-19 0.89220
64865 7.04 67.80 1.61e-19 0.88813
65417 145.34 82.12 1.36e-19 0.91707
63329 99.62 69.66 1.28e-19 0.92580
63335 94.39 69.25 1.31e-19 0.92247
63449 43.95 47.55 1.11e-19 0.94633
63455 42.51 45.84 1.06e-19 0.95341
64994 52.64 70.09 1.57e-19 0.89377
64988 35.87 72.94 1.61e-19 0.88770
64991 44.88 71.70 1.60e-19 0.89004
63215 -24.50 62.76 1.46e-19 0.90530
65153 -37.87 78.68 1.56e-19 0.89502
64997 59.19 68.20 1.52e-19 0.89901
63209 -27.74 63.99 1.47e-19 0.90503
64934 40.90 69.01 1.59e-19 0.89054
64016 14.04 90.00 1.50e-19 0.90111
64931 32.88 70.09 1.61e-19 0.88812
63431 48.85 52.53 1.24e-19 0.93004
64928 24.14 70.77 1.61e-19 0.88698
64010 -159.50 86.00 1.41e-19 0.91113
63473 -159.50 70.00 8.68e-20 0.98377
64937 48.05 67.59 1.56e-19 0.89438
63437 47.11 50.90 1.20e-19 0.93477
65132 -65.42 59.53 1.03e-19 0.95798
65135 -63.62 62.41 1.13e-19 0.94350
65129 87.47 61.57 1.17e-19 0.93939
64772 64.20 48.66 9.86e-20 0.96450
64775 -37.39 50.87 1.03e-19 0.95820
64415 15.00 59.00 1.52e-19 0.89903
64412 9.19 58.85 1.52e-19 0.89967
64409 3.49 58.40 1.50e-19 0.90158
63137 -80.38 69.66 1.20e-19 0.93519
63131 -85.61 69.25 1.15e-19 0.94147
64316 -22.30 47.83 1.06e-19 0.95326
64313 -25.72 45.90 9.66e-20 0.96749
64310 -28.87 43.83 8.66e-20 0.98415
63155 -64.02 69.92 1.33e-19 0.92054
63149 -69.50 70.00 1.29e-19 0.92481
64259 -20.22 45.15 9.84e-20 0.96471
64265 -12.75 48.42 1.15e-19 0.94147
64262 -16.62 46.88 1.07e-19 0.95219
65327 -83.36 62.69 9.66e-20 0.96765
57281 15.00 -74.00 4.56e-20 0.04558
64100 -154.30 88.50 1.47e-19 0.90450
64103 -154.30 87.50 1.45e-19 0.90697
65237 82.04 80.22 1.52e-19 0.89919
65234 71.87 82.83 1.55e-19 0.89616
64106 -154.30 86.50 1.42e-19 0.90962
65231 52.03 85.01 1.56e-19 0.89440
65228 15.00 86.00 1.57e-19 0.89380
65267 -76.03 66.00 1.13e-19 0.94427
64088 20.50 44.00 1.08e-19 0.95035
64193 2.01 45.89 1.13e-19 0.94348
64190 -2.11 45.05 1.09e-19 0.94967
64157 -154.30 77.50 1.15e-19 0.94211
64154 -154.30 71.50 9.28e-20 0.97366
64151 -154.30 72.50 9.65e-20 0.96777
64148 -154.30 73.50 1.00e-19 0.96215
64196 6.26 46.51 1.17e-19 0.93949
64982 15.00 74.00 1.58e-19 0.88723
64985 25.77 73.73 1.60e-19 0.88677
65369 114.82 74.77 1.30e-19 0.92332
64979 4.23 73.73 1.60e-19 0.88677
65375 113.60 68.75 1.15e-19 0.94154
65372 114.03 71.77 1.23e-19 0.93162
65366 116.22 77.76 1.36e-19 0.91683
65360 124.24 83.64 1.43e-19 0.90847
65363 118.82 80.73 1.40e-19 0.91194
65459 174.45 81.43 1.29e-19 0.92503
65462 158.42 79.90 1.27e-19 0.92729
65465 147.41 77.77 1.23e-19 0.93126
63173 -53.39 69.25 1.39e-19 0.91351
65036 -20.23 74.26 1.59e-19 0.89055
65270 -75.25 69.00 1.22e-19 0.93283
65273 -74.36 72.00 1.30e-19 0.92337
64952 71.94 57.20 1.19e-19 0.93683
65276 -73.29 74.99 1.37e-19 0.91557
65030 -35.21 70.32 1.52e-19 0.89969
65033 -28.52 72.43 1.56e-19 0.89440
64808 22.07 64.82 1.59e-19 0.89055
64811 28.94 64.29 1.58e-19 0.89220
65501 148.54 73.33 1.09e-19 0.94957
63353 80.22 67.15 1.37e-19 0.91561
64817 41.53 62.26 1.52e-19 0.89923
63005 15.00 -90.00 8.99e-20 0.08988
63389 62.51 61.46 1.38e-19 0.91420
62999 15.00 -74.00 4.56e-20 0.04558
63395 59.77 60.10 1.37e-19 0.91548
65507 -152.81 75.64 1.08e-19 0.95061
65054 50.23 74.26 1.59e-19 0.89055
65096 -16.27 78.38 1.60e-19 0.88955
65051 40.07 75.72 1.61e-19 0.88812
65048 28.12 76.67 1.61e-19 0.88698
65090 -36.13 74.51 1.55e-19 0.89615
65093 -27.58 76.63 1.58e-19 0.89218
65057 58.52 72.43 1.56e-19 0.89440
64496 44.37 58.15 1.43e-19 0.90945
64490 33.56 60.56 1.52e-19 0.89922
64493 39.17 59.48 1.48e-19 0.90358
63017 15.00 -90.00 8.99e-20 0.08988
63305 121.38 69.66 1.12e-19 0.94504
63011 15.00 -74.00 4.56e-20 0.04558
63299 126.61 69.25 1.08e-19 0.95153
64058 20.50 62.00 1.57e-19 0.89405
64061 20.50 60.00 1.54e-19 0.89740
64067 20.50 58.00 1.50e-19 0.90141
64802 7.93 64.82 1.59e-19 0.89055
64805 15.00 65.00 1.60e-19 0.89003
64799 1.06 64.29 1.58e-19 0.89220
64907 -29.72 63.95 1.45e-19 0.90647
64904 -34.39 61.83 1.38e-19 0.91483
64898 -41.94 57.20 1.19e-19 0.93683
64901 -38.43 59.57 1.29e-19 0.92489
64829 60.59 55.29 1.23e-19 0.93115
64379 -31.37 46.31 9.31e-20 0.97319
64367 48.58 49.61 1.15e-19 0.94148
64364 44.55 51.21 1.23e-19 0.93158
64361 40.23 52.61 1.30e-19 0.92333
64358 35.61 53.80 1.36e-19 0.91693
63371 72.27 65.14 1.39e-19 0.91353
63101 -146.50 74.10 1.03e-19 0.95739
63107 41.70 76.00 1.61e-19 0.88841
63968 -159.50 80.00 1.23e-19 0.93176
64343 9.65 55.86 1.45e-19 0.90649
63365 76.09 66.19 1.38e-19 0.91423
64247 33.10 47.99 1.19e-19 0.93687
64340 4.38 55.44 1.43e-19 0.90855
64244 28.75 48.86 1.23e-19 0.93129
64238 19.66 49.87 1.29e-19 0.92492
64346 15.00 56.00 1.46e-19 0.90579
64241 24.26 49.49 1.27e-19 0.92731
64268 -8.62 49.77 1.22e-19 0.93285
64271 -4.25 50.90 1.28e-19 0.92584
64274 0.34 51.81 1.32e-19 0.92073
64277 5.12 52.47 1.36e-19 0.91711
65264 -76.74 62.99 1.03e-19 0.95765
65261 -77.40 59.97 9.31e-20 0.97318
65258 101.35 59.93 9.86e-20 0.96449
65324 -83.42 59.64 8.66e-20 0.98414
65321 107.40 59.97 9.31e-20 0.97318
65318 106.74 62.99 1.03e-19 0.95765
64145 -154.30 74.50 1.04e-19 0.95678
65189 93.62 62.41 1.13e-19 0.94350
65195 -71.35 59.93 9.86e-20 0.96449
64139 -154.30 76.50 1.11e-19 0.94677
65441 -105.01 72.61 1.13e-19 0.94420
65438 -101.49 69.80 1.06e-19 0.95341
65444 -110.04 75.29 1.19e-19 0.93680
65447 -117.41 77.77 1.23e-19 0.93126
63341 89.39 68.69 1.33e-19 0.91969
63347 84.65 67.98 1.35e-19 0.91736
65018 -45.03 65.56 1.38e-19 0.91482
65027 -40.62 68.01 1.45e-19 0.90645
65159 -8.31 82.40 1.59e-19 0.89055
63239 -16.23 58.68 1.43e-19 0.90932
63245 -13.89 57.20 1.41e-19 0.91157
65165 38.31 82.40 1.59e-19 0.89055
63419 50.72 54.13 1.28e-19 0.92602
64943 59.72 63.95 1.45e-19 0.90647
64946 64.39 61.83 1.38e-19 0.91483
64847 -30.17 59.65 1.36e-19 0.91705
65141 -58.92 68.10 1.32e-19 0.92067
65138 -61.49 65.27 1.23e-19 0.93118
64838 67.39 50.87 1.03e-19 0.95820
64841 -37.82 55.26 1.17e-19 0.93931
64844 -34.24 57.52 1.27e-19 0.92727
64478 8.63 61.84 1.56e-19 0.89441
64481 15.00 62.00 1.57e-19 0.89380
64484 21.37 61.84 1.56e-19 0.89441
64487 27.59 61.35 1.55e-19 0.89616
64421 26.51 58.40 1.50e-19 0.90158
64424 32.00 57.66 1.47e-19 0.90478
64853 -20.33 63.41 1.50e-19 0.90155
64850 -25.56 61.63 1.43e-19 0.90855
64856 -14.43 64.97 1.55e-19 0.89618
63143 -74.98 69.92 1.25e-19 0.92983
64307 50.22 45.15 9.84e-20 0.96471
64298 38.62 49.77 1.22e-19 0.93285
64301 42.75 48.42 1.15e-19 0.94147
64304 46.62 46.88 1.07e-19 0.95219
64874 30.65 67.20 1.60e-19 0.88954
64868 15.00 68.00 1.61e-19 0.88770
64871 22.96 67.80 1.61e-19 0.88813
64877 37.85 66.25 1.58e-19 0.89220
64022 20.50 86.00 1.57e-19 0.89384
64025 20.50 84.00 1.59e-19 0.89118
64397 -16.66 53.94 1.30e-19 0.92344
64019 20.50 88.00 1.54e-19 0.89714
64394 -20.85 52.27 1.22e-19 0.93283
64388 -28.18 48.44 1.03e-19 0.95767
64391 -24.68 50.43 1.13e-19 0.94420
64214 32.11 45.05 1.09e-19 0.94967
64097 -154.30 89.50 1.49e-19 0.90220
64211 27.99 45.89 1.13e-19 0.94348
65219 -52.04 80.22 1.52e-19 0.89919
64217 -11.20 45.58 1.06e-19 0.95333
65222 -41.87 82.83 1.55e-19 0.89616
64427 37.23 56.66 1.43e-19 0.90948
64199 10.61 46.88 1.19e-19 0.93698
64202 15.00 47.00 1.19e-19 0.93603
64205 19.39 46.88 1.19e-19 0.93698
64976 -5.87 72.94 1.61e-19 0.88770
64973 -14.88 71.70 1.60e-19 0.89004
64970 -22.64 70.09 1.57e-19 0.89377
65450 -128.42 79.90 1.27e-19 0.92729
65453 -144.45 81.43 1.29e-19 0.92503
65162 15.00 83.00 1.60e-19 0.89003
63203 -31.27 65.14 1.46e-19 0.90522
65279 -71.91 77.98 1.43e-19 0.90944
65285 -66.36 83.93 1.50e-19 0.90156
65282 -69.91 80.96 1.47e-19 0.90478
65471 135.01 72.61 1.13e-19 0.94420
65468 140.04 75.29 1.19e-19 0.93680
65474 131.49 69.80 1.06e-19 0.95341
65477 -118.54 73.33 1.09e-19 0.94957
62993 15.00 -90.00 8.99e-20 0.08988
64940 54.30 65.88 1.52e-19 0.89964
65099 -1.81 79.57 1.61e-19 0.88813
65105 31.81 79.57 1.61e-19 0.88813
65102 15.00 80.00 1.61e-19 0.88770
64688 60.98 50.85 1.09e-19 0.94953
65405 -115.34 82.12 1.36e-19 0.91707
65402 -105.13 79.58 1.32e-19 0.92072
65399 -99.24 76.82 1.28e-19 0.92595
63269 -6.11 50.90 1.27e-19 0.92690
63275 -4.48 49.24 1.22e-19 0.93236
64037 20.50 76.00 1.60e-19 0.88674
64034 20.50 78.00 1.61e-19 0.88697
64028 20.50 82.00 1.60e-19 0.88916
64031 20.50 80.00 1.61e-19 0.88776
64916 -10.90 69.01 1.59e-19 0.89054
64793 -11.53 62.26 1.52e-19 0.89923
64790 -17.07 60.82 1.47e-19 0.90474
64910 -24.30 65.88 1.52e-19 0.89964
64913 -18.05 67.59 1.56e-19 0.89438
64796 -5.47 63.42 1.56e-19 0.89500
65144 -55.70 70.89 1.40e-19 0.91197
64430 42.12 55.41 1.37e-19 0.91565
64433 46.66 53.94 1.30e-19 0.92344
64349 20.35 55.86 1.45e-19 0.90649
64352 25.62 55.44 1.43e-19 0.90855
64355 30.72 54.74 1.40e-19 0.91188
63383 65.50 62.76 1.39e-19 0.91343
63113 -138.30 76.00 1.12e-19 0.94584
64436 50.85 52.27 1.22e-19 0.93283
64334 -5.61 53.80 1.36e-19 0.91693
65504 -141.78 74.62 1.06e-19 0.95330
64331 -10.23 52.61 1.30e-19 0.92333
64328 -14.55 51.21 1.23e-19 0.93158
64169 15.00 41.00 9.78e-20 0.96577
64172 18.97 40.88 9.72e-20 0.96672
64175 6.71 43.52 1.06e-19 0.95353
64337 -0.72 54.74 1.40e-19 0.91188
64814 35.47 63.42 1.56e-19 0.89500
65147 -51.53 73.61 1.47e-19 0.90481
65249 96.90 68.78 1.28e-19 0.92597
64085 20.50 46.00 1.16e-19 0.94089
65336 -84.03 71.77 1.23e-19 0.93162
65252 98.64 65.84 1.19e-19 0.93676
65255 100.10 62.89 1.09e-19 0.94951
65330 -83.40 65.72 1.06e-19 0.95339
65333 -83.60 68.75 1.15e-19 0.94154
64418 20.81 58.85 1.52e-19 0.89967
64133 -154.30 79.50 1.22e-19 0.93346
65186 91.49 65.27 1.23e-19 0.93118
64136 -154.30 78.50 1.18e-19 0.93768
65183 88.92 68.10 1.32e-19 0.92067
65180 85.70 70.89 1.40e-19 0.91197
65192 95.42 59.53 1.03e-19 0.95798
65414 164.13 84.15 1.38e-19 0.91495
65432 121.61 68.04 1.07e-19 0.95207
65435 120.51 65.03 9.84e-20 0.96469
63263 -7.85 52.53 1.31e-19 0.92215
65429 123.21 71.02 1.15e-19 0.94161
65408 -134.13 84.15 1.38e-19 0.91495
63317 110.50 70.00 1.21e-19 0.93429
63311 115.98 69.92 1.17e-19 0.93952
65009 76.59 58.92 1.19e-19 0.93591
65015 -48.69 63.02 1.29e-19 0.92503
65012 -51.77 60.39 1.19e-19 0.93679
65528 -165.00 70.00 8.66e-20 0.98404
65531 -165.00 67.00 7.55e-20 1.00493
63413 52.73 55.69 1.31e-19 0.92255
64955 -46.59 58.92 1.19e-19 0.93591
64949 68.43 59.57 1.29e-19 0.92489
65111 57.58 76.63 1.58e-19 0.89218
65168 55.98 80.83 1.58e-19 0.89217
65108 46.27 78.38 1.60e-19 0.88955
65114 66.13 74.51 1.55e-19 0.89615
65117 72.61 72.15 1.50e-19 0.90155
64862 -0.65 67.20 1.60e-19 0.88954
64835 64.18 53.14 1.14e-19 0.94368
65456 -165.00 82.00 1.29e-19 0.92418
64469 -9.17 59.48 1.48e-19 0.90358
64475 2.41 61.35 1.55e-19 0.89616
64472 -3.56 60.56 1.52e-19 0.89922
65513 -177.19 75.64 1.08e-19 0.95061
65510 -165.00 76.00 1.09e-19 0.94984
65516 171.78 74.62 1.06e-19 0.95330
64451 -34.20 48.66 9.86e-20 0.96450
64454 -30.98 50.85 1.09e-19 0.94953
63905 -159.50 78.00 1.16e-19 0.94027
64289 24.88 52.47 1.36e-19 0.91711
64295 34.25 50.90 1.28e-19 0.92584
64292 29.66 51.81 1.32e-19 0.92073
64883 50.33 63.41 1.50e-19 0.90155
64880 44.43 64.97 1.55e-19 0.89618
65498 156.21 75.54 1.13e-19 0.94358
63584 -159.50 72.00 9.42e-20 0.97135
64886 55.56 61.63 1.43e-19 0.90855
64406 -2.00 57.66 1.47e-19 0.90478
65378 113.40 65.72 1.06e-19 0.95339
64403 -7.23 56.66 1.43e-19 0.90948
64400 -12.12 55.41 1.37e-19 0.91565
64223 -3.10 47.99 1.19e-19 0.93687
64220 -7.26 46.89 1.13e-19 0.94411
64118 -154.30 82.50 1.31e-19 0.92207
64121 -154.30 81.50 1.28e-19 0.92566
64226 1.25 48.86 1.23e-19 0.93129
64124 -154.30 80.50 1.25e-19 0.92946
63161 -58.62 69.66 1.36e-19 0.91668
