65006 73.24 61.42 1.52e-19 1.08671
65000 64.69 66.09 1.87e-19 1.15915
65003 69.32 63.82 1.71e-19 1.13023
63197 -35.09 66.19 1.87e-19 1.15888
64142 -154.30 75.50 1.08e-19 0.95399
63191 -39.22 67.15 1.84e-19 1.15563
65213 -57.99 77.44 1.91e-19 1.16493
65210 -61.92 74.59 1.80e-19 1.14766
65294 86.94 86.84 1.98e-19 1.17207
65291 15.00 89.00 1.99e-19 1.17272
65288 -56.94 86.84 1.98e-19 1.17207
65075 -57.47 61.57 1.26e-19 1.01407
62987 15.00 -74.00 1.04e-20 0.01037
65072 81.77 60.39 1.30e-19 1.02611
65486 -149.69 78.56 1.30e-19 1.02603
65069 78.69 63.02 1.51e-19 1.08336
65420 135.13 79.58 1.58e-19 1.10253
62981 15.00 -90.00 6.63e-20 0.06631
65483 -136.50 77.35 1.26e-19 1.01421
65156 -25.98 80.83 2.07e-19 1.16495
65426 125.59 73.95 1.37e-19 1.04587
65480 -126.21 75.54 1.19e-19 0.99332
63281 -2.95 47.55 1.27e-19 1.01770
63287 -1.51 45.84 1.17e-19 0.98404
65150 -45.89 76.23 1.98e-19 1.17254
65390 -91.61 68.04 1.07e-19 0.95181
63227 -18.77 60.10 1.84e-19 1.15432
65393 -93.21 71.02 1.23e-19 1.00379
65396 -95.59 73.95 1.37e-19 1.04587
63221 -21.51 61.46 1.86e-19 1.15820
63443 45.48 49.24 1.25e-19 1.00955
64046 20.50 70.00 1.98e-19 1.09329
64082 20.50 48.00 1.38e-19 1.04829
64043 20.50 72.00 1.92e-19 1.06226
64040 20.50 74.00 1.87e-19 1.04192
64781 -30.59 55.29 1.40e-19 1.05353
64778 -34.18 53.14 1.20e-19 0.99352
64784 -26.57 57.31 1.58e-19 1.10249
64079 20.50 50.00 1.51e-19 1.08483
64787 -22.08 59.16 1.75e-19 1.13856
64919 -2.88 70.09 2.04e-19 1.12742
64925 15.00 71.00 1.93e-19 1.07028
64922 5.86 70.77 1.98e-19 1.09169
64439 54.68 50.43 1.19e-19 0.99053
64445 61.37 46.31 8.15e-20 0.85242
64442 58.18 48.44 9.99e-20 0.92571
63119 -95.35 67.98 1.02e-19 0.93278
63125 -90.61 68.69 1.12e-19 0.97002
63377 68.74 63.99 1.73e-19 1.13371
64544 53.49 54.84 1.49e-19 1.07850
64187 23.29 43.52 1.05e-19 0.94546
64325 -18.58 49.61 1.23e-19 1.00354
63776 -159.50 74.00 9.68e-20 0.91379
64181 15.00 44.00 1.10e-19 0.96283
64178 10.84 43.88 1.09e-19 0.95853
64184 19.16 43.88 1.09e-19 0.95853
64013 -159.50 88.00 1.87e-19 1.15930
64250 37.26 46.89 1.19e-19 0.99034
64253 41.20 45.58 1.05e-19 0.94506
64073 20.50 54.00 1.76e-19 1.14026
64070 20.50 56.00 1.86e-19 1.15829
65246 94.74 71.70 1.66e-19 1.11917
65492 179.69 78.56 1.30e-19 1.02603
65243 91.92 74.59 1.80e-19 1.14766
65495 166.50 77.35 1.26e-19 1.01421
64076 20.50 52.00 1.64e-19 1.11564
65240 87.99 77.44 1.91e-19 1.16493
64208 23.74 46.51 1.26e-19 1.01427
64457 -27.42 52.92 1.30e-19 1.02655
65177 81.53 73.61 1.89e-19 1.16194
64166 11.03 40.88 8.86e-20 0.88194
64163 15.00 38.00 7.08e-20 0.80401
65171 67.87 78.68 2.04e-19 1.17239
64094 20.50 40.00 8.26e-20 0.85691
65174 75.89 76.23 1.98e-19 1.17254
64160 15.00 35.00 5.39e-20 0.71768
65387 -90.51 65.03 9.09e-20 0.89103
63257 -9.72 54.13 1.63e-19 1.11414
65297 96.36 83.93 1.94e-19 1.16919
63251 -11.73 55.69 1.70e-19 1.12873
65381 113.36 62.69 8.77e-20 0.87845
65384 113.42 59.64 7.08e-20 0.80416
65357 139.00 86.38 1.86e-19 1.15727
65348 -94.24 83.64 1.82e-19 1.15085
65351 -109.00 86.38 1.86e-19 1.15727
64091 20.50 42.00 9.58e-20 0.91018
65354 -165.00 88.00 1.87e-19 1.15924
63179 -48.39 68.69 1.77e-19 1.14287
63185 -43.65 67.98 1.81e-19 1.15031
63323 105.02 69.92 1.42e-19 1.06069
65342 -86.22 77.76 1.66e-19 1.11903
65345 -88.82 80.73 1.75e-19 1.13873
65339 -84.82 74.77 1.54e-19 1.09049
65045 15.00 77.00 1.93e-19 1.07028
65042 1.88 76.67 1.98e-19 1.09173
65039 -10.07 75.72 2.04e-19 1.12739
63407 54.89 57.20 1.61e-19 1.10728
65423 129.24 76.82 1.49e-19 1.07864
64823 52.08 59.16 1.75e-19 1.13856
65489 -165.00 79.00 1.31e-19 1.03031
64820 47.07 60.82 1.89e-19 1.16181
64967 -29.19 68.20 1.99e-19 1.17267
64964 -34.69 66.09 1.87e-19 1.15915
63401 57.23 58.68 1.65e-19 1.11759
63095 40.40 47.00 1.16e-19 0.98154
64961 -39.32 63.82 1.71e-19 1.13023
64958 -43.24 61.42 1.52e-19 1.08671
64826 56.57 57.31 1.58e-19 1.10249
65063 70.62 68.01 1.86e-19 1.15726
65126 84.80 64.32 1.46e-19 1.07244
65060 65.21 70.32 1.98e-19 1.17211
65123 81.58 67.01 1.65e-19 1.11834
65066 75.03 65.56 1.70e-19 1.12727
65120 77.61 69.63 1.82e-19 1.15086
64592 57.42 52.92 1.30e-19 1.02655
64499 49.14 56.59 1.66e-19 1.11898
65519 -154.87 72.69 8.86e-20 0.88168
65522 -165.00 73.00 8.98e-20 0.88657
65525 -175.13 72.69 8.86e-20 0.88168
63293 -0.15 44.10 1.06e-19 0.94628
64055 20.50 64.00 2.07e-19 1.16089
64052 20.50 66.00 2.06e-19 1.14432
64466 -14.37 58.15 1.80e-19 1.14769
64049 20.50 68.00 2.03e-19 1.12149
64463 -19.14 56.59 1.66e-19 1.11898
64460 -23.49 54.84 1.49e-19 1.07850
64889 60.17 59.65 1.65e-19 1.11842
64895 67.82 55.26 1.26e-19 1.01391
64892 64.24 57.52 1.46e-19 1.07230
65225 -22.03 85.01 2.05e-19 1.17143
64376 58.87 43.83 7.08e-20 0.80418
64004 -159.50 82.00 1.52e-19 1.08718
64370 52.30 47.83 1.05e-19 0.94493
64007 -159.50 84.00 1.65e-19 1.11757
64373 55.72 45.90 8.77e-20 0.87816
64229 5.74 49.49 1.46e-19 1.07240
64235 15.00 50.00 1.52e-19 1.08676
64232 10.34 49.87 1.51e-19 1.08312
64109 -154.30 85.50 1.74e-19 1.13681
64115 -154.30 83.50 1.62e-19 1.11140
64112 -154.30 84.50 1.68e-19 1.12489
63809 -159.50 76.00 1.11e-19 0.96367
64283 15.00 53.00 1.71e-19 1.13024
64280 10.03 52.87 1.70e-19 1.12753
64286 19.97 52.87 1.70e-19 1.12753
65312 105.25 69.00 1.37e-19 1.04581
65315 106.03 66.00 1.19e-19 0.99066
65309 104.36 72.00 1.54e-19 1.09058
65306 103.29 74.99 1.68e-19 1.12428
65198 -70.10 62.89 1.11e-19 0.96368
65201 -68.64 65.84 1.30e-19 1.02644
65204 -66.90 68.78 1.49e-19 1.07868
65207 -64.74 71.70 1.66e-19 1.11917
65300 99.91 80.96 1.89e-19 1.16188
65303 101.91 77.98 1.80e-19 1.14766
65078 -54.80 64.32 1.46e-19 1.07244
65081 -51.58 67.01 1.65e-19 1.11834
65411 -165.00 85.00 1.71e-19 1.13024
65084 -47.61 69.63 1.82e-19 1.15086
65087 -42.61 72.15 1.94e-19 1.16917
64859 -7.85 66.25 2.07e-19 1.16497
64865 7.04 67.80 2.04e-19 1.12738
65417 145.34 82.12 1.65e-19 1.11848
63329 99.62 69.66 1.49e-19 1.07898
63335 94.39 69.25 1.55e-19 1.09456
63449 43.95 47.55 1.15e-19 0.97936
63455 42.51 45.84 1.05e-19 0.94601
64994 52.64 70.09 2.05e-19 1.17017
64988 35.87 72.94 2.03e-19 1.11805
64991 44.88 71.70 2.07e-19 1.15176
63215 -24.50 62.76 1.88e-19 1.16041
65153 -37.87 78.68 2.04e-19 1.17239
64997 59.19 68.20 1.99e-19 1.17267
63209 -27.74 63.99 1.88e-19 1.16131
64934 40.90 69.01 2.07e-19 1.15588
64016 14.04 90.00 1.95e-19 1.16999
64931 32.88 70.09 2.04e-19 1.12742
63431 48.85 52.53 1.42e-19 1.05900
64928 24.14 70.77 1.98e-19 1.09169
64010 -159.50 86.00 1.77e-19 1.14173
63473 -159.50 70.00 7.10e-20 0.80520
64937 48.05 67.59 2.05e-19 1.17140
63437 47.11 50.90 1.33e-19 1.03604
65132 -65.42 59.53 9.93e-20 0.92316
65135 -63.62 62.41 1.19e-19 0.99316
65129 87.47 61.57 1.26e-19 1.01407
64772 64.20 48.66 9.12e-20 0.89215
64775 -37.39 50.87 9.93e-20 0.92356
64415 15.00 59.00 1.99e-19 1.17272
64412 9.19 58.85 1.98e-19 1.17208
64409 3.49 58.40 1.94e-19 1.16922
63137 -80.38 69.66 1.33e-19 1.03366
63131 -85.61 69.25 1.23e-19 1.00346
64316 -22.30 47.83 1.05e-19 0.94493
64313 -25.72 45.90 8.77e-20 0.87816
64310 -28.87 43.83 7.08e-20 0.80418
63155 -64.02 69.92 1.59e-19 1.10366
63149 -69.50 70.00 1.51e-19 1.08387
64259 -20.22 45.15 9.09e-20 0.89106
64265 -12.75 48.42 1.23e-19 1.00351
64262 -16.62 46.88 1.07e-19 0.95203
65327 -83.36 62.69 8.77e-20 0.87845
57281 15.00 -74.00 1.04e-20 0.01037
64100 -154.30 88.50 1.89e-19 1.16273
64103 -154.30 87.50 1.85e-19 1.15576
65237 82.04 80.22 1.98e-19 1.17256
65234 71.87 82.83 2.03e-19 1.17343
64106 -154.30 86.50 1.80e-19 1.14711
65231 52.03 85.01 2.05e-19 1.17143
65228 15.00 86.00 2.05e-19 1.17019
65267 -76.03 66.00 1.19e-19 0.99066
64088 20.50 44.00 1.10e-19 0.96031
64193 2.01 45.89 1.19e-19 0.99312
64190 -2.11 45.05 1.11e-19 0.96399
64157 -154.30 77.50 1.22e-19 1.00062
64154 -154.30 71.50 8.10e-20 0.85016
64151 -154.30 72.50 8.75e-20 0.87721
64148 -154.30 73.50 9.41e-20 0.90360
64196 6.26 46.51 1.26e-19 1.01427
64982 15.00 74.00 1.79e-19 1.01007
64985 25.77 73.73 1.93e-19 1.07030
65369 114.82 74.77 1.54e-19 1.09049
64979 4.23 73.73 1.93e-19 1.07030
65375 113.60 68.75 1.23e-19 1.00365
65372 114.03 71.77 1.39e-19 1.05232
65366 116.22 77.76 1.66e-19 1.11903
65360 124.24 83.64 1.82e-19 1.15085
65363 118.82 80.73 1.75e-19 1.13873
65459 174.45 81.43 1.51e-19 1.08335
65462 158.42 79.90 1.46e-19 1.07236
65465 147.41 77.77 1.40e-19 1.05375
63173 -53.39 69.25 1.72e-19 1.13273
65036 -20.23 74.26 2.07e-19 1.15587
65270 -75.25 69.00 1.37e-19 1.04581
65273 -74.36 72.00 1.54e-19 1.09058
64952 71.94 57.20 1.30e-19 1.02620
65276 -73.29 74.99 1.68e-19 1.12428
65030 -35.21 70.32 1.98e-19 1.17211
65033 -28.52 72.43 2.05e-19 1.17142
64808 22.07 64.82 2.07e-19 1.15587
64811 28.94 64.29 2.07e-19 1.16497
65501 148.54 73.33 1.11e-19 0.96379
63353 80.22 67.15 1.68e-19 1.12458
64817 41.53 62.26 1.98e-19 1.17262
63005 15.00 -90.00 6.63e-20 0.06631
63389 62.51 61.46 1.71e-19 1.12987
62999 15.00 -74.00 1.04e-20 0.01037
63395 59.77 60.10 1.68e-19 1.12487
65507 -152.81 75.64 1.09e-19 0.95821
65054 50.23 74.26 2.07e-19 1.15587
65096 -16.27 78.38 2.07e-19 1.14718
65051 40.07 75.72 2.04e-19 1.12739
65048 28.12 76.67 1.98e-19 1.09173
65090 -36.13 74.51 2.03e-19 1.17341
65093 -27.58 76.63 2.07e-19 1.16495
65057 58.52 72.43 2.05e-19 1.17142
64496 44.37 58.15 1.80e-19 1.14769
64490 33.56 60.56 1.98e-19 1.17260
64493 39.17 59.48 1.91e-19 1.16491
63017 15.00 -90.00 6.63e-20 0.06631
63305 121.38 69.66 1.17e-19 0.98540
63011 15.00 -74.00 1.04e-20 0.01037
63299 126.61 69.25 1.08e-19 0.95425
64058 20.50 62.00 2.05e-19 1.17074
64061 20.50 60.00 2.01e-19 1.17363
64067 20.50 58.00 1.95e-19 1.16947
64802 7.93 64.82 2.07e-19 1.15587
64805 15.00 65.00 2.07e-19 1.15176
64799 1.06 64.29 2.07e-19 1.16497
64907 -29.72 63.95 1.86e-19 1.15731
64904 -34.39 61.83 1.70e-19 1.12729
64898 -41.94 57.20 1.30e-19 1.02620
64901 -38.43 59.57 1.51e-19 1.08306
64829 60.59 55.29 1.40e-19 1.05353
64379 -31.37 46.31 8.15e-20 0.85242
64367 48.58 49.61 1.23e-19 1.00354
64364 44.55 51.21 1.39e-19 1.05224
64361 40.23 52.61 1.54e-19 1.09049
64358 35.61 53.80 1.66e-19 1.11925
63371 72.27 65.14 1.72e-19 1.13268
63101 -146.50 74.10 1.00e-19 0.92630
63107 41.70 76.00 2.05e-19 1.13241
63968 -159.50 80.00 1.39e-19 1.05102
64343 9.65 55.86 1.86e-19 1.15734
63365 76.09 66.19 1.71e-19 1.12949
64247 33.10 47.99 1.30e-19 1.02666
64340 4.38 55.44 1.82e-19 1.15101
64244 28.75 48.86 1.40e-19 1.05382
64238 19.66 49.87 1.51e-19 1.08312
64346 15.00 56.00 1.87e-19 1.15924
64241 24.26 49.49 1.46e-19 1.07240
64268 -8.62 49.77 1.37e-19 1.04586
64271 -4.25 50.90 1.49e-19 1.07840
64274 0.34 51.81 1.58e-19 1.10255
64277 5.12 52.47 1.65e-19 1.11856
65264 -76.74 62.99 9.99e-20 0.92568
65261 -77.40 59.97 8.15e-20 0.85241
65258 101.35 59.93 9.12e-20 0.89213
65324 -83.42 59.64 7.08e-20 0.80416
65321 107.40 59.97 8.15e-20 0.85241
65318 106.74 62.99 9.99e-20 0.92568
64145 -154.30 74.50 1.01e-19 0.92922
65189 93.62 62.41 1.19e-19 0.99316
65195 -71.35 59.93 9.12e-20 0.89213
64139 -154.30 76.50 1.15e-19 0.97782
65441 -105.01 72.61 1.19e-19 0.99053
65438 -101.49 69.80 1.05e-19 0.94523
65444 -110.04 75.29 1.30e-19 1.02652
65447 -117.41 77.77 1.40e-19 1.05375
63341 89.39 68.69 1.60e-19 1.10725
63347 84.65 67.98 1.65e-19 1.11709
65018 -45.03 65.56 1.70e-19 1.12727
65027 -40.62 68.01 1.86e-19 1.15726
65159 -8.31 82.40 2.07e-19 1.15587
63239 -16.23 58.68 1.80e-19 1.14846
63245 -13.89 57.20 1.76e-19 1.13980
65165 38.31 82.40 2.07e-19 1.15587
63419 50.72 54.13 1.49e-19 1.07856
64943 59.72 63.95 1.86e-19 1.15731
64946 64.39 61.83 1.70e-19 1.12729
64847 -30.17 59.65 1.65e-19 1.11842
65141 -58.92 68.10 1.58e-19 1.10243
65138 -61.49 65.27 1.40e-19 1.05358
64838 67.39 50.87 9.93e-20 0.92356
64841 -37.82 55.26 1.26e-19 1.01391
64844 -34.24 57.52 1.46e-19 1.07230
64478 8.63 61.84 2.05e-19 1.17144
64481 15.00 62.00 2.05e-19 1.17019
64484 21.37 61.84 2.05e-19 1.17144
64487 27.59 61.35 2.03e-19 1.17343
64421 26.51 58.40 1.94e-19 1.16922
64424 32.00 57.66 1.89e-19 1.16189
64853 -20.33 63.41 1.94e-19 1.16916
64850 -25.56 61.63 1.82e-19 1.15102
64856 -14.43 64.97 2.03e-19 1.17346
63143 -74.98 69.92 1.42e-19 1.06086
64307 50.22 45.15 9.09e-20 0.89106
64298 38.62 49.77 1.37e-19 1.04586
64301 42.75 48.42 1.23e-19 1.00351
64304 46.62 46.88 1.07e-19 0.95203
64874 30.65 67.20 2.07e-19 1.14720
64868 15.00 68.00 2.03e-19 1.11806
64871 22.96 67.80 2.04e-19 1.12738
64877 37.85 66.25 2.07e-19 1.16497
64022 20.50 86.00 2.05e-19 1.17028
64025 20.50 84.00 2.07e-19 1.15995
64397 -16.66 53.94 1.54e-19 1.09073
64019 20.50 88.00 2.01e-19 1.17366
64394 -20.85 52.27 1.37e-19 1.04581
64388 -28.18 48.44 9.99e-20 0.92571
64391 -24.68 50.43 1.19e-19 0.99053
64214 32.11 45.05 1.11e-19 0.96399
64097 -154.30 89.50 1.93e-19 1.16800
64211 27.99 45.89 1.19e-19 0.99312
65219 -52.04 80.22 1.98e-19 1.17256
64217 -11.20 45.58 1.05e-19 0.94506
65222 -41.87 82.83 2.03e-19 1.17343
64427 37.23 56.66 1.80e-19 1.14774
64199 10.61 46.88 1.30e-19 1.02649
64202 15.00 47.00 1.31e-19 1.03031
64205 19.39 46.88 1.30e-19 1.02649
64976 -5.87 72.94 2.03e-19 1.11805
64973 -14.88 71.70 2.07e-19 1.15176
64970 -22.64 70.09 2.05e-19 1.17017
65450 -128.42 79.90 1.46e-19 1.07236
65453 -144.45 81.43 1.51e-19 1.08335
65162 15.00 83.00 2.07e-19 1.15176
63203 -31.27 65.14 1.88e-19 1.16083
65279 -71.91 77.98 1.80e-19 1.14766
65285 -66.36 83.93 1.94e-19 1.16919
65282 -69.91 80.96 1.89e-19 1.16188
65471 135.01 72.61 1.19e-19 0.99053
65468 140.04 75.29 1.30e-19 1.02652
65474 131.49 69.80 1.05e-19 0.94523
65477 -118.54 73.33 1.11e-19 0.96379
62993 15.00 -90.00 6.63e-20 0.06631
64940 54.30 65.88 1.98e-19 1.17203
65099 -1.81 79.57 2.04e-19 1.12739
65105 31.81 79.57 2.04e-19 1.12739
65102 15.00 80.00 2.03e-19 1.11806
64688 60.98 50.85 1.11e-19 0.96372
65405 -115.34 82.12 1.65e-19 1.11848
65402 -105.13 79.58 1.58e-19 1.10253
65399 -99.24 76.82 1.49e-19 1.07864
63269 -6.11 50.90 1.47e-19 1.07375
63275 -4.48 49.24 1.38e-19 1.04777
64037 20.50 76.00 1.91e-19 1.06016
64034 20.50 78.00 1.98e-19 1.09116
64028 20.50 82.00 2.06e-19 1.14292
64031 20.50 80.00 2.03e-19 1.11968
64916 -10.90 69.01 2.07e-19 1.15588
64793 -11.53 62.26 1.98e-19 1.17262
64790 -17.07 60.82 1.89e-19 1.16181
64910 -24.30 65.88 1.98e-19 1.17203
64913 -18.05 67.59 2.05e-19 1.17140
64796 -5.47 63.42 2.04e-19 1.17237
65144 -55.70 70.89 1.75e-19 1.13880
64430 42.12 55.41 1.68e-19 1.12444
64433 46.66 53.94 1.54e-19 1.09073
64349 20.35 55.86 1.86e-19 1.15734
64352 25.62 55.44 1.82e-19 1.15101
64355 30.72 54.74 1.75e-19 1.13860
63383 65.50 62.76 1.72e-19 1.13272
63113 -138.30 76.00 1.16e-19 0.98236
64436 50.85 52.27 1.37e-19 1.04581
64334 -5.61 53.80 1.66e-19 1.11925
65504 -141.78 74.62 1.05e-19 0.94501
64331 -10.23 52.61 1.54e-19 1.09049
64328 -14.55 51.21 1.39e-19 1.05224
64169 15.00 41.00 8.98e-20 0.88657
64172 18.97 40.88 8.86e-20 0.88194
64175 6.71 43.52 1.05e-19 0.94546
64337 -0.72 54.74 1.75e-19 1.13860
64814 35.47 63.42 2.04e-19 1.17237
65147 -51.53 73.61 1.89e-19 1.16194
65249 96.90 68.78 1.49e-19 1.07868
64085 20.50 46.00 1.24e-19 1.00657
65336 -84.03 71.77 1.39e-19 1.05232
65252 98.64 65.84 1.30e-19 1.02644
65255 100.10 62.89 1.11e-19 0.96368
65330 -83.40 65.72 1.05e-19 0.94518
65333 -83.60 68.75 1.23e-19 1.00365
64418 20.81 58.85 1.98e-19 1.17208
64133 -154.30 79.50 1.36e-19 1.04280
65186 91.49 65.27 1.40e-19 1.05358
64136 -154.30 78.50 1.29e-19 1.02230
65183 88.92 68.10 1.58e-19 1.10243
65180 85.70 70.89 1.75e-19 1.13880
65192 95.42 59.53 9.93e-20 0.92316
65414 164.13 84.15 1.70e-19 1.12754
65432 121.61 68.04 1.07e-19 0.95181
65435 120.51 65.03 9.09e-20 0.89103
63263 -7.85 52.53 1.56e-19 1.09581
65429 123.21 71.02 1.23e-19 1.00379
65408 -134.13 84.15 1.70e-19 1.12754
63317 110.50 70.00 1.34e-19 1.03878
63311 115.98 69.92 1.26e-19 1.01404
65009 76.59 58.92 1.31e-19 1.03006
65015 -48.69 63.02 1.51e-19 1.08336
65012 -51.77 60.39 1.30e-19 1.02611
65528 -165.00 70.00 7.08e-20 0.80401
65531 -165.00 67.00 5.39e-20 0.71768
63413 52.73 55.69 1.55e-19 1.09463
64955 -46.59 58.92 1.31e-19 1.03006
64949 68.43 59.57 1.51e-19 1.08306
65111 57.58 76.63 2.07e-19 1.16495
65168 55.98 80.83 2.07e-19 1.16495
65108 46.27 78.38 2.07e-19 1.14718
65114 66.13 74.51 2.03e-19 1.17341
65117 72.61 72.15 1.94e-19 1.16917
64862 -0.65 67.20 2.07e-19 1.14720
64835 64.18 53.14 1.20e-19 0.99352
65456 -165.00 82.00 1.52e-19 1.08676
64469 -9.17 59.48 1.91e-19 1.16491
64475 2.41 61.35 2.03e-19 1.17343
64472 -3.56 60.56 1.98e-19 1.17260
65513 -177.19 75.64 1.09e-19 0.95821
65510 -165.00 76.00 1.10e-19 0.96283
65516 171.78 74.62 1.05e-19 0.94501
64451 -34.20 48.66 9.12e-20 0.89215
64454 -30.98 50.85 1.11e-19 0.96372
63905 -159.50 78.00 1.25e-19 1.00964
64289 24.88 52.47 1.65e-19 1.11856
64295 34.25 50.90 1.49e-19 1.07840
64292 29.66 51.81 1.58e-19 1.10255
64883 50.33 63.41 1.94e-19 1.16916
64880 44.43 64.97 2.03e-19 1.17346
65498 156.21 75.54 1.19e-19 0.99332
63584 -159.50 72.00 8.35e-20 0.86072
64886 55.56 61.63 1.82e-19 1.15102
64406 -2.00 57.66 1.89e-19 1.16189
65378 113.40 65.72 1.05e-19 0.94518
64403 -7.23 56.66 1.80e-19 1.14774
64400 -12.12 55.41 1.68e-19 1.12444
64223 -3.10 47.99 1.30e-19 1.02666
64220 -7.26 46.89 1.19e-19 0.99034
64118 -154.30 82.50 1.56e-19 1.09639
64121 -154.30 81.50 1.49e-19 1.07991
64226 1.25 48.86 1.40e-19 1.05382
64124 -154.30 80.50 1.43e-19 1.06202
63161 -58.62 69.66 1.66e-19 1.11967
