65006 73.24 61.42 1.40e-19 0.99997
65000 64.69 66.09 1.62e-19 1.00551
65003 69.32 63.82 1.51e-19 1.00152
63197 -35.09 66.19 1.62e-19 1.00543
64142 -154.30 75.50 1.14e-19 1.00482
63191 -39.22 67.15 1.60e-19 1.00479
65213 -57.99 77.44 1.65e-19 1.00726
65210 -61.92 74.59 1.57e-19 1.00336
65294 86.94 86.84 1.70e-19 1.01138
65291 15.00 89.00 1.71e-19 1.01217
65288 -56.94 86.84 1.70e-19 1.01138
65075 -57.47 61.57 1.25e-19 1.00156
62987 15.00 -74.00 7.16e-20 0.07159
65072 81.77 60.39 1.27e-19 1.00097
65486 -149.69 78.56 1.27e-19 1.00092
65069 78.69 63.02 1.39e-19 1.00008
65420 135.13 79.58 1.44e-19 1.00025
62981 15.00 -90.00 1.16e-19 0.11585
65483 -136.50 77.35 1.25e-19 1.00165
65156 -25.98 80.83 1.82e-19 1.02576
65426 125.59 73.95 1.31e-19 1.00048
65480 -126.21 75.54 1.21e-19 1.00250
63281 -2.95 47.55 1.25e-19 1.00129
63287 -1.51 45.84 1.19e-19 1.00310
65150 -45.89 76.23 1.71e-19 1.01194
65390 -91.61 68.04 1.13e-19 1.00494
63227 -18.77 60.10 1.60e-19 1.00450
65393 -93.21 71.02 1.23e-19 1.00214
65396 -95.59 73.95 1.31e-19 1.00048
63221 -21.51 61.46 1.62e-19 1.00529
63443 45.48 49.24 1.24e-19 1.00167
64046 20.50 70.00 1.92e-19 1.05830
64082 20.50 48.00 1.31e-19 1.00039
64043 20.50 72.00 1.93e-19 1.06981
64040 20.50 74.00 1.93e-19 1.07718
64781 -30.59 55.29 1.33e-19 1.00020
64778 -34.18 53.14 1.21e-19 1.00262
64784 -26.57 57.31 1.44e-19 1.00023
64079 20.50 50.00 1.39e-19 0.99999
64787 -22.08 59.16 1.54e-19 1.00217
64919 -2.88 70.09 1.89e-19 1.04473
64925 15.00 71.00 1.93e-19 1.06688
64922 5.86 70.77 1.92e-19 1.05890
64439 54.68 50.43 1.20e-19 1.00268
64445 61.37 46.31 9.69e-20 1.01317
64442 58.18 48.44 1.09e-19 1.00697
63119 -95.35 67.98 1.10e-19 1.00628
63125 -90.61 68.69 1.16e-19 1.00397
63377 68.74 63.99 1.53e-19 1.00180
64544 53.49 54.84 1.38e-19 0.99991
64187 23.29 43.52 1.12e-19 1.00551
64325 -18.58 49.61 1.22e-19 1.00198
63776 -159.50 74.00 1.07e-19 1.00774
64181 15.00 44.00 1.15e-19 1.00426
64178 10.84 43.88 1.14e-19 1.00458
64184 19.16 43.88 1.14e-19 1.00458
64013 -159.50 88.00 1.62e-19 1.00558
64250 37.26 46.89 1.20e-19 1.00257
64253 41.20 45.58 1.12e-19 1.00527
64073 20.50 54.00 1.55e-19 1.00245
64070 20.50 56.00 1.62e-19 1.00534
65246 94.74 71.70 1.48e-19 1.00087
65492 179.69 78.56 1.27e-19 1.00092
65243 91.92 74.59 1.57e-19 1.00336
65495 166.50 77.35 1.25e-19 1.00165
64076 20.50 52.00 1.47e-19 1.00067
65240 87.99 77.44 1.65e-19 1.00726
64208 23.74 46.51 1.25e-19 1.00169
64457 -27.42 52.92 1.27e-19 1.00106
65177 81.53 73.61 1.63e-19 1.00630
64166 11.03 40.88 1.02e-19 1.01037
64163 15.00 38.00 8.96e-20 1.01816
65171 67.87 78.68 1.77e-19 1.01877
64094 20.50 40.00 9.76e-20 1.01271
65174 75.89 76.23 1.71e-19 1.01194
64160 15.00 35.00 7.73e-20 1.02874
65387 -90.51 65.03 1.03e-19 1.00950
63257 -9.72 54.13 1.47e-19 1.00066
65297 96.36 83.93 1.68e-19 1.00919
63251 -11.73 55.69 1.51e-19 1.00149
65381 113.36 62.69 1.01e-19 1.01085
65384 113.42 59.64 8.96e-20 1.01827
65357 139.00 86.38 1.61e-19 1.00509
65348 -94.24 83.64 1.58e-19 1.00384
65351 -109.00 86.38 1.61e-19 1.00509
64091 20.50 42.00 1.06e-19 1.00803
65354 -165.00 88.00 1.62e-19 1.00557
63179 -48.39 68.69 1.56e-19 1.00278
63185 -43.65 67.98 1.58e-19 1.00379
63323 105.02 69.92 1.34e-19 1.00025
65342 -86.22 77.76 1.48e-19 1.00079
65345 -88.82 80.73 1.54e-19 1.00228
65339 -84.82 74.77 1.41e-19 0.99999
65045 15.00 77.00 1.93e-19 1.06688
65042 1.88 76.67 1.92e-19 1.05889
65039 -10.07 75.72 1.89e-19 1.04475
63407 54.89 57.20 1.45e-19 1.00028
65423 129.24 76.82 1.38e-19 1.00000
64823 52.08 59.16 1.54e-19 1.00217
65489 -165.00 79.00 1.28e-19 1.00092
64820 47.07 60.82 1.63e-19 1.00620
64967 -29.19 68.20 1.71e-19 1.01213
64964 -34.69 66.09 1.62e-19 1.00551
63401 57.23 58.68 1.48e-19 1.00085
63095 40.40 47.00 1.18e-19 1.00314
64961 -39.32 63.82 1.51e-19 1.00152
64958 -43.24 61.42 1.40e-19 0.99997
64826 56.57 57.31 1.44e-19 1.00023
65063 70.62 68.01 1.61e-19 1.00509
65126 84.80 64.32 1.37e-19 1.00007
65060 65.21 70.32 1.70e-19 1.01141
65123 81.58 67.01 1.48e-19 1.00077
65066 75.03 65.56 1.51e-19 1.00127
65120 77.61 69.63 1.58e-19 1.00385
64592 57.42 52.92 1.27e-19 1.00106
64499 49.14 56.59 1.48e-19 1.00076
65519 -154.87 72.69 1.02e-19 1.01020
65522 -165.00 73.00 1.02e-19 1.01000
65525 -175.13 72.69 1.02e-19 1.01020
63293 -0.15 44.10 1.12e-19 1.00545
64055 20.50 64.00 1.83e-19 1.02843
64052 20.50 66.00 1.87e-19 1.03722
64466 -14.37 58.15 1.57e-19 1.00339
64049 20.50 68.00 1.90e-19 1.04721
64463 -19.14 56.59 1.48e-19 1.00076
64460 -23.49 54.84 1.38e-19 0.99991
64889 60.17 59.65 1.48e-19 1.00082
64895 67.82 55.26 1.24e-19 1.00147
64892 64.24 57.52 1.37e-19 0.99999
65225 -22.03 85.01 1.78e-19 1.02017
64376 58.87 43.83 8.96e-20 1.01828
64004 -159.50 82.00 1.40e-19 1.00000
64370 52.30 47.83 1.12e-19 1.00519
64007 -159.50 84.00 1.48e-19 1.00076
64373 55.72 45.90 1.01e-19 1.01067
64229 5.74 49.49 1.37e-19 1.00005
64235 15.00 50.00 1.40e-19 1.00000
64232 10.34 49.87 1.39e-19 0.99994
64109 -154.30 85.50 1.54e-19 1.00210
64115 -154.30 83.50 1.46e-19 1.00050
64112 -154.30 84.50 1.50e-19 1.00116
63809 -159.50 76.00 1.15e-19 1.00420
64283 15.00 53.00 1.51e-19 1.00153
64280 10.03 52.87 1.51e-19 1.00143
64286 19.97 52.87 1.51e-19 1.00143
65312 105.25 69.00 1.31e-19 1.00044
65315 106.03 66.00 1.20e-19 1.00277
65309 104.36 72.00 1.41e-19 1.00005
65306 103.29 74.99 1.50e-19 1.00109
65198 -70.10 62.89 1.15e-19 1.00406
65201 -68.64 65.84 1.27e-19 1.00099
65204 -66.90 68.78 1.38e-19 1.00002
65207 -64.74 71.70 1.48e-19 1.00087
65300 99.91 80.96 1.63e-19 1.00625
65303 101.91 77.98 1.57e-19 1.00337
65078 -54.80 64.32 1.37e-19 1.00007
65081 -51.58 67.01 1.48e-19 1.00077
65411 -165.00 85.00 1.51e-19 1.00153
65084 -47.61 69.63 1.58e-19 1.00385
65087 -42.61 72.15 1.68e-19 1.00918
64859 -7.85 66.25 1.82e-19 1.02581
64865 7.04 67.80 1.89e-19 1.04476
65417 145.34 82.12 1.48e-19 1.00085
63329 99.62 69.66 1.38e-19 0.99993
63335 94.39 69.25 1.42e-19 1.00007
63449 43.95 47.55 1.18e-19 1.00316
63455 42.51 45.84 1.12e-19 1.00547
64994 52.64 70.09 1.79e-19 1.02141
64988 35.87 72.94 1.90e-19 1.04862
64991 44.88 71.70 1.86e-19 1.03355
63215 -24.50 62.76 1.63e-19 1.00583
65153 -37.87 78.68 1.77e-19 1.01877
64997 59.19 68.20 1.71e-19 1.01213
63209 -27.74 63.99 1.63e-19 1.00610
64934 40.90 69.01 1.85e-19 1.03132
64016 14.04 90.00 1.68e-19 1.00968
64931 32.88 70.09 1.89e-19 1.04473
63431 48.85 52.53 1.34e-19 1.00013
64928 24.14 70.77 1.92e-19 1.05890
64010 -159.50 86.00 1.55e-19 1.00261
63473 -159.50 70.00 8.98e-20 1.01803
64937 48.05 67.59 1.78e-19 1.02012
63437 47.11 50.90 1.29e-19 1.00065
65132 -65.42 59.53 1.08e-19 1.00696
65135 -63.62 62.41 1.21e-19 1.00240
65129 87.47 61.57 1.25e-19 1.00156
64772 64.20 48.66 1.03e-19 1.00945
64775 -37.39 50.87 1.08e-19 1.00721
64415 15.00 59.00 1.71e-19 1.01217
64412 9.19 58.85 1.70e-19 1.01138
64409 3.49 58.40 1.68e-19 1.00921
63137 -80.38 69.66 1.28e-19 1.00067
63131 -85.61 69.25 1.22e-19 1.00196
64316 -22.30 47.83 1.12e-19 1.00519
64313 -25.72 45.90 1.01e-19 1.01067
64310 -28.87 43.83 8.96e-20 1.01828
63155 -64.02 69.92 1.44e-19 1.00034
63149 -69.50 70.00 1.39e-19 0.99999
64259 -20.22 45.15 1.03e-19 1.00952
64265 -12.75 48.42 1.22e-19 1.00196
64262 -16.62 46.88 1.13e-19 1.00507
65327 -83.36 62.69 1.01e-19 1.01085
57281 15.00 -74.00 7.16e-20 0.07159
64100 -154.30 88.50 1.64e-19 1.00653
64103 -154.30 87.50 1.60e-19 1.00478
65237 82.04 80.22 1.71e-19 1.01195
65234 71.87 82.83 1.76e-19 1.01661
64106 -154.30 86.50 1.57e-19 1.00330
65231 52.03 85.01 1.78e-19 1.02017
65228 15.00 86.00 1.79e-19 1.02145
65267 -76.03 66.00 1.20e-19 1.00277
64088 20.50 44.00 1.15e-19 1.00442
64193 2.01 45.89 1.21e-19 1.00238
64190 -2.11 45.05 1.15e-19 1.00425
64157 -154.30 77.50 1.22e-19 1.00215
64154 -154.30 71.50 9.66e-20 1.01336
64151 -154.30 72.50 1.01e-19 1.01083
64148 -154.30 73.50 1.05e-19 1.00856
64196 6.26 46.51 1.25e-19 1.00169
64982 15.00 74.00 1.93e-19 1.08860
64985 25.77 73.73 1.93e-19 1.06688
65369 114.82 74.77 1.41e-19 0.99999
64979 4.23 73.73 1.93e-19 1.06688
65375 113.60 68.75 1.23e-19 1.00205
65372 114.03 71.77 1.32e-19 1.00042
65366 116.22 77.76 1.48e-19 1.00079
65360 124.24 83.64 1.58e-19 1.00384
65363 118.82 80.73 1.54e-19 1.00228
65459 174.45 81.43 1.39e-19 1.00008
65462 158.42 79.90 1.37e-19 1.00003
65465 147.41 77.77 1.33e-19 1.00033
63173 -53.39 69.25 1.52e-19 1.00173
65036 -20.23 74.26 1.85e-19 1.03132
65270 -75.25 69.00 1.31e-19 1.00044
65273 -74.36 72.00 1.41e-19 1.00005
64952 71.94 57.20 1.27e-19 1.00102
65276 -73.29 74.99 1.50e-19 1.00109
65030 -35.21 70.32 1.70e-19 1.01141
65033 -28.52 72.43 1.78e-19 1.02015
64808 22.07 64.82 1.85e-19 1.03135
64811 28.94 64.29 1.82e-19 1.02581
65501 148.54 73.33 1.15e-19 1.00413
63353 80.22 67.15 1.50e-19 1.00120
64817 41.53 62.26 1.71e-19 1.01201
63005 15.00 -90.00 1.16e-19 0.11585
63389 62.51 61.46 1.51e-19 1.00148
62999 15.00 -74.00 7.16e-20 0.07159
63395 59.77 60.10 1.50e-19 1.00117
65507 -152.81 75.64 1.14e-19 1.00439
65054 50.23 74.26 1.85e-19 1.03132
65096 -16.27 78.38 1.86e-19 1.03584
65051 40.07 75.72 1.89e-19 1.04475
65048 28.12 76.67 1.92e-19 1.05889
65090 -36.13 74.51 1.76e-19 1.01659
65093 -27.58 76.63 1.82e-19 1.02577
65057 58.52 72.43 1.78e-19 1.02015
64496 44.37 58.15 1.57e-19 1.00339
64490 33.56 60.56 1.71e-19 1.01200
64493 39.17 59.48 1.65e-19 1.00725
63017 15.00 -90.00 1.16e-19 0.11585
63305 121.38 69.66 1.19e-19 1.00277
63011 15.00 -74.00 7.16e-20 0.07159
63299 126.61 69.25 1.14e-19 1.00474
64058 20.50 62.00 1.79e-19 1.02088
64061 20.50 60.00 1.74e-19 1.01452
64067 20.50 58.00 1.68e-19 1.00935
64802 7.93 64.82 1.85e-19 1.03135
64805 15.00 65.00 1.86e-19 1.03354
64799 1.06 64.29 1.82e-19 1.02581
64907 -29.72 63.95 1.61e-19 1.00512
64904 -34.39 61.83 1.51e-19 1.00128
64898 -41.94 57.20 1.27e-19 1.00102
64901 -38.43 59.57 1.39e-19 0.99990
64829 60.59 55.29 1.33e-19 1.00020
64379 -31.37 46.31 9.69e-20 1.01317
64367 48.58 49.61 1.22e-19 1.00198
64364 44.55 51.21 1.32e-19 1.00037
64361 40.23 52.61 1.41e-19 0.99999
64358 35.61 53.80 1.48e-19 1.00092
63371 72.27 65.14 1.52e-19 1.00173
63101 -146.50 74.10 1.09e-19 1.00678
63107 41.70 76.00 1.89e-19 1.04261
63968 -159.50 80.00 1.32e-19 1.00033
64343 9.65 55.86 1.61e-19 1.00514
63365 76.09 66.19 1.51e-19 1.00140
64247 33.10 47.99 1.27e-19 1.00112
64340 4.38 55.44 1.58e-19 1.00395
64244 28.75 48.86 1.33e-19 1.00037
64238 19.66 49.87 1.39e-19 0.99994
64346 15.00 56.00 1.62e-19 1.00557
64241 24.26 49.49 1.37e-19 1.00005
64268 -8.62 49.77 1.31e-19 1.00047
64271 -4.25 50.90 1.38e-19 0.99985
64274 0.34 51.81 1.44e-19 1.00026
64277 5.12 52.47 1.48e-19 1.00090
65264 -76.74 62.99 1.09e-19 1.00695
65261 -77.40 59.97 9.69e-20 1.01316
65258 101.35 59.93 1.03e-19 1.00944
65324 -83.42 59.64 8.96e-20 1.01827
65321 107.40 59.97 9.69e-20 1.01316
65318 106.74 62.99 1.09e-19 1.00695
64145 -154.30 74.50 1.09e-19 1.00656
65189 93.62 62.41 1.21e-19 1.00240
65195 -71.35 59.93 1.03e-19 1.00944
64139 -154.30 76.50 1.18e-19 1.00336
65441 -105.01 72.61 1.20e-19 1.00269
65438 -101.49 69.80 1.12e-19 1.00537
65444 -110.04 75.29 1.27e-19 1.00104
65447 -117.41 77.77 1.33e-19 1.00033
63341 89.39 68.69 1.45e-19 1.00041
63347 84.65 67.98 1.48e-19 1.00075
65018 -45.03 65.56 1.51e-19 1.00127
65027 -40.62 68.01 1.61e-19 1.00509
65159 -8.31 82.40 1.85e-19 1.03133
63239 -16.23 58.68 1.58e-19 1.00356
63245 -13.89 57.20 1.55e-19 1.00233
65165 38.31 82.40 1.85e-19 1.03133
63419 50.72 54.13 1.38e-19 1.00005
64943 59.72 63.95 1.61e-19 1.00512
64946 64.39 61.83 1.51e-19 1.00128
64847 -30.17 59.65 1.48e-19 1.00082
65141 -58.92 68.10 1.44e-19 1.00019
65138 -61.49 65.27 1.33e-19 1.00023
64838 67.39 50.87 1.08e-19 1.00721
64841 -37.82 55.26 1.24e-19 1.00147
64844 -34.24 57.52 1.37e-19 0.99999
64478 8.63 61.84 1.78e-19 1.02017
64481 15.00 62.00 1.79e-19 1.02145
64484 21.37 61.84 1.78e-19 1.02017
64487 27.59 61.35 1.76e-19 1.01661
64421 26.51 58.40 1.68e-19 1.00921
64424 32.00 57.66 1.63e-19 1.00626
64853 -20.33 63.41 1.68e-19 1.00917
64850 -25.56 61.63 1.59e-19 1.00396
64856 -14.43 64.97 1.76e-19 1.01664
63143 -74.98 69.92 1.34e-19 1.00025
64307 50.22 45.15 1.03e-19 1.00952
64298 38.62 49.77 1.31e-19 1.00047
64301 42.75 48.42 1.22e-19 1.00196
64304 46.62 46.88 1.13e-19 1.00507
64874 30.65 67.20 1.86e-19 1.03581
64868 15.00 68.00 1.90e-19 1.04861
64871 22.96 67.80 1.89e-19 1.04476
64877 37.85 66.25 1.82e-19 1.02581
64022 20.50 86.00 1.79e-19 1.02136
64025 20.50 84.00 1.84e-19 1.02901
64397 -16.66 53.94 1.41e-19 1.00014
64019 20.50 88.00 1.74e-19 1.01493
64394 -20.85 52.27 1.31e-19 1.00044
64388 -28.18 48.44 1.09e-19 1.00697
64391 -24.68 50.43 1.20e-19 1.00268
64214 32.11 45.05 1.15e-19 1.00425
64097 -154.30 89.50 1.67e-19 1.00856
64211 27.99 45.89 1.21e-19 1.00238
65219 -52.04 80.22 1.71e-19 1.01195
64217 -11.20 45.58 1.12e-19 1.00527
65222 -41.87 82.83 1.76e-19 1.01661
64427 37.23 56.66 1.57e-19 1.00342
64199 10.61 46.88 1.27e-19 1.00120
64202 15.00 47.00 1.28e-19 1.00092
64205 19.39 46.88 1.27e-19 1.00120
64976 -5.87 72.94 1.90e-19 1.04862
64973 -14.88 71.70 1.86e-19 1.03355
64970 -22.64 70.09 1.79e-19 1.02141
65450 -128.42 79.90 1.37e-19 1.00003
65453 -144.45 81.43 1.39e-19 1.00008
65162 15.00 83.00 1.86e-19 1.03354
63203 -31.27 65.14 1.63e-19 1.00598
65279 -71.91 77.98 1.57e-19 1.00337
65285 -66.36 83.93 1.68e-19 1.00919
65282 -69.91 80.96 1.63e-19 1.00625
65471 135.01 72.61 1.20e-19 1.00269
65468 140.04 75.29 1.27e-19 1.00104
65474 131.49 69.80 1.12e-19 1.00537
65477 -118.54 73.33 1.15e-19 1.00413
62993 15.00 -90.00 1.16e-19 0.11585
64940 54.30 65.88 1.70e-19 1.01134
65099 -1.81 79.57 1.89e-19 1.04476
65105 31.81 79.57 1.89e-19 1.04476
65102 15.00 80.00 1.90e-19 1.04861
64688 60.98 50.85 1.15e-19 1.00409
65405 -115.34 82.12 1.48e-19 1.00085
65402 -105.13 79.58 1.44e-19 1.00025
65399 -99.24 76.82 1.38e-19 1.00000
63269 -6.11 50.90 1.37e-19 0.99993
63275 -4.48 49.24 1.31e-19 1.00035
64037 20.50 76.00 1.93e-19 1.07057
64034 20.50 78.00 1.92e-19 1.05910
64028 20.50 82.00 1.87e-19 1.03788
64031 20.50 80.00 1.90e-19 1.04795
64916 -10.90 69.01 1.85e-19 1.03132
64793 -11.53 62.26 1.71e-19 1.01201
64790 -17.07 60.82 1.63e-19 1.00620
64910 -24.30 65.88 1.70e-19 1.01134
64913 -18.05 67.59 1.78e-19 1.02012
64796 -5.47 63.42 1.77e-19 1.01873
65144 -55.70 70.89 1.54e-19 1.00233
64430 42.12 55.41 1.50e-19 1.00119
64433 46.66 53.94 1.41e-19 1.00014
64349 20.35 55.86 1.61e-19 1.00514
64352 25.62 55.44 1.58e-19 1.00395
64355 30.72 54.74 1.54e-19 1.00220
63383 65.50 62.76 1.52e-19 1.00167
63113 -138.30 76.00 1.19e-19 1.00310
64436 50.85 52.27 1.31e-19 1.00044
64334 -5.61 53.80 1.48e-19 1.00092
65504 -141.78 74.62 1.12e-19 1.00524
64331 -10.23 52.61 1.41e-19 0.99999
64328 -14.55 51.21 1.32e-19 1.00037
64169 15.00 41.00 1.02e-19 1.01000
64172 18.97 40.88 1.02e-19 1.01037
64175 6.71 43.52 1.12e-19 1.00551
64337 -0.72 54.74 1.54e-19 1.00220
64814 35.47 63.42 1.77e-19 1.01873
65147 -51.53 73.61 1.63e-19 1.00630
65249 96.90 68.78 1.38e-19 1.00002
64085 20.50 46.00 1.23e-19 1.00187
65336 -84.03 71.77 1.32e-19 1.00042
65252 98.64 65.84 1.27e-19 1.00099
65255 100.10 62.89 1.15e-19 1.00406
65330 -83.40 65.72 1.12e-19 1.00534
65333 -83.60 68.75 1.23e-19 1.00205
64418 20.81 58.85 1.70e-19 1.01138
64133 -154.30 79.50 1.30e-19 1.00053
65186 91.49 65.27 1.33e-19 1.00023
64136 -154.30 78.50 1.26e-19 1.00121
65183 88.92 68.10 1.44e-19 1.00019
65180 85.70 70.89 1.54e-19 1.00233
65192 95.42 59.53 1.08e-19 1.00696
65414 164.13 84.15 1.51e-19 1.00144
65432 121.61 68.04 1.13e-19 1.00494
65435 120.51 65.03 1.03e-19 1.00950
63263 -7.85 52.53 1.42e-19 1.00006
65429 123.21 71.02 1.23e-19 1.00214
65408 -134.13 84.15 1.51e-19 1.00144
63317 110.50 70.00 1.29e-19 1.00065
63311 115.98 69.92 1.24e-19 1.00168
65009 76.59 58.92 1.28e-19 1.00077
65015 -48.69 63.02 1.39e-19 1.00008
65012 -51.77 60.39 1.27e-19 1.00097
65528 -165.00 70.00 8.96e-20 1.01816
65531 -165.00 67.00 7.73e-20 1.02874
63413 52.73 55.69 1.42e-19 1.00016
64955 -46.59 58.92 1.28e-19 1.00077
64949 68.43 59.57 1.39e-19 0.99990
65111 57.58 76.63 1.82e-19 1.02577
65168 55.98 80.83 1.82e-19 1.02576
65108 46.27 78.38 1.86e-19 1.03584
65114 66.13 74.51 1.76e-19 1.01659
65117 72.61 72.15 1.68e-19 1.00918
64862 -0.65 67.20 1.86e-19 1.03581
64835 64.18 53.14 1.21e-19 1.00262
65456 -165.00 82.00 1.40e-19 1.00000
64469 -9.17 59.48 1.65e-19 1.00725
64475 2.41 61.35 1.76e-19 1.01661
64472 -3.56 60.56 1.71e-19 1.01200
65513 -177.19 75.64 1.14e-19 1.00439
65510 -165.00 76.00 1.15e-19 1.00426
65516 171.78 74.62 1.12e-19 1.00524
64451 -34.20 48.66 1.03e-19 1.00945
64454 -30.98 50.85 1.15e-19 1.00409
63905 -159.50 78.00 1.24e-19 1.00173
64289 24.88 52.47 1.48e-19 1.00090
64295 34.25 50.90 1.38e-19 0.99985
64292 29.66 51.81 1.44e-19 1.00026
64883 50.33 63.41 1.68e-19 1.00917
64880 44.43 64.97 1.76e-19 1.01664
65498 156.21 75.54 1.21e-19 1.00250
63584 -159.50 72.00 9.82e-20 1.01235
64886 55.56 61.63 1.59e-19 1.00396
64406 -2.00 57.66 1.63e-19 1.00626
65378 113.40 65.72 1.12e-19 1.00534
64403 -7.23 56.66 1.57e-19 1.00342
64400 -12.12 55.41 1.50e-19 1.00119
64223 -3.10 47.99 1.27e-19 1.00112
64220 -7.26 46.89 1.20e-19 1.00257
64118 -154.30 82.50 1.42e-19 1.00011
64121 -154.30 81.50 1.38e-19 0.99998
64226 1.25 48.86 1.33e-19 1.00037
64124 -154.30 80.50 1.34e-19 1.00013
63161 -58.62 69.66 1.48e-19 1.00083
