65006 73.24 61.42 1.35e-19 0.96829
65000 64.69 66.09 1.57e-19 0.97473
65003 69.32 63.82 1.47e-19 0.97389
63197 -35.09 66.19 1.57e-19 0.97474
64142 -154.30 75.50 1.06e-19 0.94120
63191 -39.22 67.15 1.56e-19 0.97500
65213 -57.99 77.44 1.60e-19 0.97411
65210 -61.92 74.59 1.53e-19 0.97495
65294 86.94 86.84 1.64e-19 0.97155
65291 15.00 89.00 1.64e-19 0.97092
65288 -56.94 86.84 1.64e-19 0.97155
65075 -57.47 61.57 1.19e-19 0.95475
62987 15.00 -74.00 -1.18e-20 -0.01179
65072 81.77 60.39 1.21e-19 0.95716
65486 -149.69 78.56 1.21e-19 0.95710
65069 78.69 63.02 1.35e-19 0.96785
65420 135.13 79.58 1.40e-19 0.97068
62981 15.00 -90.00 -3.99e-20 -0.03986
65483 -136.50 77.35 1.19e-19 0.95485
65156 -25.98 80.83 1.70e-19 0.95782
65426 125.59 73.95 1.26e-19 0.96115
65480 -126.21 75.54 1.14e-19 0.95025
63281 -2.95 47.55 1.19e-19 0.95542
63287 -1.51 45.84 1.12e-19 0.94825
65150 -45.89 76.23 1.64e-19 0.97108
65390 -91.61 68.04 1.06e-19 0.94066
63227 -18.77 60.10 1.55e-19 0.97500
65393 -93.21 71.02 1.16e-19 0.95264
65396 -95.59 73.95 1.26e-19 0.96115
63221 -21.51 61.46 1.57e-19 0.97482
63443 45.48 49.24 1.18e-19 0.95373
64046 20.50 70.00 1.67e-19 0.91983
64082 20.50 48.00 1.26e-19 0.96159
64043 20.50 72.00 1.63e-19 0.90590
64040 20.50 74.00 1.61e-19 0.89700
64781 -30.59 55.29 1.28e-19 0.96252
64778 -34.18 53.14 1.14e-19 0.95038
64784 -26.57 57.31 1.40e-19 0.97065
64079 20.50 50.00 1.35e-19 0.96801
64787 -22.08 59.16 1.50e-19 0.97444
64919 -2.88 70.09 1.70e-19 0.93610
64925 15.00 71.00 1.64e-19 0.90945
64922 5.86 70.77 1.67e-19 0.91909
64439 54.68 50.43 1.14e-19 0.94966
64445 61.37 46.31 8.75e-20 0.91482
64442 58.18 48.44 1.01e-19 0.93436
63119 -95.35 67.98 1.02e-19 0.93602
63125 -90.61 68.69 1.09e-19 0.94508
63377 68.74 63.99 1.48e-19 0.97419
64544 53.49 54.84 1.33e-19 0.96692
64187 23.29 43.52 1.05e-19 0.93922
64325 -18.58 49.61 1.16e-19 0.95247
63776 -159.50 74.00 9.86e-20 0.93125
64181 15.00 44.00 1.08e-19 0.94330
64178 10.84 43.88 1.07e-19 0.94231
64184 19.16 43.88 1.07e-19 0.94231
64013 -159.50 88.00 1.57e-19 0.97478
64250 37.26 46.89 1.14e-19 0.94953
64253 41.20 45.58 1.05e-19 0.93895
64073 20.50 54.00 1.50e-19 0.97465
64070 20.50 56.00 1.57e-19 0.97484
65246 94.74 71.70 1.44e-19 0.97281
65492 179.69 78.56 1.21e-19 0.95710
65243 91.92 74.59 1.53e-19 0.97495
65495 166.50 77.35 1.19e-19 0.95485
64076 20.50 52.00 1.43e-19 0.97237
65240 87.99 77.44 1.60e-19 0.97411
64208 23.74 46.51 1.19e-19 0.95489
64457 -27.42 52.92 1.21e-19 0.95732
65177 81.53 73.61 1.58e-19 0.97455
64166 11.03 40.88 9.27e-20 0.92288
64163 15.00 38.00 7.93e-20 0.90080
65171 67.87 78.68 1.68e-19 0.96504
64094 20.50 40.00 8.83e-20 0.91606
65174 75.89 76.23 1.64e-19 0.97108
64160 15.00 35.00 6.56e-20 0.87352
65387 -90.51 65.03 9.44e-20 0.92525
63257 -9.72 54.13 1.43e-19 0.97223
65297 96.36 83.93 1.62e-19 0.97304
63251 -11.73 55.69 1.47e-19 0.97383
65381 113.36 62.69 9.21e-20 0.92204
65384 113.42 59.64 7.93e-20 0.90092
65357 139.00 86.38 1.56e-19 0.97488
65348 -94.24 83.64 1.54e-19 0.97497
65351 -109.00 86.38 1.56e-19 0.97488
64091 20.50 42.00 9.79e-20 0.93032
65354 -165.00 88.00 1.57e-19 0.97478
63179 -48.39 68.69 1.51e-19 0.97482
63185 -43.65 67.98 1.54e-19 0.97502
63323 105.02 69.92 1.29e-19 0.96397
65342 -86.22 77.76 1.44e-19 0.97272
65345 -88.82 80.73 1.50e-19 0.97455
65339 -84.82 74.77 1.36e-19 0.96886
65045 15.00 77.00 1.64e-19 0.90945
65042 1.88 76.67 1.67e-19 0.91911
65039 -10.07 75.72 1.70e-19 0.93609
63407 54.89 57.20 1.41e-19 0.97124
65423 129.24 76.82 1.33e-19 0.96701
64823 52.08 59.16 1.50e-19 0.97444
65489 -165.00 79.00 1.22e-19 0.95808
64820 47.07 60.82 1.58e-19 0.97447
64967 -29.19 68.20 1.64e-19 0.97090
64964 -34.69 66.09 1.57e-19 0.97473
63401 57.23 58.68 1.44e-19 0.97267
63095 40.40 47.00 1.12e-19 0.94762
64961 -39.32 63.82 1.47e-19 0.97389
64958 -43.24 61.42 1.35e-19 0.96829
64826 56.57 57.31 1.40e-19 0.97065
65063 70.62 68.01 1.56e-19 0.97488
65126 84.80 64.32 1.32e-19 0.96600
65060 65.21 70.32 1.64e-19 0.97157
65123 81.58 67.01 1.44e-19 0.97266
65066 75.03 65.56 1.46e-19 0.97358
65120 77.61 69.63 1.54e-19 0.97499
64592 57.42 52.92 1.21e-19 0.95732
64499 49.14 56.59 1.44e-19 0.97270
65519 -154.87 72.69 9.27e-20 0.92268
65522 -165.00 73.00 9.36e-20 0.92414
65525 -175.13 72.69 9.27e-20 0.92268
63293 -0.15 44.10 1.05e-19 0.93941
64055 20.50 64.00 1.70e-19 0.95492
64052 20.50 66.00 1.70e-19 0.94495
64466 -14.37 58.15 1.53e-19 0.97497
64049 20.50 68.00 1.69e-19 0.93316
64463 -19.14 56.59 1.44e-19 0.97270
64460 -23.49 54.84 1.33e-19 0.96692
64889 60.17 59.65 1.44e-19 0.97271
64895 67.82 55.26 1.19e-19 0.95464
64892 64.24 57.52 1.32e-19 0.96592
65225 -22.03 85.01 1.69e-19 0.96373
64376 58.87 43.83 7.93e-20 0.90094
64004 -159.50 82.00 1.36e-19 0.96838
64370 52.30 47.83 1.05e-19 0.93886
64007 -159.50 84.00 1.44e-19 0.97260
64373 55.72 45.90 9.21e-20 0.92183
64229 5.74 49.49 1.32e-19 0.96598
64235 15.00 50.00 1.35e-19 0.96832
64232 10.34 49.87 1.35e-19 0.96770
64109 -154.30 85.50 1.49e-19 0.97443
64115 -154.30 83.50 1.42e-19 0.97185
64112 -154.30 84.50 1.46e-19 0.97339
63809 -159.50 76.00 1.08e-19 0.94350
64283 15.00 53.00 1.47e-19 0.97391
64280 10.03 52.87 1.46e-19 0.97374
64286 19.97 52.87 1.46e-19 0.97374
65312 105.25 69.00 1.26e-19 0.96111
65315 106.03 66.00 1.14e-19 0.94975
65309 104.36 72.00 1.36e-19 0.96892
65306 103.29 74.99 1.46e-19 0.97330
65198 -70.10 62.89 1.08e-19 0.94341
65201 -68.64 65.84 1.21e-19 0.95725
65204 -66.90 68.78 1.33e-19 0.96703
65207 -64.74 71.70 1.44e-19 0.97281
65300 99.91 80.96 1.58e-19 0.97451
65303 101.91 77.98 1.53e-19 0.97495
65078 -54.80 64.32 1.32e-19 0.96600
65081 -51.58 67.01 1.44e-19 0.97266
65411 -165.00 85.00 1.47e-19 0.97391
65084 -47.61 69.63 1.54e-19 0.97499
65087 -42.61 72.15 1.62e-19 0.97303
64859 -7.85 66.25 1.70e-19 0.95784
64865 7.04 67.80 1.70e-19 0.93608
65417 145.34 82.12 1.44e-19 0.97274
63329 99.62 69.66 1.34e-19 0.96701
63335 94.39 69.25 1.37e-19 0.96951
63449 43.95 47.55 1.11e-19 0.94705
63455 42.51 45.84 1.05e-19 0.93935
64994 52.64 70.09 1.69e-19 0.96234
64988 35.87 72.94 1.69e-19 0.93148
64991 44.88 71.70 1.70e-19 0.94918
63215 -24.50 62.76 1.58e-19 0.97463
65153 -37.87 78.68 1.68e-19 0.96504
64997 59.19 68.20 1.64e-19 0.97090
63209 -27.74 63.99 1.58e-19 0.97460
64934 40.90 69.01 1.70e-19 0.95166
64016 14.04 90.00 1.62e-19 0.97273
64931 32.88 70.09 1.70e-19 0.93610
63431 48.85 52.53 1.29e-19 0.96355
64928 24.14 70.77 1.67e-19 0.91909
64010 -159.50 86.00 1.51e-19 0.97473
63473 -159.50 70.00 7.95e-20 0.90116
64937 48.05 67.59 1.69e-19 0.96371
63437 47.11 50.90 1.24e-19 0.95916
65132 -65.42 59.53 1.00e-19 0.93359
65135 -63.62 62.41 1.14e-19 0.95014
65129 87.47 61.57 1.19e-19 0.95475
64772 64.20 48.66 9.46e-20 0.92558
64775 -37.39 50.87 1.00e-19 0.93387
64415 15.00 59.00 1.64e-19 0.97092
64412 9.19 58.85 1.64e-19 0.97156
64409 3.49 58.40 1.62e-19 0.97306
63137 -80.38 69.66 1.23e-19 0.95864
63131 -85.61 69.25 1.16e-19 0.95243
64316 -22.30 47.83 1.05e-19 0.93886
64313 -25.72 45.90 9.21e-20 0.92183
64310 -28.87 43.83 7.93e-20 0.90094
63155 -64.02 69.92 1.40e-19 0.97089
63149 -69.50 70.00 1.35e-19 0.96786
64259 -20.22 45.15 9.44e-20 0.92527
64265 -12.75 48.42 1.16e-19 0.95245
64262 -16.62 46.88 1.06e-19 0.94081
65327 -83.36 62.69 9.21e-20 0.92204
57281 15.00 -74.00 -1.18e-20 -0.01179
64100 -154.30 88.50 1.59e-19 0.97445
64103 -154.30 87.50 1.56e-19 0.97495
65237 82.04 80.22 1.64e-19 0.97109
65234 71.87 82.83 1.67e-19 0.96711
64106 -154.30 86.50 1.53e-19 0.97495
65231 52.03 85.01 1.69e-19 0.96373
65228 15.00 86.00 1.69e-19 0.96236
65267 -76.03 66.00 1.14e-19 0.94975
64088 20.50 44.00 1.08e-19 0.94270
64193 2.01 45.89 1.14e-19 0.95011
64190 -2.11 45.05 1.08e-19 0.94362
64157 -154.30 77.50 1.16e-19 0.95186
64154 -154.30 71.50 8.71e-20 0.91417
64151 -154.30 72.50 9.19e-20 0.92163
64148 -154.30 73.50 9.67e-20 0.92862
64196 6.26 46.51 1.19e-19 0.95489
64982 15.00 74.00 1.57e-19 0.88328
64985 25.77 73.73 1.64e-19 0.90946
65369 114.82 74.77 1.36e-19 0.96886
64979 4.23 73.73 1.64e-19 0.90946
65375 113.60 68.75 1.16e-19 0.95255
65372 114.03 71.77 1.27e-19 0.96243
65366 116.22 77.76 1.44e-19 0.97272
65360 124.24 83.64 1.54e-19 0.97497
65363 118.82 80.73 1.50e-19 0.97455
65459 174.45 81.43 1.35e-19 0.96784
65462 158.42 79.90 1.32e-19 0.96595
65465 147.41 77.77 1.28e-19 0.96266
63173 -53.39 69.25 1.48e-19 0.97412
65036 -20.23 74.26 1.70e-19 0.95166
65270 -75.25 69.00 1.26e-19 0.96111
65273 -74.36 72.00 1.36e-19 0.96892
64952 71.94 57.20 1.21e-19 0.95721
65276 -73.29 74.99 1.46e-19 0.97330
65030 -35.21 70.32 1.64e-19 0.97157
65033 -28.52 72.43 1.69e-19 0.96372
64808 22.07 64.82 1.70e-19 0.95167
64811 28.94 64.29 1.70e-19 0.95784
65501 148.54 73.33 1.08e-19 0.94348
63353 80.22 67.15 1.46e-19 0.97341
64817 41.53 62.26 1.64e-19 0.97113
63389 62.51 61.46 1.47e-19 0.97385
63395 59.77 60.10 1.46e-19 0.97340
65507 -152.81 75.64 1.07e-19 0.94210
65054 50.23 74.26 1.70e-19 0.95166
65096 -16.27 78.38 1.70e-19 0.94654
65051 40.07 75.72 1.70e-19 0.93609
65048 28.12 76.67 1.67e-19 0.91911
65090 -36.13 74.51 1.67e-19 0.96710
65093 -27.58 76.63 1.70e-19 0.95783
65057 58.52 72.43 1.69e-19 0.96372
64496 44.37 58.15 1.53e-19 0.97497
64490 33.56 60.56 1.64e-19 0.97112
64493 39.17 59.48 1.60e-19 0.97410
63305 121.38 69.66 1.13e-19 0.94838
63299 126.61 69.25 1.06e-19 0.94122
64058 20.50 62.00 1.69e-19 0.96295
64061 20.50 60.00 1.66e-19 0.96897
64067 20.50 58.00 1.62e-19 0.97294
64802 7.93 64.82 1.70e-19 0.95167
64805 15.00 65.00 1.70e-19 0.94918
64799 1.06 64.29 1.70e-19 0.95784
64907 -29.72 63.95 1.56e-19 0.97491
64904 -34.39 61.83 1.46e-19 0.97359
64898 -41.94 57.20 1.21e-19 0.95721
64901 -38.43 59.57 1.35e-19 0.96766
64829 60.59 55.29 1.28e-19 0.96252
64379 -31.37 46.31 8.75e-20 0.91482
64367 48.58 49.61 1.16e-19 0.95247
64364 44.55 51.21 1.27e-19 0.96239
64361 40.23 52.61 1.36e-19 0.96887
64358 35.61 53.80 1.44e-19 0.97286
63371 72.27 65.14 1.48e-19 0.97412
63101 -146.50 74.10 1.01e-19 0.93442
63107 41.70 76.00 1.70e-19 0.93863
63968 -159.50 80.00 1.27e-19 0.96211
64343 9.65 55.86 1.56e-19 0.97492
63365 76.09 66.19 1.47e-19 0.97377
64247 33.10 47.99 1.21e-19 0.95739
64340 4.38 55.44 1.54e-19 0.97507
64244 28.75 48.86 1.28e-19 0.96270
64238 19.66 49.87 1.35e-19 0.96770
64346 15.00 56.00 1.57e-19 0.97478
64241 24.26 49.49 1.32e-19 0.96598
64268 -8.62 49.77 1.26e-19 0.96114
64271 -4.25 50.90 1.33e-19 0.96686
64274 0.34 51.81 1.40e-19 0.97069
64277 5.12 52.47 1.44e-19 0.97279
65264 -76.74 62.99 1.01e-19 0.93435
65261 -77.40 59.97 8.75e-20 0.91481
65258 101.35 59.93 9.46e-20 0.92556
65324 -83.42 59.64 7.93e-20 0.90092
65321 107.40 59.97 8.75e-20 0.91481
65318 106.74 62.99 1.01e-19 0.93435
64145 -154.30 74.50 1.02e-19 0.93515
65189 93.62 62.41 1.14e-19 0.95014
65195 -71.35 59.93 9.46e-20 0.92556
64139 -154.30 76.50 1.11e-19 0.94677
65441 -105.01 72.61 1.14e-19 0.94966
65438 -101.49 69.80 1.05e-19 0.93906
65444 -110.04 75.29 1.21e-19 0.95730
65447 -117.41 77.77 1.28e-19 0.96266
63341 89.39 68.69 1.41e-19 0.97135
63347 84.65 67.98 1.43e-19 0.97255
65018 -45.03 65.56 1.46e-19 0.97358
65027 -40.62 68.01 1.56e-19 0.97488
65159 -8.31 82.40 1.70e-19 0.95166
63239 -16.23 58.68 1.53e-19 0.97505
63245 -13.89 57.20 1.50e-19 0.97456
65165 38.31 82.40 1.70e-19 0.95166
63419 50.72 54.13 1.33e-19 0.96704
64943 59.72 63.95 1.56e-19 0.97491
64946 64.39 61.83 1.46e-19 0.97359
64847 -30.17 59.65 1.44e-19 0.97271
65141 -58.92 68.10 1.40e-19 0.97061
65138 -61.49 65.27 1.28e-19 0.96255
64838 67.39 50.87 1.00e-19 0.93387
64841 -37.82 55.26 1.19e-19 0.95464
64844 -34.24 57.52 1.32e-19 0.96592
64478 8.63 61.84 1.69e-19 0.96373
64481 15.00 62.00 1.69e-19 0.96236
64484 21.37 61.84 1.69e-19 0.96373
64487 27.59 61.35 1.67e-19 0.96711
64421 26.51 58.40 1.62e-19 0.97306
64424 32.00 57.66 1.58e-19 0.97452
64853 -20.33 63.41 1.62e-19 0.97302
64850 -25.56 61.63 1.54e-19 0.97508
64856 -14.43 64.97 1.67e-19 0.96713
63143 -74.98 69.92 1.29e-19 0.96400
64307 50.22 45.15 9.44e-20 0.92527
64298 38.62 49.77 1.26e-19 0.96114
64301 42.75 48.42 1.16e-19 0.95245
64304 46.62 46.88 1.06e-19 0.94081
64874 30.65 67.20 1.70e-19 0.94654
64868 15.00 68.00 1.69e-19 0.93148
64871 22.96 67.80 1.70e-19 0.93608
64877 37.85 66.25 1.70e-19 0.95784
64022 20.50 86.00 1.69e-19 0.96245
64025 20.50 84.00 1.70e-19 0.95428
64397 -16.66 53.94 1.36e-19 0.96902
64019 20.50 88.00 1.66e-19 0.96862
64394 -20.85 52.27 1.26e-19 0.96111
64388 -28.18 48.44 1.01e-19 0.93436
64391 -24.68 50.43 1.14e-19 0.94966
64214 32.11 45.05 1.08e-19 0.94362
64097 -154.30 89.50 1.61e-19 0.97343
64211 27.99 45.89 1.14e-19 0.95011
65219 -52.04 80.22 1.64e-19 0.97109
64217 -11.20 45.58 1.05e-19 0.93895
65222 -41.87 82.83 1.67e-19 0.96711
64427 37.23 56.66 1.53e-19 0.97499
64199 10.61 46.88 1.21e-19 0.95741
64202 15.00 47.00 1.22e-19 0.95808
64205 19.39 46.88 1.21e-19 0.95741
64976 -5.87 72.94 1.69e-19 0.93148
64973 -14.88 71.70 1.70e-19 0.94918
64970 -22.64 70.09 1.69e-19 0.96234
65450 -128.42 79.90 1.32e-19 0.96595
65453 -144.45 81.43 1.35e-19 0.96784
65162 15.00 83.00 1.70e-19 0.94918
63203 -31.27 65.14 1.58e-19 0.97465
65279 -71.91 77.98 1.53e-19 0.97495
65285 -66.36 83.93 1.62e-19 0.97304
65282 -69.91 80.96 1.58e-19 0.97451
65471 135.01 72.61 1.14e-19 0.94966
65468 140.04 75.29 1.21e-19 0.95730
65474 131.49 69.80 1.05e-19 0.93906
65477 -118.54 73.33 1.08e-19 0.94348
62993 15.00 -90.00 -3.99e-20 -0.03986
64940 54.30 65.88 1.64e-19 0.97152
65099 -1.81 79.57 1.70e-19 0.93608
65105 31.81 79.57 1.70e-19 0.93608
65102 15.00 80.00 1.69e-19 0.93148
64688 60.98 50.85 1.08e-19 0.94343
65405 -115.34 82.12 1.44e-19 0.97274
65402 -105.13 79.58 1.40e-19 0.97068
65399 -99.24 76.82 1.33e-19 0.96701
63269 -6.11 50.90 1.32e-19 0.96613
63275 -4.48 49.24 1.26e-19 0.96145
64037 20.50 76.00 1.63e-19 0.90497
64034 20.50 78.00 1.66e-19 0.91885
64028 20.50 82.00 1.70e-19 0.94418
64031 20.50 80.00 1.69e-19 0.93227
64916 -10.90 69.01 1.70e-19 0.95166
64793 -11.53 62.26 1.64e-19 0.97113
64790 -17.07 60.82 1.58e-19 0.97447
64910 -24.30 65.88 1.64e-19 0.97152
64913 -18.05 67.59 1.69e-19 0.96371
64796 -5.47 63.42 1.68e-19 0.96502
65144 -55.70 70.89 1.50e-19 0.97460
64430 42.12 55.41 1.46e-19 0.97340
64433 46.66 53.94 1.36e-19 0.96902
64349 20.35 55.86 1.56e-19 0.97492
64352 25.62 55.44 1.54e-19 0.97507
64355 30.72 54.74 1.50e-19 0.97447
63383 65.50 62.76 1.48e-19 0.97406
63113 -138.30 76.00 1.12e-19 0.94781
64436 50.85 52.27 1.26e-19 0.96111
64334 -5.61 53.80 1.44e-19 0.97286
65504 -141.78 74.62 1.05e-19 0.93891
64331 -10.23 52.61 1.36e-19 0.96887
64328 -14.55 51.21 1.27e-19 0.96239
64169 15.00 41.00 9.36e-20 0.92414
64172 18.97 40.88 9.27e-20 0.92288
64175 6.71 43.52 1.05e-19 0.93922
64337 -0.72 54.74 1.50e-19 0.97447
64814 35.47 63.42 1.68e-19 0.96502
65147 -51.53 73.61 1.58e-19 0.97455
65249 96.90 68.78 1.33e-19 0.96703
64085 20.50 46.00 1.17e-19 0.95314
65336 -84.03 71.77 1.27e-19 0.96243
65252 98.64 65.84 1.21e-19 0.95725
65255 100.10 62.89 1.08e-19 0.94341
65330 -83.40 65.72 1.05e-19 0.93903
65333 -83.60 68.75 1.16e-19 0.95255
64418 20.81 58.85 1.64e-19 0.97156
64133 -154.30 79.50 1.25e-19 0.96054
65186 91.49 65.27 1.28e-19 0.96255
64136 -154.30 78.50 1.20e-19 0.95645
65183 88.92 68.10 1.40e-19 0.97061
65180 85.70 70.89 1.50e-19 0.97460
65192 95.42 59.53 1.00e-19 0.93359
65414 164.13 84.15 1.46e-19 0.97375
65432 121.61 68.04 1.06e-19 0.94066
65435 120.51 65.03 9.44e-20 0.92525
63263 -7.85 52.53 1.38e-19 0.96966
65429 123.21 71.02 1.16e-19 0.95264
65408 -134.13 84.15 1.46e-19 0.97375
63317 110.50 70.00 1.24e-19 0.95976
63311 115.98 69.92 1.19e-19 0.95482
65009 76.59 58.92 1.22e-19 0.95791
65015 -48.69 63.02 1.35e-19 0.96785
65012 -51.77 60.39 1.21e-19 0.95716
65528 -165.00 70.00 7.93e-20 0.90080
65531 -165.00 67.00 6.56e-20 0.87352
63413 52.73 55.69 1.37e-19 0.96958
64955 -46.59 58.92 1.22e-19 0.95791
64949 68.43 59.57 1.35e-19 0.96766
65111 57.58 76.63 1.70e-19 0.95783
65168 55.98 80.83 1.70e-19 0.95782
65108 46.27 78.38 1.70e-19 0.94654
65114 66.13 74.51 1.67e-19 0.96710
65117 72.61 72.15 1.62e-19 0.97303
64862 -0.65 67.20 1.70e-19 0.94654
64835 64.18 53.14 1.14e-19 0.95038
65456 -165.00 82.00 1.35e-19 0.96832
64469 -9.17 59.48 1.60e-19 0.97410
64475 2.41 61.35 1.67e-19 0.96711
64472 -3.56 60.56 1.64e-19 0.97112
65513 -177.19 75.64 1.07e-19 0.94210
65510 -165.00 76.00 1.08e-19 0.94330
65516 171.78 74.62 1.05e-19 0.93891
64451 -34.20 48.66 9.46e-20 0.92558
64454 -30.98 50.85 1.08e-19 0.94343
63905 -159.50 78.00 1.18e-19 0.95380
64289 24.88 52.47 1.44e-19 0.97279
64295 34.25 50.90 1.33e-19 0.96686
64292 29.66 51.81 1.40e-19 0.97069
64883 50.33 63.41 1.62e-19 0.97302
64880 44.43 64.97 1.67e-19 0.96713
65498 156.21 75.54 1.14e-19 0.95025
63584 -159.50 72.00 8.90e-20 0.91712
64886 55.56 61.63 1.54e-19 0.97508
64406 -2.00 57.66 1.58e-19 0.97452
65378 113.40 65.72 1.05e-19 0.93903
64403 -7.23 56.66 1.53e-19 0.97499
64400 -12.12 55.41 1.46e-19 0.97340
64223 -3.10 47.99 1.21e-19 0.95739
64220 -7.26 46.89 1.14e-19 0.94953
64118 -154.30 82.50 1.38e-19 0.96978
64121 -154.30 81.50 1.34e-19 0.96721
64226 1.25 48.86 1.28e-19 0.96270
64124 -154.30 80.50 1.29e-19 0.96413
63161 -58.62 69.66 1.44e-19 0.97280
