65006 73.24 61.42 9.55e-20 0.68232
65000 64.69 66.09 1.13e-19 0.70198
65003 69.32 63.82 1.05e-19 0.69444
63197 -35.09 66.19 1.13e-19 0.70191
64142 -154.30 75.50 7.26e-20 0.64254
63191 -39.22 67.15 1.12e-19 0.70114
65213 -57.99 77.44 1.15e-19 0.70338
65210 -61.92 74.59 1.10e-19 0.69907
65294 86.94 86.84 1.19e-19 0.70487
65291 15.00 89.00 1.19e-19 0.70494
65288 -56.94 86.84 1.19e-19 0.70487
65075 -57.47 61.57 8.22e-20 0.66102
62987 15.00 -74.00 -1.11e-20 -0.01106
65072 81.77 60.39 8.42e-20 0.66459
65486 -149.69 78.56 8.42e-20 0.66455
65069 78.69 63.02 9.48e-20 0.68140
65420 135.13 79.58 9.87e-20 0.68681
62981 15.00 -90.00 -4.08e-20 -0.04078
65483 -136.50 77.35 8.22e-20 0.66109
65156 -25.98 80.83 1.24e-19 0.70123
65426 125.59 73.95 8.77e-20 0.67049
65480 -126.21 75.54 7.87e-20 0.65471
63281 -2.95 47.55 8.28e-20 0.66207
63287 -1.51 45.84 7.72e-20 0.65190
65150 -45.89 76.23 1.19e-19 0.70491
65390 -91.61 68.04 7.23e-20 0.64184
63227 -18.77 60.10 1.12e-19 0.70080
65393 -93.21 71.02 8.04e-20 0.65795
65396 -95.59 73.95 8.77e-20 0.67049
63221 -21.51 61.46 1.13e-19 0.70175
63443 45.48 49.24 8.14e-20 0.65962
64046 20.50 70.00 1.23e-19 0.67769
64082 20.50 48.00 8.81e-20 0.67120
64043 20.50 72.00 1.20e-19 0.66765
64040 20.50 74.00 1.19e-19 0.66103
64781 -30.59 55.29 8.91e-20 0.67271
64778 -34.18 53.14 7.88e-20 0.65481
64784 -26.57 57.31 9.87e-20 0.68679
64079 20.50 50.00 9.51e-20 0.68179
64787 -22.08 59.16 1.07e-19 0.69664
64919 -2.88 70.09 1.25e-19 0.68873
64925 15.00 71.00 1.21e-19 0.67024
64922 5.86 70.77 1.23e-19 0.67717
64439 54.68 50.43 7.83e-20 0.65387
64445 61.37 46.31 5.83e-20 0.60961
64442 58.18 48.44 6.84e-20 0.63363
63119 -95.35 67.98 6.94e-20 0.63583
63125 -90.61 68.69 7.50e-20 0.64759
63377 68.74 63.99 1.06e-19 0.69538
64544 53.49 54.84 9.39e-20 0.67995
64187 23.29 43.52 7.13e-20 0.63989
64325 -18.58 49.61 8.04e-20 0.65781
63776 -159.50 74.00 6.67e-20 0.62976
64181 15.00 44.00 7.39e-20 0.64530
64178 10.84 43.88 7.33e-20 0.64397
64184 19.16 43.88 7.33e-20 0.64397
64013 -159.50 88.00 1.13e-19 0.70204
64250 37.26 46.89 7.83e-20 0.65377
64253 41.20 45.58 7.13e-20 0.63968
64073 20.50 54.00 1.08e-19 0.69713
64070 20.50 56.00 1.13e-19 0.70179
65246 94.74 71.70 1.02e-19 0.69144
65492 179.69 78.56 8.42e-20 0.66455
65243 91.92 74.59 1.10e-19 0.69907
65495 166.50 77.35 8.22e-20 0.66109
64076 20.50 52.00 1.02e-19 0.69045
65240 87.99 77.44 1.15e-19 0.70338
64208 23.74 46.51 8.22e-20 0.66112
64457 -27.42 52.92 8.43e-20 0.66476
65177 81.53 73.61 1.14e-19 0.70268
64166 11.03 40.88 6.22e-20 0.61939
64163 15.00 38.00 5.22e-20 0.59310
65171 67.87 78.68 1.23e-19 0.70408
64094 20.50 40.00 5.89e-20 0.61110
65174 75.89 76.23 1.19e-19 0.70491
64160 15.00 35.00 4.22e-20 0.56223
65387 -90.51 65.03 6.35e-20 0.62234
63257 -9.72 54.13 1.01e-19 0.69006
65297 96.36 83.93 1.17e-19 0.70432
63251 -11.73 55.69 1.05e-19 0.69407
65381 113.36 62.69 6.18e-20 0.61829
65384 113.42 59.64 5.22e-20 0.59319
65357 139.00 86.38 1.12e-19 0.70153
65348 -94.24 83.64 1.10e-19 0.69989
65351 -109.00 86.38 1.12e-19 0.70153
64091 20.50 42.00 6.62e-20 0.62860
65354 -165.00 88.00 1.13e-19 0.70202
63179 -48.39 68.69 1.08e-19 0.69784
63185 -43.65 67.98 1.10e-19 0.69977
63323 105.02 69.92 9.04e-20 0.67486
65342 -86.22 77.76 1.02e-19 0.69137
65345 -88.82 80.73 1.07e-19 0.69673
65339 -84.82 74.77 9.62e-20 0.68338
65045 15.00 77.00 1.21e-19 0.67024
65042 1.88 76.67 1.23e-19 0.67718
65039 -10.07 75.72 1.25e-19 0.68872
63407 54.89 57.20 9.98e-20 0.68810
65423 129.24 76.82 9.39e-20 0.68002
64823 52.08 59.16 1.07e-19 0.69664
65489 -165.00 79.00 8.50e-20 0.66587
64820 47.07 60.82 1.14e-19 0.70261
64967 -29.19 68.20 1.19e-19 0.70492
64964 -34.69 66.09 1.13e-19 0.70198
63401 57.23 58.68 1.02e-19 0.69102
63095 40.40 47.00 7.69e-20 0.65110
64961 -39.32 63.82 1.05e-19 0.69444
64958 -43.24 61.42 9.55e-20 0.68232
64826 56.57 57.31 9.87e-20 0.68679
65063 70.62 68.01 1.12e-19 0.70152
65126 84.80 64.32 9.26e-20 0.67825
65060 65.21 70.32 1.19e-19 0.70489
65123 81.58 67.01 1.02e-19 0.69118
65066 75.03 65.56 1.04e-19 0.69362
65120 77.61 69.63 1.10e-19 0.69990
64592 57.42 52.92 8.43e-20 0.66476
64499 49.14 56.59 1.02e-19 0.69135
65519 -154.87 72.69 6.22e-20 0.61924
65522 -165.00 73.00 6.29e-20 0.62092
65525 -175.13 72.69 6.22e-20 0.61924
63293 -0.15 44.10 7.14e-20 0.64015
64055 20.50 64.00 1.25e-19 0.69981
64052 20.50 66.00 1.25e-19 0.69425
64466 -14.37 58.15 1.10e-19 0.69909
64049 20.50 68.00 1.24e-19 0.68680
64463 -19.14 56.59 1.02e-19 0.69135
64460 -23.49 54.84 9.39e-20 0.67995
64889 60.17 59.65 1.02e-19 0.69123
64895 67.82 55.26 8.22e-20 0.66093
64892 64.24 57.52 9.26e-20 0.67818
65225 -22.03 85.01 1.23e-19 0.70367
64376 58.87 43.83 5.22e-20 0.59320
64004 -159.50 82.00 9.56e-20 0.68246
64370 52.30 47.83 7.13e-20 0.63961
64007 -159.50 84.00 1.02e-19 0.69099
64373 55.72 45.90 6.17e-20 0.61813
64229 5.74 49.49 9.26e-20 0.67824
64235 15.00 50.00 9.55e-20 0.68234
64232 10.34 49.87 9.48e-20 0.68128
64109 -154.30 85.50 1.07e-19 0.69622
64115 -154.30 83.50 1.01e-19 0.68928
64112 -154.30 84.50 1.04e-19 0.69300
63809 -159.50 76.00 7.41e-20 0.64556
64283 15.00 53.00 1.05e-19 0.69445
64280 10.03 52.87 1.04e-19 0.69375
64286 19.97 52.87 1.04e-19 0.69375
65312 105.25 69.00 8.77e-20 0.67046
65315 106.03 66.00 7.83e-20 0.65394
65309 104.36 72.00 9.62e-20 0.68343
65306 103.29 74.99 1.04e-19 0.69281
65198 -70.10 62.89 7.41e-20 0.64552
65201 -68.64 65.84 8.43e-20 0.66470
65204 -66.90 68.78 9.39e-20 0.68004
65207 -64.74 71.70 1.02e-19 0.69144
65300 99.91 80.96 1.14e-19 0.70265
65303 101.91 77.98 1.10e-19 0.69908
65078 -54.80 64.32 9.26e-20 0.67825
65081 -51.58 67.01 1.02e-19 0.69118
65411 -165.00 85.00 1.05e-19 0.69445
65084 -47.61 69.63 1.10e-19 0.69990
65087 -42.61 72.15 1.17e-19 0.70432
64859 -7.85 66.25 1.24e-19 0.70125
64865 7.04 67.80 1.25e-19 0.68872
65417 145.34 82.12 1.02e-19 0.69125
63329 99.62 69.66 9.39e-20 0.68009
63335 94.39 69.25 9.71e-20 0.68455
63449 43.95 47.55 7.65e-20 0.65039
63455 42.51 45.84 7.14e-20 0.64006
64994 52.64 70.09 1.23e-19 0.70315
64988 35.87 72.94 1.24e-19 0.68569
64991 44.88 71.70 1.25e-19 0.69672
63215 -24.50 62.76 1.14e-19 0.70228
65153 -37.87 78.68 1.23e-19 0.70408
64997 59.19 68.20 1.19e-19 0.70492
63209 -27.74 63.99 1.14e-19 0.70252
64934 40.90 69.01 1.25e-19 0.69810
64016 14.04 90.00 1.18e-19 0.70449
64931 32.88 70.09 1.25e-19 0.68873
63431 48.85 52.53 9.01e-20 0.67432
64928 24.14 70.77 1.23e-19 0.67717
64010 -159.50 86.00 1.08e-19 0.69753
63473 -159.50 70.00 5.23e-20 0.59351
64937 48.05 67.59 1.23e-19 0.70365
63437 47.11 50.90 8.60e-20 0.66755
65132 -65.42 59.53 6.80e-20 0.63275
65135 -63.62 62.41 7.87e-20 0.65462
65129 87.47 61.57 8.22e-20 0.66102
64772 64.20 48.66 6.37e-20 0.62272
64775 -37.39 50.87 6.81e-20 0.63297
64415 15.00 59.00 1.19e-19 0.70494
64412 9.19 58.85 1.19e-19 0.70487
64409 3.49 58.40 1.17e-19 0.70434
63137 -80.38 69.66 8.56e-20 0.66682
63131 -85.61 69.25 8.04e-20 0.65778
64316 -22.30 47.83 7.13e-20 0.63961
64313 -25.72 45.90 6.17e-20 0.61813
64310 -28.87 43.83 5.22e-20 0.59320
63155 -64.02 69.92 9.90e-20 0.68715
63149 -69.50 70.00 9.49e-20 0.68151
64259 -20.22 45.15 6.35e-20 0.62236
64265 -12.75 48.42 8.04e-20 0.65780
64262 -16.62 46.88 7.23e-20 0.64196
65327 -83.36 62.69 6.18e-20 0.61829
57281 15.00 -74.00 -1.11e-20 -0.01106
64100 -154.30 88.50 1.14e-19 0.70287
64103 -154.30 87.50 1.12e-19 0.70116
65237 82.04 80.22 1.19e-19 0.70492
65234 71.87 82.83 1.22e-19 0.70462
64106 -154.30 86.50 1.09e-19 0.69894
65231 52.03 85.01 1.23e-19 0.70367
65228 15.00 86.00 1.23e-19 0.70317
65267 -76.03 66.00 7.83e-20 0.65394
64088 20.50 44.00 7.35e-20 0.64451
64193 2.01 45.89 7.87e-20 0.65460
64190 -2.11 45.05 7.41e-20 0.64568
64157 -154.30 77.50 7.99e-20 0.65694
64154 -154.30 71.50 5.80e-20 0.60884
64151 -154.30 72.50 6.16e-20 0.61784
64148 -154.30 73.50 6.52e-20 0.62647
64196 6.26 46.51 8.22e-20 0.66112
64982 15.00 74.00 1.16e-19 0.65060
64985 25.77 73.73 1.21e-19 0.67025
65369 114.82 74.77 9.62e-20 0.68338
64979 4.23 73.73 1.21e-19 0.67025
65375 113.60 68.75 8.04e-20 0.65787
65372 114.03 71.77 8.89e-20 0.67242
65366 116.22 77.76 1.02e-19 0.69137
65360 124.24 83.64 1.10e-19 0.69989
65363 118.82 80.73 1.07e-19 0.69673
65459 174.45 81.43 9.48e-20 0.68140
65462 158.42 79.90 9.26e-20 0.67821
65465 147.41 77.77 8.91e-20 0.67282
63173 -53.39 69.25 1.06e-19 0.69512
65036 -20.23 74.26 1.25e-19 0.69810
65270 -75.25 69.00 8.77e-20 0.67046
65273 -74.36 72.00 9.62e-20 0.68343
64952 71.94 57.20 8.43e-20 0.66463
65276 -73.29 74.99 1.04e-19 0.69281
65030 -35.21 70.32 1.19e-19 0.70489
65033 -28.52 72.43 1.23e-19 0.70367
64808 22.07 64.82 1.25e-19 0.69810
64811 28.94 64.29 1.24e-19 0.70125
65501 148.54 73.33 7.41e-20 0.64558
63353 80.22 67.15 1.04e-19 0.69293
64817 41.53 62.26 1.19e-19 0.70496
63005 15.00 -90.00 -4.08e-20 -0.04078
63389 62.51 61.46 1.05e-19 0.69434
62999 15.00 -74.00 -1.11e-20 -0.01106
63395 59.77 60.10 1.04e-19 0.69299
65507 -152.81 75.64 7.32e-20 0.64381
65054 50.23 74.26 1.25e-19 0.69810
65096 -16.27 78.38 1.25e-19 0.69520
65051 40.07 75.72 1.25e-19 0.68872
65048 28.12 76.67 1.23e-19 0.67718
65090 -36.13 74.51 1.22e-19 0.70461
65093 -27.58 76.63 1.24e-19 0.70123
65057 58.52 72.43 1.23e-19 0.70367
64496 44.37 58.15 1.10e-19 0.69909
64490 33.56 60.56 1.19e-19 0.70495
64493 39.17 59.48 1.15e-19 0.70337
63017 15.00 -90.00 -4.08e-20 -0.04078
63305 121.38 69.66 7.75e-20 0.65223
63011 15.00 -74.00 -1.11e-20 -0.01106
63299 126.61 69.25 7.26e-20 0.64260
64058 20.50 62.00 1.23e-19 0.70339
64061 20.50 60.00 1.21e-19 0.70492
64067 20.50 58.00 1.17e-19 0.70439
64802 7.93 64.82 1.25e-19 0.69810
64805 15.00 65.00 1.25e-19 0.69672
64799 1.06 64.29 1.24e-19 0.70125
64907 -29.72 63.95 1.12e-19 0.70155
64904 -34.39 61.83 1.04e-19 0.69363
64898 -41.94 57.20 8.43e-20 0.66463
64901 -38.43 59.57 9.48e-20 0.68125
64829 60.59 55.29 8.91e-20 0.67271
64379 -31.37 46.31 5.83e-20 0.60961
64367 48.58 49.61 8.04e-20 0.65781
64364 44.55 51.21 8.89e-20 0.67238
64361 40.23 52.61 9.62e-20 0.68339
64358 35.61 53.80 1.02e-19 0.69148
63371 72.27 65.14 1.06e-19 0.69511
63101 -146.50 74.10 6.85e-20 0.63377
63107 41.70 76.00 1.25e-19 0.69035
63968 -159.50 80.00 8.86e-20 0.67200
64343 9.65 55.86 1.12e-19 0.70156
63365 76.09 66.19 1.05e-19 0.69421
64247 33.10 47.99 8.43e-20 0.66481
64340 4.38 55.44 1.11e-19 0.69997
64244 28.75 48.86 8.91e-20 0.67285
64238 19.66 49.87 9.48e-20 0.68128
64346 15.00 56.00 1.13e-19 0.70202
64241 24.26 49.49 9.26e-20 0.67824
64268 -8.62 49.77 8.77e-20 0.67049
64271 -4.25 50.90 9.38e-20 0.67990
64274 0.34 51.81 9.87e-20 0.68682
64277 5.12 52.47 1.02e-19 0.69129
65264 -76.74 62.99 6.84e-20 0.63361
65261 -77.40 59.97 5.83e-20 0.60960
65258 101.35 59.93 6.36e-20 0.62272
65324 -83.42 59.64 5.22e-20 0.59319
65321 107.40 59.97 5.83e-20 0.60960
65318 106.74 62.99 6.84e-20 0.63361
64145 -154.30 74.50 6.89e-20 0.63470
65189 93.62 62.41 7.87e-20 0.65462
65195 -71.35 59.93 6.36e-20 0.62272
64139 -154.30 76.50 7.63e-20 0.64995
65441 -105.01 72.61 7.83e-20 0.65387
65438 -101.49 69.80 7.13e-20 0.63976
65444 -110.04 75.29 8.43e-20 0.66474
65447 -117.41 77.77 8.91e-20 0.67282
63341 89.39 68.69 9.97e-20 0.68814
63347 84.65 67.98 1.02e-19 0.69086
65018 -45.03 65.56 1.04e-19 0.69362
65027 -40.62 68.01 1.12e-19 0.70152
65159 -8.31 82.40 1.25e-19 0.69810
63239 -16.23 58.68 1.10e-19 0.69932
63245 -13.89 57.20 1.07e-19 0.69698
65165 38.31 82.40 1.25e-19 0.69810
63419 50.72 54.13 9.38e-20 0.68002
64943 59.72 63.95 1.12e-19 0.70155
64946 64.39 61.83 1.04e-19 0.69363
64847 -30.17 59.65 1.02e-19 0.69123
65141 -58.92 68.10 9.87e-20 0.68675
65138 -61.49 65.27 8.91e-20 0.67274
64838 67.39 50.87 6.81e-20 0.63297
64841 -37.82 55.26 8.22e-20 0.66093
64844 -34.24 57.52 9.26e-20 0.67818
64478 8.63 61.84 1.23e-19 0.70368
64481 15.00 62.00 1.23e-19 0.70317
64484 21.37 61.84 1.23e-19 0.70368
64487 27.59 61.35 1.22e-19 0.70462
64421 26.51 58.40 1.17e-19 0.70434
64424 32.00 57.66 1.14e-19 0.70266
64853 -20.33 63.41 1.17e-19 0.70431
64850 -25.56 61.63 1.11e-19 0.69998
64856 -14.43 64.97 1.22e-19 0.70464
63143 -74.98 69.92 9.04e-20 0.67491
64307 50.22 45.15 6.35e-20 0.62236
64298 38.62 49.77 8.77e-20 0.67049
64301 42.75 48.42 8.04e-20 0.65780
64304 46.62 46.88 7.23e-20 0.64196
64874 30.65 67.20 1.25e-19 0.69520
64868 15.00 68.00 1.24e-19 0.68569
64871 22.96 67.80 1.25e-19 0.68872
64877 37.85 66.25 1.24e-19 0.70125
64022 20.50 86.00 1.23e-19 0.70320
64025 20.50 84.00 1.25e-19 0.69949
64397 -16.66 53.94 9.63e-20 0.68351
64019 20.50 88.00 1.21e-19 0.70488
64394 -20.85 52.27 8.77e-20 0.67046
64388 -28.18 48.44 6.84e-20 0.63363
64391 -24.68 50.43 7.83e-20 0.65387
64214 32.11 45.05 7.41e-20 0.64568
64097 -154.30 89.50 1.17e-19 0.70408
64211 27.99 45.89 7.87e-20 0.65460
65219 -52.04 80.22 1.19e-19 0.70492
64217 -11.20 45.58 7.13e-20 0.63968
65222 -41.87 82.83 1.22e-19 0.70462
64427 37.23 56.66 1.10e-19 0.69911
64199 10.61 46.88 8.43e-20 0.66479
64202 15.00 47.00 8.50e-20 0.66587
64205 19.39 46.88 8.43e-20 0.66479
64976 -5.87 72.94 1.24e-19 0.68569
64973 -14.88 71.70 1.25e-19 0.69672
64970 -22.64 70.09 1.23e-19 0.70315
65450 -128.42 79.90 9.26e-20 0.67821
65453 -144.45 81.43 9.48e-20 0.68140
65162 15.00 83.00 1.25e-19 0.69672
63203 -31.27 65.14 1.14e-19 0.70241
65279 -71.91 77.98 1.10e-19 0.69908
65285 -66.36 83.93 1.17e-19 0.70432
65282 -69.91 80.96 1.14e-19 0.70265
65471 135.01 72.61 7.83e-20 0.65387
65468 140.04 75.29 8.43e-20 0.66474
65474 131.49 69.80 7.13e-20 0.63976
65477 -118.54 73.33 7.41e-20 0.64558
62993 15.00 -90.00 -4.08e-20 -0.04078
64940 54.30 65.88 1.19e-19 0.70484
65099 -1.81 79.57 1.25e-19 0.68872
65105 31.81 79.57 1.25e-19 0.68872
65102 15.00 80.00 1.24e-19 0.68569
64688 60.98 50.85 7.41e-20 0.64554
65405 -115.34 82.12 1.02e-19 0.69125
65402 -105.13 79.58 9.87e-20 0.68681
65399 -99.24 76.82 9.39e-20 0.68002
63269 -6.11 50.90 9.29e-20 0.67858
63275 -4.48 49.24 8.81e-20 0.67102
64037 20.50 76.00 1.20e-19 0.66697
64034 20.50 78.00 1.23e-19 0.67700
64028 20.50 82.00 1.25e-19 0.69379
64031 20.50 80.00 1.24e-19 0.68622
64916 -10.90 69.01 1.25e-19 0.69810
64793 -11.53 62.26 1.19e-19 0.70496
64790 -17.07 60.82 1.14e-19 0.70261
64910 -24.30 65.88 1.19e-19 0.70484
64913 -18.05 67.59 1.23e-19 0.70365
64796 -5.47 63.42 1.23e-19 0.70407
65144 -55.70 70.89 1.07e-19 0.69676
64430 42.12 55.41 1.04e-19 0.69289
64433 46.66 53.94 9.63e-20 0.68351
64349 20.35 55.86 1.12e-19 0.70156
64352 25.62 55.44 1.11e-19 0.69997
64355 30.72 54.74 1.07e-19 0.69666
63383 65.50 62.76 1.06e-19 0.69509
63113 -138.30 76.00 7.70e-20 0.65135
64436 50.85 52.27 8.77e-20 0.67046
64334 -5.61 53.80 1.02e-19 0.69148
65504 -141.78 74.62 7.13e-20 0.63965
64331 -10.23 52.61 9.62e-20 0.68339
64328 -14.55 51.21 8.89e-20 0.67238
64169 15.00 41.00 6.29e-20 0.62092
64172 18.97 40.88 6.22e-20 0.61939
64175 6.71 43.52 7.13e-20 0.63989
64337 -0.72 54.74 1.07e-19 0.69666
64814 35.47 63.42 1.23e-19 0.70407
65147 -51.53 73.61 1.14e-19 0.70268
65249 96.90 68.78 9.39e-20 0.68004
64085 20.50 46.00 8.09e-20 0.65874
65336 -84.03 71.77 8.89e-20 0.67242
65252 98.64 65.84 8.43e-20 0.66470
65255 100.10 62.89 7.41e-20 0.64552
65330 -83.40 65.72 7.13e-20 0.63974
65333 -83.60 68.75 8.04e-20 0.65787
64418 20.81 58.85 1.19e-19 0.70487
64133 -154.30 79.50 8.72e-20 0.66958
65186 91.49 65.27 8.91e-20 0.67274
64136 -154.30 78.50 8.36e-20 0.66348
65183 88.92 68.10 9.87e-20 0.68675
65180 85.70 70.89 1.07e-19 0.69676
65192 95.42 59.53 6.80e-20 0.63275
65414 164.13 84.15 1.04e-19 0.69376
65432 121.61 68.04 7.23e-20 0.64184
65435 120.51 65.03 6.35e-20 0.62234
63263 -7.85 52.53 9.73e-20 0.68489
65429 123.21 71.02 8.04e-20 0.65795
65408 -134.13 84.15 1.04e-19 0.69376
63317 110.50 70.00 8.64e-20 0.66839
63311 115.98 69.92 8.21e-20 0.66104
65009 76.59 58.92 8.49e-20 0.66574
65015 -48.69 63.02 9.48e-20 0.68140
65012 -51.77 60.39 8.42e-20 0.66459
65528 -165.00 70.00 5.22e-20 0.59310
65531 -165.00 67.00 4.22e-20 0.56223
63413 52.73 55.69 9.71e-20 0.68460
64955 -46.59 58.92 8.49e-20 0.66574
64949 68.43 59.57 9.48e-20 0.68125
65111 57.58 76.63 1.24e-19 0.70123
65168 55.98 80.83 1.24e-19 0.70123
65108 46.27 78.38 1.25e-19 0.69520
65114 66.13 74.51 1.22e-19 0.70461
65117 72.61 72.15 1.17e-19 0.70432
64862 -0.65 67.20 1.25e-19 0.69520
64835 64.18 53.14 7.88e-20 0.65481
65456 -165.00 82.00 9.55e-20 0.68234
64469 -9.17 59.48 1.15e-19 0.70337
64475 2.41 61.35 1.22e-19 0.70462
64472 -3.56 60.56 1.19e-19 0.70495
65513 -177.19 75.64 7.32e-20 0.64381
65510 -165.00 76.00 7.39e-20 0.64530
65516 171.78 74.62 7.13e-20 0.63965
64451 -34.20 48.66 6.37e-20 0.62272
64454 -30.98 50.85 7.41e-20 0.64554
63905 -159.50 78.00 8.14e-20 0.65967
64289 24.88 52.47 1.02e-19 0.69129
64295 34.25 50.90 9.38e-20 0.67990
64292 29.66 51.81 9.87e-20 0.68682
64883 50.33 63.41 1.17e-19 0.70431
64880 44.43 64.97 1.22e-19 0.70464
65498 156.21 75.54 7.87e-20 0.65471
63584 -159.50 72.00 5.94e-20 0.61237
64886 55.56 61.63 1.11e-19 0.69998
64406 -2.00 57.66 1.14e-19 0.70266
65378 113.40 65.72 7.13e-20 0.63974
64403 -7.23 56.66 1.10e-19 0.69911
64400 -12.12 55.41 1.04e-19 0.69289
64223 -3.10 47.99 8.43e-20 0.66481
64220 -7.26 46.89 7.83e-20 0.65377
64118 -154.30 82.50 9.74e-20 0.68507
64121 -154.30 81.50 9.41e-20 0.68038
64226 1.25 48.86 8.91e-20 0.67285
64124 -154.30 80.50 9.07e-20 0.67521
63161 -58.62 69.66 1.03e-19 0.69155
