65006 73.24 61.42 7.98e-20
65000 64.69 66.09 9.08e-20
65003 69.32 63.82 8.57e-20
63197 -35.09 66.19 9.07e-20
64142 -154.30 75.50 6.52e-20
63191 -39.22 67.15 9.01e-20
65213 -57.99 77.44 9.21e-20
65210 -61.92 74.59 8.86e-20
65294 86.94 86.84 9.45e-20
65291 15.00 89.00 9.49e-20
65288 -56.94 86.84 9.45e-20
65075 -57.47 61.57 7.14e-20
62987 15.00 -74.00 -2.63e-20
65072 81.77 60.39 7.27e-20
65486 -149.69 78.56 7.27e-20
65069 78.69 63.02 7.93e-20
65420 135.13 79.58 8.18e-20
62981 15.00 -90.00 -5.90e-20
65483 -136.50 77.35 7.14e-20
65156 -25.98 80.83 9.86e-20
65426 125.59 73.95 7.49e-20
65480 -126.21 75.54 6.92e-20
63281 -2.95 47.55 7.18e-20
63287 -1.51 45.84 6.83e-20
65150 -45.89 76.23 9.48e-20
65390 -91.61 68.04 6.50e-20
63227 -18.77 60.10 8.98e-20
65393 -93.21 71.02 7.03e-20
65396 -95.59 73.95 7.49e-20
63221 -21.51 61.46 9.06e-20
63443 45.48 49.24 7.09e-20
64046 20.50 70.00 9.95e-20
64082 20.50 48.00 7.52e-20
64043 20.50 72.00 9.86e-20
64040 20.50 74.00 9.79e-20
64781 -30.59 55.29 7.58e-20
64778 -34.18 53.14 6.92e-20
64784 -26.57 57.31 8.18e-20
64079 20.50 50.00 7.95e-20
64787 -22.08 59.16 8.70e-20
64919 -2.88 70.09 9.99e-20
64925 15.00 71.00 9.89e-20
64922 5.86 70.77 9.94e-20
64439 54.68 50.43 6.89e-20
64445 61.37 46.31 5.57e-20
64442 58.18 48.44 6.25e-20
63119 -95.35 67.98 6.32e-20
63125 -90.61 68.69 6.68e-20
63377 68.74 63.99 8.63e-20
64544 53.49 54.84 7.88e-20
64187 23.29 43.52 6.44e-20
64325 -18.58 49.61 7.03e-20
63776 -159.50 74.00 6.14e-20
64181 15.00 44.00 6.61e-20
64178 10.84 43.88 6.57e-20
64184 19.16 43.88 6.57e-20
64013 -159.50 88.00 9.08e-20
64250 37.26 46.89 6.89e-20
64253 41.20 45.58 6.44e-20
64073 20.50 54.00 8.73e-20
64070 20.50 56.00 9.06e-20
65246 94.74 71.70 8.41e-20
65492 179.69 78.56 7.27e-20
65243 91.92 74.59 8.86e-20
65495 166.50 77.35 7.14e-20
64076 20.50 52.00 8.36e-20
65240 87.99 77.44 9.21e-20
64208 23.74 46.51 7.14e-20
64457 -27.42 52.92 7.28e-20
65177 81.53 73.61 9.14e-20
64166 11.03 40.88 5.84e-20
64163 15.00 38.00 5.15e-20
65171 67.87 78.68 9.72e-20
64094 20.50 40.00 5.61e-20
65174 75.89 76.23 9.48e-20
64160 15.00 35.00 4.42e-20
65387 -90.51 65.03 5.92e-20
63257 -9.72 54.13 8.34e-20
65297 96.36 83.93 9.34e-20
63251 -11.73 55.69 8.55e-20
65381 113.36 62.69 5.81e-20
65384 113.42 59.64 5.15e-20
65357 139.00 86.38 9.04e-20
65348 -94.24 83.64 8.91e-20
65351 -109.00 86.38 9.04e-20
64091 20.50 42.00 6.10e-20
65354 -165.00 88.00 9.08e-20
63179 -48.39 68.69 8.77e-20
63185 -43.65 67.98 8.90e-20
63323 105.02 69.92 7.66e-20
65342 -86.22 77.76 8.41e-20
65345 -88.82 80.73 8.71e-20
65339 -84.82 74.77 8.03e-20
65045 15.00 77.00 9.89e-20
65042 1.88 76.67 9.94e-20
65039 -10.07 75.72 9.99e-20
63407 54.89 57.20 8.25e-20
65423 129.24 76.82 7.88e-20
64823 52.08 59.16 8.70e-20
65489 -165.00 79.00 7.32e-20
64820 47.07 60.82 9.14e-20
64967 -29.19 68.20 9.49e-20
64964 -34.69 66.09 9.08e-20
63401 57.23 58.68 8.39e-20
63095 40.40 47.00 6.80e-20
64961 -39.32 63.82 8.57e-20
64958 -43.24 61.42 7.98e-20
64826 56.57 57.31 8.18e-20
65063 70.62 68.01 9.04e-20
65126 84.80 64.32 7.80e-20
65060 65.21 70.32 9.45e-20
65123 81.58 67.01 8.40e-20
65066 75.03 65.56 8.53e-20
65120 77.61 69.63 8.92e-20
64592 57.42 52.92 7.28e-20
64499 49.14 56.59 8.41e-20
65519 -154.87 72.69 5.84e-20
65522 -165.00 73.00 5.88e-20
65525 -175.13 72.69 5.84e-20
63293 -0.15 44.10 6.45e-20
64055 20.50 64.00 9.90e-20
64052 20.50 66.00 9.97e-20
64466 -14.37 58.15 8.86e-20
64049 20.50 68.00 9.98e-20
64463 -19.14 56.59 8.41e-20
64460 -23.49 54.84 7.88e-20
64889 60.17 59.65 8.40e-20
64895 67.82 55.26 7.14e-20
64892 64.24 57.52 7.80e-20
65225 -22.03 85.01 9.75e-20
64376 58.87 43.83 5.15e-20
64004 -159.50 82.00 7.98e-20
64370 52.30 47.83 6.44e-20
64007 -159.50 84.00 8.39e-20
64373 55.72 45.90 5.80e-20
64229 5.74 49.49 7.80e-20
64235 15.00 50.00 7.98e-20
64232 10.34 49.87 7.93e-20
64109 -154.30 85.50 8.67e-20
64115 -154.30 83.50 8.30e-20
64112 -154.30 84.50 8.49e-20
63809 -159.50 76.00 6.62e-20
64283 15.00 53.00 8.57e-20
64280 10.03 52.87 8.53e-20
64286 19.97 52.87 8.53e-20
65312 105.25 69.00 7.49e-20
65315 106.03 66.00 6.89e-20
65309 104.36 72.00 8.03e-20
65306 103.29 74.99 8.48e-20
65198 -70.10 62.89 6.62e-20
65201 -68.64 65.84 7.28e-20
65204 -66.90 68.78 7.88e-20
65207 -64.74 71.70 8.41e-20
65300 99.91 80.96 9.14e-20
65303 101.91 77.98 8.86e-20
65078 -54.80 64.32 7.80e-20
65081 -51.58 67.01 8.40e-20
65411 -165.00 85.00 8.57e-20
65084 -47.61 69.63 8.92e-20
65087 -42.61 72.15 9.34e-20
64859 -7.85 66.25 9.86e-20
64865 7.04 67.80 9.99e-20
65417 145.34 82.12 8.40e-20
63329 99.62 69.66 7.88e-20
63335 94.39 69.25 8.08e-20
63449 43.95 47.55 6.78e-20
63455 42.51 45.84 6.45e-20
64994 52.64 70.09 9.78e-20
64988 35.87 72.94 9.98e-20
64991 44.88 71.70 9.95e-20
63215 -24.50 62.76 9.11e-20
65153 -37.87 78.68 9.72e-20
64997 59.19 68.20 9.49e-20
63209 -27.74 63.99 9.13e-20
64934 40.90 69.01 9.93e-20
64016 14.04 90.00 9.36e-20
64931 32.88 70.09 9.99e-20
63431 48.85 52.53 7.64e-20
64928 24.14 70.77 9.94e-20
64010 -159.50 86.00 8.75e-20
63473 -159.50 70.00 5.16e-20
64937 48.05 67.59 9.75e-20
63437 47.11 50.90 7.38e-20
65132 -65.42 59.53 6.23e-20
65135 -63.62 62.41 6.92e-20
65129 87.47 61.57 7.14e-20
64772 64.20 48.66 5.93e-20
64775 -37.39 50.87 6.23e-20
64415 15.00 59.00 9.49e-20
64412 9.19 58.85 9.45e-20
64409 3.49 58.40 9.34e-20
63137 -80.38 69.66 7.36e-20
63131 -85.61 69.25 7.03e-20
64316 -22.30 47.83 6.44e-20
64313 -25.72 45.90 5.80e-20
64310 -28.87 43.83 5.15e-20
63155 -64.02 69.92 8.20e-20
63149 -69.50 70.00 7.94e-20
64259 -20.22 45.15 5.92e-20
64265 -12.75 48.42 7.03e-20
64262 -16.62 46.88 6.50e-20
65327 -83.36 62.69 5.81e-20
57281 15.00 -74.00 -2.63e-20
64100 -154.30 88.50 9.16e-20
64103 -154.30 87.50 9.01e-20
65237 82.04 80.22 9.48e-20
65234 71.87 82.83 9.65e-20
64106 -154.30 86.50 8.85e-20
65231 52.03 85.01 9.75e-20
65228 15.00 86.00 9.78e-20
65267 -76.03 66.00 6.89e-20
64088 20.50 44.00 6.59e-20
64193 2.01 45.89 6.92e-20
64190 -2.11 45.05 6.62e-20
64157 -154.30 77.50 7.00e-20
64154 -154.30 71.50 5.55e-20
64151 -154.30 72.50 5.80e-20
64148 -154.30 73.50 6.04e-20
64196 6.26 46.51 7.14e-20
64982 15.00 74.00 9.66e-20
64985 25.77 73.73 9.89e-20
65369 114.82 74.77 8.03e-20
64979 4.23 73.73 9.89e-20
65375 113.60 68.75 7.03e-20
65372 114.03 71.77 7.56e-20
65366 116.22 77.76 8.41e-20
65360 124.24 83.64 8.91e-20
65363 118.82 80.73 8.71e-20
65459 174.45 81.43 7.93e-20
65462 158.42 79.90 7.80e-20
65465 147.41 77.77 7.58e-20
63173 -53.39 69.25 8.61e-20
65036 -20.23 74.26 9.93e-20
65270 -75.25 69.00 7.49e-20
65273 -74.36 72.00 8.03e-20
64952 71.94 57.20 7.27e-20
65276 -73.29 74.99 8.48e-20
65030 -35.21 70.32 9.45e-20
65033 -28.52 72.43 9.75e-20
64808 22.07 64.82 9.93e-20
64811 28.94 64.29 9.86e-20
65501 148.54 73.33 6.62e-20
63353 80.22 67.15 8.49e-20
64817 41.53 62.26 9.48e-20
63005 15.00 -90.00 -5.90e-20
63389 62.51 61.46 8.57e-20
62999 15.00 -74.00 -2.63e-20
63395 59.77 60.10 8.49e-20
65507 -152.81 75.64 6.57e-20
65054 50.23 74.26 9.93e-20
65096 -16.27 78.38 9.96e-20
65051 40.07 75.72 9.99e-20
65048 28.12 76.67 9.94e-20
65090 -36.13 74.51 9.65e-20
65093 -27.58 76.63 9.86e-20
65057 58.52 72.43 9.75e-20
64496 44.37 58.15 8.86e-20
64490 33.56 60.56 9.48e-20
64493 39.17 59.48 9.21e-20
63017 15.00 -90.00 -5.90e-20
63305 121.38 69.66 6.84e-20
63011 15.00 -74.00 -2.63e-20
63299 126.61 69.25 6.53e-20
64058 20.50 62.00 9.77e-20
64061 20.50 60.00 9.58e-20
64067 20.50 58.00 9.35e-20
64802 7.93 64.82 9.93e-20
64805 15.00 65.00 9.95e-20
64799 1.06 64.29 9.86e-20
64907 -29.72 63.95 9.04e-20
64904 -34.39 61.83 8.53e-20
64898 -41.94 57.20 7.27e-20
64901 -38.43 59.57 7.93e-20
64829 60.59 55.29 7.58e-20
64379 -31.37 46.31 5.57e-20
64367 48.58 49.61 7.03e-20
64364 44.55 51.21 7.56e-20
64361 40.23 52.61 8.03e-20
64358 35.61 53.80 8.41e-20
63371 72.27 65.14 8.61e-20
63101 -146.50 74.10 6.25e-20
63107 41.70 76.00 9.98e-20
63968 -159.50 80.00 7.55e-20
64343 9.65 55.86 9.04e-20
63365 76.09 66.19 8.56e-20
64247 33.10 47.99 7.28e-20
64340 4.38 55.44 8.92e-20
64244 28.75 48.86 7.58e-20
64238 19.66 49.87 7.93e-20
64346 15.00 56.00 9.08e-20
64241 24.26 49.49 7.80e-20
64268 -8.62 49.77 7.49e-20
64271 -4.25 50.90 7.88e-20
64274 0.34 51.81 8.18e-20
64277 5.12 52.47 8.40e-20
65264 -76.74 62.99 6.25e-20
65261 -77.40 59.97 5.57e-20
65258 101.35 59.93 5.93e-20
65324 -83.42 59.64 5.15e-20
65321 107.40 59.97 5.57e-20
65318 106.74 62.99 6.25e-20
64145 -154.30 74.50 6.28e-20
65189 93.62 62.41 6.92e-20
65195 -71.35 59.93 5.93e-20
64139 -154.30 76.50 6.76e-20
65441 -105.01 72.61 6.89e-20
65438 -101.49 69.80 6.44e-20
65444 -110.04 75.29 7.28e-20
65447 -117.41 77.77 7.58e-20
63341 89.39 68.69 8.24e-20
63347 84.65 67.98 8.38e-20
65018 -45.03 65.56 8.53e-20
65027 -40.62 68.01 9.04e-20
65159 -8.31 82.40 9.93e-20
63239 -16.23 58.68 8.87e-20
63245 -13.89 57.20 8.72e-20
65165 38.31 82.40 9.93e-20
63419 50.72 54.13 7.88e-20
64943 59.72 63.95 9.04e-20
64946 64.39 61.83 8.53e-20
64847 -30.17 59.65 8.40e-20
65141 -58.92 68.10 8.18e-20
65138 -61.49 65.27 7.58e-20
64838 67.39 50.87 6.23e-20
64841 -37.82 55.26 7.14e-20
64844 -34.24 57.52 7.80e-20
64478 8.63 61.84 9.75e-20
64481 15.00 62.00 9.78e-20
64484 21.37 61.84 9.75e-20
64487 27.59 61.35 9.65e-20
64421 26.51 58.40 9.34e-20
64424 32.00 57.66 9.14e-20
64853 -20.33 63.41 9.34e-20
64850 -25.56 61.63 8.92e-20
64856 -14.43 64.97 9.65e-20
63143 -74.98 69.92 7.66e-20
64307 50.22 45.15 5.92e-20
64298 38.62 49.77 7.49e-20
64301 42.75 48.42 7.03e-20
64304 46.62 46.88 6.50e-20
64874 30.65 67.20 9.96e-20
64868 15.00 68.00 9.98e-20
64871 22.96 67.80 9.99e-20
64877 37.85 66.25 9.86e-20
64022 20.50 86.00 9.78e-20
64025 20.50 84.00 9.90e-20
64397 -16.66 53.94 8.03e-20
64019 20.50 88.00 9.60e-20
64394 -20.85 52.27 7.49e-20
64388 -28.18 48.44 6.25e-20
64391 -24.68 50.43 6.89e-20
64214 32.11 45.05 6.62e-20
64097 -154.30 89.50 9.30e-20
64211 27.99 45.89 6.92e-20
65219 -52.04 80.22 9.48e-20
64217 -11.20 45.58 6.44e-20
65222 -41.87 82.83 9.65e-20
64427 37.23 56.66 8.86e-20
64199 10.61 46.88 7.27e-20
64202 15.00 47.00 7.32e-20
64205 19.39 46.88 7.27e-20
64976 -5.87 72.94 9.98e-20
64973 -14.88 71.70 9.95e-20
64970 -22.64 70.09 9.78e-20
65450 -128.42 79.90 7.80e-20
65453 -144.45 81.43 7.93e-20
65162 15.00 83.00 9.95e-20
63203 -31.27 65.14 9.12e-20
65279 -71.91 77.98 8.86e-20
65285 -66.36 83.93 9.34e-20
65282 -69.91 80.96 9.14e-20
65471 135.01 72.61 6.89e-20
65468 140.04 75.29 7.28e-20
65474 131.49 69.80 6.44e-20
65477 -118.54 73.33 6.62e-20
62993 15.00 -90.00 -5.90e-20
64940 54.30 65.88 9.45e-20
65099 -1.81 79.57 9.99e-20
65105 31.81 79.57 9.99e-20
65102 15.00 80.00 9.98e-20
64688 60.98 50.85 6.62e-20
65405 -115.34 82.12 8.40e-20
65402 -105.13 79.58 8.18e-20
65399 -99.24 76.82 7.88e-20
63269 -6.11 50.90 7.82e-20
63275 -4.48 49.24 7.51e-20
64037 20.50 76.00 9.86e-20
64034 20.50 78.00 9.94e-20
64028 20.50 82.00 9.97e-20
64031 20.50 80.00 9.98e-20
64916 -10.90 69.01 9.93e-20
64793 -11.53 62.26 9.48e-20
64790 -17.07 60.82 9.14e-20
64910 -24.30 65.88 9.45e-20
64913 -18.05 67.59 9.75e-20
64796 -5.47 63.42 9.72e-20
65144 -55.70 70.89 8.71e-20
64430 42.12 55.41 8.48e-20
64433 46.66 53.94 8.03e-20
64349 20.35 55.86 9.04e-20
64352 25.62 55.44 8.92e-20
64355 30.72 54.74 8.70e-20
63383 65.50 62.76 8.61e-20
63113 -138.30 76.00 6.81e-20
64436 50.85 52.27 7.49e-20
64334 -5.61 53.80 8.41e-20
65504 -141.78 74.62 6.44e-20
64331 -10.23 52.61 8.03e-20
64328 -14.55 51.21 7.56e-20
64169 15.00 41.00 5.88e-20
64172 18.97 40.88 5.84e-20
64175 6.71 43.52 6.44e-20
64337 -0.72 54.74 8.70e-20
64814 35.47 63.42 9.72e-20
65147 -51.53 73.61 9.14e-20
65249 96.90 68.78 7.88e-20
64085 20.50 46.00 7.06e-20
65336 -84.03 71.77 7.56e-20
65252 98.64 65.84 7.28e-20
65255 100.10 62.89 6.62e-20
65330 -83.40 65.72 6.44e-20
65333 -83.60 68.75 7.03e-20
64418 20.81 58.85 9.45e-20
64133 -154.30 79.50 7.46e-20
65186 91.49 65.27 7.58e-20
64136 -154.30 78.50 7.23e-20
65183 88.92 68.10 8.18e-20
65180 85.70 70.89 8.71e-20
65192 95.42 59.53 6.23e-20
65414 164.13 84.15 8.53e-20
65432 121.61 68.04 6.50e-20
65435 120.51 65.03 5.92e-20
63263 -7.85 52.53 8.09e-20
65429 123.21 71.02 7.03e-20
65408 -134.13 84.15 8.53e-20
63317 110.50 70.00 7.41e-20
63311 115.98 69.92 7.14e-20
65009 76.59 58.92 7.32e-20
65015 -48.69 63.02 7.93e-20
65012 -51.77 60.39 7.27e-20
65528 -165.00 70.00 5.15e-20
65531 -165.00 67.00 4.42e-20
63413 52.73 55.69 8.08e-20
64955 -46.59 58.92 7.32e-20
64949 68.43 59.57 7.93e-20
65111 57.58 76.63 9.86e-20
65168 55.98 80.83 9.86e-20
65108 46.27 78.38 9.96e-20
65114 66.13 74.51 9.65e-20
65117 72.61 72.15 9.34e-20
64862 -0.65 67.20 9.96e-20
64835 64.18 53.14 6.92e-20
65456 -165.00 82.00 7.98e-20
64469 -9.17 59.48 9.21e-20
64475 2.41 61.35 9.65e-20
64472 -3.56 60.56 9.48e-20
65513 -177.19 75.64 6.57e-20
65510 -165.00 76.00 6.61e-20
65516 171.78 74.62 6.44e-20
64451 -34.20 48.66 5.93e-20
64454 -30.98 50.85 6.62e-20
63905 -159.50 78.00 7.09e-20
64289 24.88 52.47 8.40e-20
64295 34.25 50.90 7.88e-20
64292 29.66 51.81 8.18e-20
64883 50.33 63.41 9.34e-20
64880 44.43 64.97 9.65e-20
65498 156.21 75.54 6.92e-20
63584 -159.50 72.00 5.65e-20
64886 55.56 61.63 8.92e-20
64406 -2.00 57.66 9.14e-20
65378 113.40 65.72 6.44e-20
64403 -7.23 56.66 8.86e-20
64400 -12.12 55.41 8.48e-20
64223 -3.10 47.99 7.28e-20
64220 -7.26 46.89 6.89e-20
64118 -154.30 82.50 8.10e-20
64121 -154.30 81.50 7.89e-20
64226 1.25 48.86 7.58e-20
64124 -154.30 80.50 7.68e-20
63161 -58.62 69.66 8.42e-20
