65006 73.24 61.42 7.98e-20 0.57018
65000 64.69 66.09 9.08e-20 0.56355
65003 69.32 63.82 8.57e-20 0.56685
63197 -35.09 66.19 9.07e-20 0.56358
64142 -154.30 75.50 6.52e-20 0.57757
63191 -39.22 67.15 9.01e-20 0.56413
65213 -57.99 77.44 9.21e-20 0.56259
65210 -61.92 74.59 8.86e-20 0.56508
65294 86.94 86.84 9.45e-20 0.56067
65291 15.00 89.00 9.49e-20 0.56033
65288 -56.94 86.84 9.45e-20 0.56067
65075 -57.47 61.57 7.14e-20 0.57451
62987 15.00 -74.00 -2.63e-20 -0.02630
65072 81.77 60.39 7.27e-20 0.57378
65486 -149.69 78.56 7.27e-20 0.57375
65069 78.69 63.02 7.93e-20 0.57048
65420 135.13 79.58 8.18e-20 0.56910
62981 15.00 -90.00 -5.90e-20 -0.05905
65483 -136.50 77.35 7.14e-20 0.57456
65156 -25.98 80.83 9.86e-20 0.55585
65426 125.59 73.95 7.49e-20 0.57274
65480 -126.21 75.54 6.92e-20 0.57558
63281 -2.95 47.55 7.18e-20 0.57424
63287 -1.51 45.84 6.83e-20 0.57612
65150 -45.89 76.23 9.48e-20 0.56041
65390 -91.61 68.04 6.50e-20 0.57766
63227 -18.77 60.10 8.98e-20 0.56428
65393 -93.21 71.02 7.03e-20 0.57512
65396 -95.59 73.95 7.49e-20 0.57274
63221 -21.51 61.46 9.06e-20 0.56371
63443 45.48 49.24 7.09e-20 0.57470
64046 20.50 70.00 9.95e-20 0.54879
64082 20.50 48.00 7.52e-20 0.57259
64043 20.50 72.00 9.86e-20 0.54682
64040 20.50 74.00 9.79e-20 0.54566
64781 -30.59 55.29 7.58e-20 0.57223
64778 -34.18 53.14 6.92e-20 0.57565
64784 -26.57 57.31 8.18e-20 0.56909
64079 20.50 50.00 7.95e-20 0.57032
64787 -22.08 59.16 8.70e-20 0.56599
64919 -2.88 70.09 9.99e-20 0.55138
64925 15.00 71.00 9.89e-20 0.54731
64922 5.86 70.77 9.94e-20 0.54868
64439 54.68 50.43 6.89e-20 0.57575
64445 61.37 46.31 5.57e-20 0.58241
64442 58.18 48.44 6.25e-20 0.57903
63119 -95.35 67.98 6.32e-20 0.57859
63125 -90.61 68.69 6.68e-20 0.57687
63377 68.74 63.99 8.63e-20 0.56653
64544 53.49 54.84 7.88e-20 0.57069
64187 23.29 43.52 6.44e-20 0.57805
64325 -18.58 49.61 7.03e-20 0.57504
63776 -159.50 74.00 6.14e-20 0.57951
64181 15.00 44.00 6.61e-20 0.57713
64178 10.84 43.88 6.57e-20 0.57737
64184 19.16 43.88 6.57e-20 0.57737
64013 -159.50 88.00 9.08e-20 0.56357
64250 37.26 46.89 6.89e-20 0.57569
64253 41.20 45.58 6.44e-20 0.57792
64073 20.50 54.00 8.73e-20 0.56589
64070 20.50 56.00 9.06e-20 0.56372
65246 94.74 71.70 8.41e-20 0.56783
65492 179.69 78.56 7.27e-20 0.57375
65243 91.92 74.59 8.86e-20 0.56508
65495 166.50 77.35 7.14e-20 0.57456
64076 20.50 52.00 8.36e-20 0.56809
65240 87.99 77.44 9.21e-20 0.56259
64208 23.74 46.51 7.14e-20 0.57458
64457 -27.42 52.92 7.28e-20 0.57382
65177 81.53 73.61 9.14e-20 0.56315
64166 11.03 40.88 5.84e-20 0.58099
64163 15.00 38.00 5.15e-20 0.58464
65171 67.87 78.68 9.72e-20 0.55794
64094 20.50 40.00 5.61e-20 0.58219
65174 75.89 76.23 9.48e-20 0.56041
64160 15.00 35.00 4.42e-20 0.58871
65387 -90.51 65.03 5.92e-20 0.58052
63257 -9.72 54.13 8.34e-20 0.56825
65297 96.36 83.93 9.34e-20 0.56163
63251 -11.73 55.69 8.55e-20 0.56704
65381 113.36 62.69 5.81e-20 0.58126
65384 113.42 59.64 5.15e-20 0.58471
65357 139.00 86.38 9.04e-20 0.56386
65348 -94.24 83.64 8.91e-20 0.56469
65351 -109.00 86.38 9.04e-20 0.56386
64091 20.50 42.00 6.10e-20 0.57969
65354 -165.00 88.00 9.08e-20 0.56358
63179 -48.39 68.69 8.77e-20 0.56565
63185 -43.65 67.98 8.90e-20 0.56479
63323 105.02 69.92 7.66e-20 0.57192
65342 -86.22 77.76 8.41e-20 0.56779
65345 -88.82 80.73 8.71e-20 0.56604
65339 -84.82 74.77 8.03e-20 0.56991
65045 15.00 77.00 9.89e-20 0.54731
65042 1.88 76.67 9.94e-20 0.54868
65039 -10.07 75.72 9.99e-20 0.55138
63407 54.89 57.20 8.25e-20 0.56869
65423 129.24 76.82 7.88e-20 0.57073
64823 52.08 59.16 8.70e-20 0.56599
65489 -165.00 79.00 7.32e-20 0.57361
64820 47.07 60.82 9.14e-20 0.56310
64967 -29.19 68.20 9.49e-20 0.56031
64964 -34.69 66.09 9.08e-20 0.56355
63401 57.23 58.68 8.39e-20 0.56799
63095 40.40 47.00 6.80e-20 0.57619
64961 -39.32 63.82 8.57e-20 0.56685
64958 -43.24 61.42 7.98e-20 0.57018
64826 56.57 57.31 8.18e-20 0.56909
65063 70.62 68.01 9.04e-20 0.56385
65126 84.80 64.32 7.80e-20 0.57116
65060 65.21 70.32 9.45e-20 0.56068
65123 81.58 67.01 8.40e-20 0.56785
65066 75.03 65.56 8.53e-20 0.56708
65120 77.61 69.63 8.92e-20 0.56469
64592 57.42 52.92 7.28e-20 0.57382
64499 49.14 56.59 8.41e-20 0.56777
65519 -154.87 72.69 5.84e-20 0.58090
65522 -165.00 73.00 5.88e-20 0.58080
65525 -175.13 72.69 5.84e-20 0.58090
63293 -0.15 44.10 6.45e-20 0.57801
64055 20.50 64.00 9.90e-20 0.55514
64052 20.50 66.00 9.97e-20 0.55301
64466 -14.37 58.15 8.86e-20 0.56509
64049 20.50 68.00 9.98e-20 0.55088
64463 -19.14 56.59 8.41e-20 0.56777
64460 -23.49 54.84 7.88e-20 0.57069
64889 60.17 59.65 8.40e-20 0.56788
64895 67.82 55.26 7.14e-20 0.57446
64892 64.24 57.52 7.80e-20 0.57112
65225 -22.03 85.01 9.75e-20 0.55752
64376 58.87 43.83 5.15e-20 0.58472
64004 -159.50 82.00 7.98e-20 0.57016
64370 52.30 47.83 6.44e-20 0.57787
64007 -159.50 84.00 8.39e-20 0.56794
64373 55.72 45.90 5.80e-20 0.58115
64229 5.74 49.49 7.80e-20 0.57115
64235 15.00 50.00 7.98e-20 0.57019
64232 10.34 49.87 7.93e-20 0.57040
64109 -154.30 85.50 8.67e-20 0.56624
64115 -154.30 83.50 8.30e-20 0.56842
64112 -154.30 84.50 8.49e-20 0.56733
63809 -159.50 76.00 6.62e-20 0.57709
64283 15.00 53.00 8.57e-20 0.56686
64280 10.03 52.87 8.53e-20 0.56717
64286 19.97 52.87 8.53e-20 0.56717
65312 105.25 69.00 7.49e-20 0.57272
65315 106.03 66.00 6.89e-20 0.57580
65309 104.36 72.00 8.03e-20 0.56994
65306 103.29 74.99 8.48e-20 0.56735
65198 -70.10 62.89 6.62e-20 0.57701
65201 -68.64 65.84 7.28e-20 0.57379
65204 -66.90 68.78 7.88e-20 0.57075
65207 -64.74 71.70 8.41e-20 0.56783
65300 99.91 80.96 9.14e-20 0.56313
65303 101.91 77.98 8.86e-20 0.56508
65078 -54.80 64.32 7.80e-20 0.57116
65081 -51.58 67.01 8.40e-20 0.56785
65411 -165.00 85.00 8.57e-20 0.56686
65084 -47.61 69.63 8.92e-20 0.56469
65087 -42.61 72.15 9.34e-20 0.56163
64859 -7.85 66.25 9.86e-20 0.55587
64865 7.04 67.80 9.99e-20 0.55138
65417 145.34 82.12 8.40e-20 0.56790
63329 99.62 69.66 7.88e-20 0.57067
63335 94.39 69.25 8.08e-20 0.56965
63449 43.95 47.55 6.78e-20 0.57624
63455 42.51 45.84 6.45e-20 0.57802
64994 52.64 70.09 9.78e-20 0.55708
64988 35.87 72.94 9.98e-20 0.55060
64991 44.88 71.70 9.95e-20 0.55386
63215 -24.50 62.76 9.11e-20 0.56335
65153 -37.87 78.68 9.72e-20 0.55794
64997 59.19 68.20 9.49e-20 0.56031
63209 -27.74 63.99 9.13e-20 0.56324
64934 40.90 69.01 9.93e-20 0.55439
64016 14.04 90.00 9.36e-20 0.56141
64931 32.88 70.09 9.99e-20 0.55138
63431 48.85 52.53 7.64e-20 0.57192
64928 24.14 70.77 9.94e-20 0.54868
64010 -159.50 86.00 8.75e-20 0.56574
63473 -159.50 70.00 5.16e-20 0.58459
64937 48.05 67.59 9.75e-20 0.55751
63437 47.11 50.90 7.38e-20 0.57324
65132 -65.42 59.53 6.23e-20 0.57903
65135 -63.62 62.41 6.92e-20 0.57553
65129 87.47 61.57 7.14e-20 0.57451
64772 64.20 48.66 5.93e-20 0.58050
64775 -37.39 50.87 6.23e-20 0.57917
64415 15.00 59.00 9.49e-20 0.56033
64412 9.19 58.85 9.45e-20 0.56067
64409 3.49 58.40 9.34e-20 0.56164
63137 -80.38 69.66 7.36e-20 0.57334
63131 -85.61 69.25 7.03e-20 0.57503
64316 -22.30 47.83 6.44e-20 0.57787
64313 -25.72 45.90 5.80e-20 0.58115
64310 -28.87 43.83 5.15e-20 0.58472
63155 -64.02 69.92 8.20e-20 0.56906
63149 -69.50 70.00 7.94e-20 0.57038
64259 -20.22 45.15 5.92e-20 0.58053
64265 -12.75 48.42 7.03e-20 0.57503
64262 -16.62 46.88 6.50e-20 0.57774
65327 -83.36 62.69 5.81e-20 0.58126
57281 15.00 -74.00 -2.63e-20 -0.02630
64100 -154.30 88.50 9.16e-20 0.56301
64103 -154.30 87.50 9.01e-20 0.56408
65237 82.04 80.22 9.48e-20 0.56042
65234 71.87 82.83 9.65e-20 0.55867
64106 -154.30 86.50 8.85e-20 0.56515
65231 52.03 85.01 9.75e-20 0.55752
65228 15.00 86.00 9.78e-20 0.55710
65267 -76.03 66.00 6.89e-20 0.57580
64088 20.50 44.00 6.59e-20 0.57726
64193 2.01 45.89 6.92e-20 0.57551
64190 -2.11 45.05 6.62e-20 0.57712
64157 -154.30 77.50 7.00e-20 0.57521
64154 -154.30 71.50 5.55e-20 0.58250
64151 -154.30 72.50 5.80e-20 0.58124
64148 -154.30 73.50 6.04e-20 0.58000
64196 6.26 46.51 7.14e-20 0.57458
64982 15.00 74.00 9.66e-20 0.54395
64985 25.77 73.73 9.89e-20 0.54731
65369 114.82 74.77 8.03e-20 0.56991
64979 4.23 73.73 9.89e-20 0.54731
65375 113.60 68.75 7.03e-20 0.57508
65372 114.03 71.77 7.56e-20 0.57242
65366 116.22 77.76 8.41e-20 0.56779
65360 124.24 83.64 8.91e-20 0.56469
65363 118.82 80.73 8.71e-20 0.56604
65459 174.45 81.43 7.93e-20 0.57048
65462 158.42 79.90 7.80e-20 0.57114
65465 147.41 77.77 7.58e-20 0.57230
63173 -53.39 69.25 8.61e-20 0.56662
65036 -20.23 74.26 9.93e-20 0.55439
65270 -75.25 69.00 7.49e-20 0.57272
65273 -74.36 72.00 8.03e-20 0.56994
64952 71.94 57.20 7.27e-20 0.57381
65276 -73.29 74.99 8.48e-20 0.56735
65030 -35.21 70.32 9.45e-20 0.56068
65033 -28.52 72.43 9.75e-20 0.55752
64808 22.07 64.82 9.93e-20 0.55440
64811 28.94 64.29 9.86e-20 0.55586
65501 148.54 73.33 6.62e-20 0.57705
63353 80.22 67.15 8.49e-20 0.56739
64817 41.53 62.26 9.48e-20 0.56044
63005 15.00 -90.00 -5.90e-20 -0.05905
63389 62.51 61.46 8.57e-20 0.56687
62999 15.00 -74.00 -2.63e-20 -0.02630
63395 59.77 60.10 8.49e-20 0.56734
65507 -152.81 75.64 6.57e-20 0.57727
65054 50.23 74.26 9.93e-20 0.55439
65096 -16.27 78.38 9.96e-20 0.55332
65051 40.07 75.72 9.99e-20 0.55138
65048 28.12 76.67 9.94e-20 0.54868
65090 -36.13 74.51 9.65e-20 0.55866
65093 -27.58 76.63 9.86e-20 0.55585
65057 58.52 72.43 9.75e-20 0.55752
64496 44.37 58.15 8.86e-20 0.56509
64490 33.56 60.56 9.48e-20 0.56043
64493 39.17 59.48 9.21e-20 0.56259
63017 15.00 -90.00 -5.90e-20 -0.05905
63305 121.38 69.66 6.84e-20 0.57590
63011 15.00 -74.00 -2.63e-20 -0.02630
63299 126.61 69.25 6.53e-20 0.57752
64058 20.50 62.00 9.77e-20 0.55727
64061 20.50 60.00 9.58e-20 0.55941
64067 20.50 58.00 9.35e-20 0.56156
64802 7.93 64.82 9.93e-20 0.55440
64805 15.00 65.00 9.95e-20 0.55386
64799 1.06 64.29 9.86e-20 0.55586
64907 -29.72 63.95 9.04e-20 0.56387
64904 -34.39 61.83 8.53e-20 0.56709
64898 -41.94 57.20 7.27e-20 0.57381
64901 -38.43 59.57 7.93e-20 0.57038
64829 60.59 55.29 7.58e-20 0.57223
64379 -31.37 46.31 5.57e-20 0.58241
64367 48.58 49.61 7.03e-20 0.57504
64364 44.55 51.21 7.56e-20 0.57240
64361 40.23 52.61 8.03e-20 0.56991
64358 35.61 53.80 8.41e-20 0.56786
63371 72.27 65.14 8.61e-20 0.56663
63101 -146.50 74.10 6.25e-20 0.57892
63107 41.70 76.00 9.98e-20 0.55183
63968 -159.50 80.00 7.55e-20 0.57243
64343 9.65 55.86 9.04e-20 0.56388
63365 76.09 66.19 8.56e-20 0.56687
64247 33.10 47.99 7.28e-20 0.57386
64340 4.38 55.44 8.92e-20 0.56474
64244 28.75 48.86 7.58e-20 0.57232
64238 19.66 49.87 7.93e-20 0.57040
64346 15.00 56.00 9.08e-20 0.56358
64241 24.26 49.49 7.80e-20 0.57115
64268 -8.62 49.77 7.49e-20 0.57274
64271 -4.25 50.90 7.88e-20 0.57066
64274 0.34 51.81 8.18e-20 0.56911
64277 5.12 52.47 8.40e-20 0.56792
65264 -76.74 62.99 6.25e-20 0.57902
65261 -77.40 59.97 5.57e-20 0.58240
65258 101.35 59.93 5.93e-20 0.58049
65324 -83.42 59.64 5.15e-20 0.58471
65321 107.40 59.97 5.57e-20 0.58240
65318 106.74 62.99 6.25e-20 0.57902
64145 -154.30 74.50 6.28e-20 0.57877
65189 93.62 62.41 6.92e-20 0.57553
65195 -71.35 59.93 5.93e-20 0.58049
64139 -154.30 76.50 6.76e-20 0.57638
65441 -105.01 72.61 6.89e-20 0.57575
65438 -101.49 69.80 6.44e-20 0.57797
65444 -110.04 75.29 7.28e-20 0.57381
65447 -117.41 77.77 7.58e-20 0.57230
63341 89.39 68.69 8.24e-20 0.56877
63347 84.65 67.98 8.38e-20 0.56799
65018 -45.03 65.56 8.53e-20 0.56708
65027 -40.62 68.01 9.04e-20 0.56385
65159 -8.31 82.40 9.93e-20 0.55439
63239 -16.23 58.68 8.87e-20 0.56505
63245 -13.89 57.20 8.72e-20 0.56589
65165 38.31 82.40 9.93e-20 0.55439
63419 50.72 54.13 7.88e-20 0.57077
64943 59.72 63.95 9.04e-20 0.56387
64946 64.39 61.83 8.53e-20 0.56709
64847 -30.17 59.65 8.40e-20 0.56788
65141 -58.92 68.10 8.18e-20 0.56907
65138 -61.49 65.27 7.58e-20 0.57225
64838 67.39 50.87 6.23e-20 0.57917
64841 -37.82 55.26 7.14e-20 0.57446
64844 -34.24 57.52 7.80e-20 0.57112
64478 8.63 61.84 9.75e-20 0.55752
64481 15.00 62.00 9.78e-20 0.55710
64484 21.37 61.84 9.75e-20 0.55752
64487 27.59 61.35 9.65e-20 0.55867
64421 26.51 58.40 9.34e-20 0.56164
64424 32.00 57.66 9.14e-20 0.56313
64853 -20.33 63.41 9.34e-20 0.56162
64850 -25.56 61.63 8.92e-20 0.56474
64856 -14.43 64.97 9.65e-20 0.55868
63143 -74.98 69.92 7.66e-20 0.57191
64307 50.22 45.15 5.92e-20 0.58053
64298 38.62 49.77 7.49e-20 0.57274
64301 42.75 48.42 7.03e-20 0.57503
64304 46.62 46.88 6.50e-20 0.57774
64874 30.65 67.20 9.96e-20 0.55332
64868 15.00 68.00 9.98e-20 0.55060
64871 22.96 67.80 9.99e-20 0.55138
64877 37.85 66.25 9.86e-20 0.55587
64022 20.50 86.00 9.78e-20 0.55712
64025 20.50 84.00 9.90e-20 0.55499
64397 -16.66 53.94 8.03e-20 0.56999
64019 20.50 88.00 9.60e-20 0.55926
64394 -20.85 52.27 7.49e-20 0.57272
64388 -28.18 48.44 6.25e-20 0.57903
64391 -24.68 50.43 6.89e-20 0.57575
64214 32.11 45.05 6.62e-20 0.57712
64097 -154.30 89.50 9.30e-20 0.56194
64211 27.99 45.89 6.92e-20 0.57551
65219 -52.04 80.22 9.48e-20 0.56042
64217 -11.20 45.58 6.44e-20 0.57792
65222 -41.87 82.83 9.65e-20 0.55867
64427 37.23 56.66 8.86e-20 0.56511
64199 10.61 46.88 7.27e-20 0.57391
64202 15.00 47.00 7.32e-20 0.57361
64205 19.39 46.88 7.27e-20 0.57391
64976 -5.87 72.94 9.98e-20 0.55060
64973 -14.88 71.70 9.95e-20 0.55386
64970 -22.64 70.09 9.78e-20 0.55708
65450 -128.42 79.90 7.80e-20 0.57114
65453 -144.45 81.43 7.93e-20 0.57048
65162 15.00 83.00 9.95e-20 0.55386
63203 -31.27 65.14 9.12e-20 0.56333
65279 -71.91 77.98 8.86e-20 0.56508
65285 -66.36 83.93 9.34e-20 0.56163
65282 -69.91 80.96 9.14e-20 0.56313
65471 135.01 72.61 6.89e-20 0.57575
65468 140.04 75.29 7.28e-20 0.57381
65474 131.49 69.80 6.44e-20 0.57797
65477 -118.54 73.33 6.62e-20 0.57705
62993 15.00 -90.00 -5.90e-20 -0.05905
64940 54.30 65.88 9.45e-20 0.56065
65099 -1.81 79.57 9.99e-20 0.55138
65105 31.81 79.57 9.99e-20 0.55138
65102 15.00 80.00 9.98e-20 0.55060
64688 60.98 50.85 6.62e-20 0.57702
65405 -115.34 82.12 8.40e-20 0.56790
65402 -105.13 79.58 8.18e-20 0.56910
65399 -99.24 76.82 7.88e-20 0.57073
63269 -6.11 50.90 7.82e-20 0.57100
63275 -4.48 49.24 7.51e-20 0.57258
64037 20.50 76.00 9.86e-20 0.54670
64034 20.50 78.00 9.94e-20 0.54864
64028 20.50 82.00 9.97e-20 0.55286
64031 20.50 80.00 9.98e-20 0.55074
64916 -10.90 69.01 9.93e-20 0.55439
64793 -11.53 62.26 9.48e-20 0.56044
64790 -17.07 60.82 9.14e-20 0.56310
64910 -24.30 65.88 9.45e-20 0.56065
64913 -18.05 67.59 9.75e-20 0.55751
64796 -5.47 63.42 9.72e-20 0.55793
65144 -55.70 70.89 8.71e-20 0.56607
64430 42.12 55.41 8.48e-20 0.56740
64433 46.66 53.94 8.03e-20 0.56999
64349 20.35 55.86 9.04e-20 0.56388
64352 25.62 55.44 8.92e-20 0.56474
64355 30.72 54.74 8.70e-20 0.56600
63383 65.50 62.76 8.61e-20 0.56658
63113 -138.30 76.00 6.81e-20 0.57615
64436 50.85 52.27 7.49e-20 0.57272
64334 -5.61 53.80 8.41e-20 0.56786
65504 -141.78 74.62 6.44e-20 0.57790
64331 -10.23 52.61 8.03e-20 0.56991
64328 -14.55 51.21 7.56e-20 0.57240
64169 15.00 41.00 5.88e-20 0.58080
64172 18.97 40.88 5.84e-20 0.58099
64175 6.71 43.52 6.44e-20 0.57805
64337 -0.72 54.74 8.70e-20 0.56600
64814 35.47 63.42 9.72e-20 0.55793
65147 -51.53 73.61 9.14e-20 0.56315
65249 96.90 68.78 7.88e-20 0.57075
64085 20.50 46.00 7.06e-20 0.57490
65336 -84.03 71.77 7.56e-20 0.57242
65252 98.64 65.84 7.28e-20 0.57379
65255 100.10 62.89 6.62e-20 0.57701
65330 -83.40 65.72 6.44e-20 0.57796
65333 -83.60 68.75 7.03e-20 0.57508
64418 20.81 58.85 9.45e-20 0.56067
64133 -154.30 79.50 7.46e-20 0.57290
65186 91.49 65.27 7.58e-20 0.57225
64136 -154.30 78.50 7.23e-20 0.57405
65183 88.92 68.10 8.18e-20 0.56907
65180 85.70 70.89 8.71e-20 0.56607
65192 95.42 59.53 6.23e-20 0.57903
65414 164.13 84.15 8.53e-20 0.56717
65432 121.61 68.04 6.50e-20 0.57766
65435 120.51 65.03 5.92e-20 0.58052
63263 -7.85 52.53 8.09e-20 0.56954
65429 123.21 71.02 7.03e-20 0.57512
65408 -134.13 84.15 8.53e-20 0.56717
63317 110.50 70.00 7.41e-20 0.57313
63311 115.98 69.92 7.14e-20 0.57458
65009 76.59 58.92 7.32e-20 0.57353
65015 -48.69 63.02 7.93e-20 0.57048
65012 -51.77 60.39 7.27e-20 0.57378
65528 -165.00 70.00 5.15e-20 0.58464
65531 -165.00 67.00 4.42e-20 0.58871
63413 52.73 55.69 8.08e-20 0.56970
64955 -46.59 58.92 7.32e-20 0.57353
64949 68.43 59.57 7.93e-20 0.57038
65111 57.58 76.63 9.86e-20 0.55585
65168 55.98 80.83 9.86e-20 0.55585
65108 46.27 78.38 9.96e-20 0.55332
65114 66.13 74.51 9.65e-20 0.55866
65117 72.61 72.15 9.34e-20 0.56163
64862 -0.65 67.20 9.96e-20 0.55332
64835 64.18 53.14 6.92e-20 0.57565
65456 -165.00 82.00 7.98e-20 0.57019
64469 -9.17 59.48 9.21e-20 0.56259
64475 2.41 61.35 9.65e-20 0.55867
64472 -3.56 60.56 9.48e-20 0.56043
65513 -177.19 75.64 6.57e-20 0.57727
65510 -165.00 76.00 6.61e-20 0.57713
65516 171.78 74.62 6.44e-20 0.57790
64451 -34.20 48.66 5.93e-20 0.58050
64454 -30.98 50.85 6.62e-20 0.57702
63905 -159.50 78.00 7.09e-20 0.57473
64289 24.88 52.47 8.40e-20 0.56792
64295 34.25 50.90 7.88e-20 0.57066
64292 29.66 51.81 8.18e-20 0.56911
64883 50.33 63.41 9.34e-20 0.56162
64880 44.43 64.97 9.65e-20 0.55868
65498 156.21 75.54 6.92e-20 0.57558
63584 -159.50 72.00 5.65e-20 0.58201
64886 55.56 61.63 8.92e-20 0.56474
64406 -2.00 57.66 9.14e-20 0.56313
65378 113.40 65.72 6.44e-20 0.57796
64403 -7.23 56.66 8.86e-20 0.56511
64400 -12.12 55.41 8.48e-20 0.56740
64223 -3.10 47.99 7.28e-20 0.57386
64220 -7.26 46.89 6.89e-20 0.57569
64118 -154.30 82.50 8.10e-20 0.56953
64121 -154.30 81.50 7.89e-20 0.57064
64226 1.25 48.86 7.58e-20 0.57232
64124 -154.30 80.50 7.68e-20 0.57177
63161 -58.62 69.66 8.42e-20 0.56774
