65006 73.24 61.42 1.53e-19 1.09557
65000 64.69 66.09 1.88e-19 1.16471
65003 69.32 63.82 1.72e-19 1.13759
63197 -35.09 66.19 1.87e-19 1.16446
64142 -154.30 75.50 1.09e-19 0.96484
63191 -39.22 67.15 1.85e-19 1.16150
65213 -57.99 77.44 1.92e-19 1.16989
65210 -61.92 74.59 1.81e-19 1.15409
65294 86.94 86.84 1.98e-19 1.17578
65291 15.00 89.00 1.99e-19 1.17620
65288 -56.94 86.84 1.98e-19 1.17578
65075 -57.47 61.57 1.27e-19 1.02431
62987 15.00 -74.00 1.05e-20 0.01048
65072 81.77 60.39 1.31e-19 1.03618
65486 -149.69 78.56 1.31e-19 1.03609
65069 78.69 63.02 1.52e-19 1.09231
65420 135.13 79.58 1.60e-19 1.11093
62981 15.00 -90.00 6.87e-20 0.06870
65483 -136.50 77.35 1.27e-19 1.02445
65156 -25.98 80.83 2.07e-19 1.16527
65426 125.59 73.95 1.38e-19 1.05561
65480 -126.21 75.54 1.21e-19 1.00381
63281 -2.95 47.55 1.29e-19 1.02788
63287 -1.51 45.84 1.18e-19 0.99463
65150 -45.89 76.23 1.99e-19 1.17608
65390 -91.61 68.04 1.08e-19 0.96268
63227 -18.77 60.10 1.85e-19 1.16029
65393 -93.21 71.02 1.24e-19 1.01416
65396 -95.59 73.95 1.38e-19 1.05561
63221 -21.51 61.46 1.87e-19 1.16384
63443 45.48 49.24 1.26e-19 1.01984
64046 20.50 70.00 1.97e-19 1.08845
64082 20.50 48.00 1.39e-19 1.05799
64043 20.50 72.00 1.90e-19 1.05606
64040 20.50 74.00 1.86e-19 1.03495
64781 -30.59 55.29 1.41e-19 1.06314
64778 -34.18 53.14 1.21e-19 1.00401
64784 -26.57 57.31 1.60e-19 1.11090
64079 20.50 50.00 1.53e-19 1.09374
64787 -22.08 59.16 1.76e-19 1.14551
64919 -2.88 70.09 2.04e-19 1.12444
64925 15.00 71.00 1.92e-19 1.06440
64922 5.86 70.77 1.97e-19 1.08677
64439 54.68 50.43 1.20e-19 1.00105
64445 61.37 46.31 8.26e-20 0.86370
64442 58.18 48.44 1.01e-19 0.93675
63119 -95.35 67.98 1.03e-19 0.94377
63125 -90.61 68.69 1.14e-19 0.98074
63377 68.74 63.99 1.74e-19 1.14091
64544 53.49 54.84 1.50e-19 1.08756
64187 23.29 43.52 1.07e-19 0.95637
64325 -18.58 49.61 1.24e-19 1.01391
63776 -159.50 74.00 9.79e-20 0.92489
64181 15.00 44.00 1.12e-19 0.97361
64178 10.84 43.88 1.10e-19 0.96935
64184 19.16 43.88 1.10e-19 0.96935
64013 -159.50 88.00 1.88e-19 1.16485
64250 37.26 46.89 1.20e-19 1.00086
64253 41.20 45.58 1.06e-19 0.95598
64073 20.50 54.00 1.77e-19 1.14712
64070 20.50 56.00 1.87e-19 1.16393
65246 94.74 71.70 1.67e-19 1.12700
65492 179.69 78.56 1.31e-19 1.03609
65243 91.92 74.59 1.81e-19 1.15409
65495 166.50 77.35 1.27e-19 1.02445
64076 20.50 52.00 1.65e-19 1.12360
65240 87.99 77.44 1.92e-19 1.16989
64208 23.74 46.51 1.27e-19 1.02451
64457 -27.42 52.92 1.31e-19 1.03661
65177 81.53 73.61 1.89e-19 1.16723
64166 11.03 40.88 8.98e-20 0.89316
64163 15.00 38.00 7.18e-20 0.81529
65171 67.87 78.68 2.04e-19 1.17422
64094 20.50 40.00 8.37e-20 0.86818
65174 75.89 76.23 1.99e-19 1.17608
64160 15.00 35.00 5.48e-20 0.72874
65387 -90.51 65.03 9.21e-20 0.90221
63257 -9.72 54.13 1.65e-19 1.12215
65297 96.36 83.93 1.95e-19 1.17353
63251 -11.73 55.69 1.71e-19 1.13617
65381 113.36 62.69 8.89e-20 0.88967
65384 113.42 59.64 7.18e-20 0.81545
65357 139.00 86.38 1.86e-19 1.16299
65348 -94.24 83.64 1.83e-19 1.15706
65351 -109.00 86.38 1.86e-19 1.16299
64091 20.50 42.00 9.70e-20 0.92129
65354 -165.00 88.00 1.88e-19 1.16479
63179 -48.39 68.69 1.78e-19 1.14959
63185 -43.65 67.98 1.82e-19 1.15657
63323 105.02 69.92 1.43e-19 1.07015
65342 -86.22 77.76 1.67e-19 1.12686
65345 -88.82 80.73 1.76e-19 1.14568
65339 -84.82 74.77 1.55e-19 1.09924
65045 15.00 77.00 1.92e-19 1.06440
65042 1.88 76.67 1.97e-19 1.08681
65039 -10.07 75.72 2.04e-19 1.12441
63407 54.89 57.20 1.62e-19 1.11552
65423 129.24 76.82 1.50e-19 1.08770
64823 52.08 59.16 1.76e-19 1.14551
65489 -165.00 79.00 1.33e-19 1.04031
64820 47.07 60.82 1.89e-19 1.16710
64967 -29.19 68.20 1.99e-19 1.17616
64964 -34.69 66.09 1.88e-19 1.16471
63401 57.23 58.68 1.66e-19 1.12548
63095 40.40 47.00 1.17e-19 0.99215
64961 -39.32 63.82 1.72e-19 1.13759
64958 -43.24 61.42 1.53e-19 1.09557
64826 56.57 57.31 1.60e-19 1.11090
65063 70.62 68.01 1.86e-19 1.16299
65126 84.80 64.32 1.48e-19 1.08165
65060 65.21 70.32 1.98e-19 1.17582
65123 81.58 67.01 1.67e-19 1.12620
65066 75.03 65.56 1.71e-19 1.13476
65120 77.61 69.63 1.83e-19 1.15708
64592 57.42 52.92 1.31e-19 1.03661
64499 49.14 56.59 1.67e-19 1.12681
65519 -154.87 72.69 8.97e-20 0.89289
65522 -165.00 73.00 9.09e-20 0.89777
65525 -175.13 72.69 8.97e-20 0.89289
63293 -0.15 44.10 1.07e-19 0.95719
64055 20.50 64.00 2.07e-19 1.16068
64052 20.50 66.00 2.06e-19 1.14254
64466 -14.37 58.15 1.81e-19 1.15412
64049 20.50 68.00 2.03e-19 1.11814
64463 -19.14 56.59 1.67e-19 1.12681
64460 -23.49 54.84 1.50e-19 1.08756
64889 60.17 59.65 1.67e-19 1.12628
64895 67.82 55.26 1.27e-19 1.02414
64892 64.24 57.52 1.48e-19 1.08151
65225 -22.03 85.01 2.05e-19 1.17295
64376 58.87 43.83 7.18e-20 0.81546
64004 -159.50 82.00 1.53e-19 1.09602
64370 52.30 47.83 1.06e-19 0.95585
64007 -159.50 84.00 1.66e-19 1.12546
64373 55.72 45.90 8.88e-20 0.88939
64229 5.74 49.49 1.48e-19 1.08161
64235 15.00 50.00 1.53e-19 1.09562
64232 10.34 49.87 1.52e-19 1.09207
64109 -154.30 85.50 1.75e-19 1.14386
64115 -154.30 83.50 1.63e-19 1.11952
64112 -154.30 84.50 1.70e-19 1.13249
63809 -159.50 76.00 1.12e-19 0.97445
64283 15.00 53.00 1.72e-19 1.13761
64280 10.03 52.87 1.71e-19 1.13502
64286 19.97 52.87 1.71e-19 1.13502
65312 105.25 69.00 1.38e-19 1.05556
65315 106.03 66.00 1.20e-19 1.00119
65309 104.36 72.00 1.55e-19 1.09933
65306 103.29 74.99 1.69e-19 1.13190
65198 -70.10 62.89 1.12e-19 0.97446
65201 -68.64 65.84 1.31e-19 1.03650
65204 -66.90 68.78 1.50e-19 1.08774
65207 -64.74 71.70 1.67e-19 1.12700
65300 99.91 80.96 1.89e-19 1.16717
65303 101.91 77.98 1.81e-19 1.15409
65078 -54.80 64.32 1.48e-19 1.08165
65081 -51.58 67.01 1.67e-19 1.12620
65411 -165.00 85.00 1.72e-19 1.13761
65084 -47.61 69.63 1.83e-19 1.15708
65087 -42.61 72.15 1.95e-19 1.17352
64859 -7.85 66.25 2.07e-19 1.16528
64865 7.04 67.80 2.04e-19 1.12439
65417 145.34 82.12 1.67e-19 1.12633
63329 99.62 69.66 1.50e-19 1.08803
63335 94.39 69.25 1.56e-19 1.10320
63449 43.95 47.55 1.16e-19 0.99000
63455 42.51 45.84 1.07e-19 0.95693
64994 52.64 70.09 2.06e-19 1.17139
64988 35.87 72.94 2.02e-19 1.11450
64991 44.88 71.70 2.07e-19 1.15060
63215 -24.50 62.76 1.88e-19 1.16585
65153 -37.87 78.68 2.04e-19 1.17422
64997 59.19 68.20 1.99e-19 1.17616
63209 -27.74 63.99 1.89e-19 1.16666
64934 40.90 69.01 2.07e-19 1.15512
64016 14.04 90.00 1.96e-19 1.17419
64931 32.88 70.09 2.04e-19 1.12444
63431 48.85 52.53 1.43e-19 1.06849
64928 24.14 70.77 1.97e-19 1.08677
64010 -159.50 86.00 1.78e-19 1.14852
63473 -159.50 70.00 7.20e-20 0.81649
64937 48.05 67.59 2.05e-19 1.17292
63437 47.11 50.90 1.35e-19 1.04595
65132 -65.42 59.53 1.00e-19 0.93421
65135 -63.62 62.41 1.21e-19 1.00365
65129 87.47 61.57 1.27e-19 1.02431
64772 64.20 48.66 9.23e-20 0.90333
64775 -37.39 50.87 1.00e-19 0.93461
64415 15.00 59.00 1.99e-19 1.17620
64412 9.19 58.85 1.98e-19 1.17579
64409 3.49 58.40 1.95e-19 1.17356
63137 -80.38 69.66 1.34e-19 1.04360
63131 -85.61 69.25 1.24e-19 1.01383
64316 -22.30 47.83 1.06e-19 0.95585
64313 -25.72 45.90 8.88e-20 0.88939
64310 -28.87 43.83 7.18e-20 0.81546
63155 -64.02 69.92 1.60e-19 1.11203
63149 -69.50 70.00 1.52e-19 1.09280
64259 -20.22 45.15 9.21e-20 0.90224
64265 -12.75 48.42 1.24e-19 1.01388
64262 -16.62 46.88 1.08e-19 0.96290
65327 -83.36 62.69 8.89e-20 0.88967
57281 15.00 -74.00 1.05e-20 0.01048
64100 -154.30 88.50 1.90e-19 1.16794
64103 -154.30 87.50 1.86e-19 1.16161
65237 82.04 80.22 1.99e-19 1.17610
65234 71.87 82.83 2.03e-19 1.17577
64106 -154.30 86.50 1.81e-19 1.15358
65231 52.03 85.01 2.05e-19 1.17295
65228 15.00 86.00 2.06e-19 1.17142
65267 -76.03 66.00 1.20e-19 1.00119
64088 20.50 44.00 1.11e-19 0.97111
64193 2.01 45.89 1.21e-19 1.00361
64190 -2.11 45.05 1.12e-19 0.97476
64157 -154.30 77.50 1.23e-19 1.01102
64154 -154.30 71.50 8.21e-20 0.86144
64151 -154.30 72.50 8.86e-20 0.88844
64148 -154.30 73.50 9.53e-20 0.91474
64196 6.26 46.51 1.27e-19 1.02451
64982 15.00 74.00 1.78e-19 1.00204
64985 25.77 73.73 1.92e-19 1.06443
65369 114.82 74.77 1.55e-19 1.09924
64979 4.23 73.73 1.92e-19 1.06443
65375 113.60 68.75 1.24e-19 1.01402
65372 114.03 71.77 1.40e-19 1.06195
65366 116.22 77.76 1.67e-19 1.12686
65360 124.24 83.64 1.83e-19 1.15706
65363 118.82 80.73 1.76e-19 1.14568
65459 174.45 81.43 1.52e-19 1.09230
65462 158.42 79.90 1.48e-19 1.08157
65465 147.41 77.77 1.41e-19 1.06335
63173 -53.39 69.25 1.73e-19 1.13998
65036 -20.23 74.26 2.07e-19 1.15512
65270 -75.25 69.00 1.38e-19 1.05556
65273 -74.36 72.00 1.55e-19 1.09933
64952 71.94 57.20 1.31e-19 1.03626
65276 -73.29 74.99 1.69e-19 1.13190
65030 -35.21 70.32 1.98e-19 1.17582
65033 -28.52 72.43 2.05e-19 1.17293
64808 22.07 64.82 2.07e-19 1.15512
64811 28.94 64.29 2.07e-19 1.16528
65501 148.54 73.33 1.12e-19 0.97456
63353 80.22 67.15 1.69e-19 1.13219
64817 41.53 62.26 1.99e-19 1.17616
63005 15.00 -90.00 6.87e-20 0.06870
63389 62.51 61.46 1.72e-19 1.13725
62999 15.00 -74.00 1.05e-20 0.01048
63395 59.77 60.10 1.70e-19 1.13247
65507 -152.81 75.64 1.10e-19 0.96903
65054 50.23 74.26 2.07e-19 1.15512
65096 -16.27 78.38 2.06e-19 1.14563
65051 40.07 75.72 2.04e-19 1.12441
65048 28.12 76.67 1.97e-19 1.08681
65090 -36.13 74.51 2.03e-19 1.17575
65093 -27.58 76.63 2.07e-19 1.16527
65057 58.52 72.43 2.05e-19 1.17293
64496 44.37 58.15 1.81e-19 1.15412
64490 33.56 60.56 1.99e-19 1.17615
64493 39.17 59.48 1.92e-19 1.16987
63017 15.00 -90.00 6.87e-20 0.06870
63305 121.38 69.66 1.18e-19 0.99597
63011 15.00 -74.00 1.05e-20 0.01048
63299 126.61 69.25 1.09e-19 0.96510
64058 20.50 62.00 2.05e-19 1.17209
64061 20.50 60.00 2.02e-19 1.17649
64067 20.50 58.00 1.95e-19 1.17377
64802 7.93 64.82 2.07e-19 1.15512
64805 15.00 65.00 2.07e-19 1.15060
64799 1.06 64.29 2.07e-19 1.16528
64907 -29.72 63.95 1.86e-19 1.16303
64904 -34.39 61.83 1.71e-19 1.13478
64898 -41.94 57.20 1.31e-19 1.03626
64901 -38.43 59.57 1.52e-19 1.09201
64829 60.59 55.29 1.41e-19 1.06314
64379 -31.37 46.31 8.26e-20 0.86370
64367 48.58 49.61 1.24e-19 1.01391
64364 44.55 51.21 1.40e-19 1.06187
64361 40.23 52.61 1.55e-19 1.09925
64358 35.61 53.80 1.67e-19 1.12707
63371 72.27 65.14 1.73e-19 1.13993
63101 -146.50 74.10 1.01e-19 0.93733
63107 41.70 76.00 2.04e-19 1.12975
63968 -159.50 80.00 1.40e-19 1.06067
64343 9.65 55.86 1.86e-19 1.16306
63365 76.09 66.19 1.72e-19 1.13689
64247 33.10 47.99 1.31e-19 1.03672
64340 4.38 55.44 1.83e-19 1.15722
64244 28.75 48.86 1.41e-19 1.06342
64238 19.66 49.87 1.52e-19 1.09207
64346 15.00 56.00 1.88e-19 1.16479
64241 24.26 49.49 1.48e-19 1.08161
64268 -8.62 49.77 1.38e-19 1.05561
64271 -4.25 50.90 1.50e-19 1.08747
64274 0.34 51.81 1.60e-19 1.11096
64277 5.12 52.47 1.67e-19 1.12641
65264 -76.74 62.99 1.01e-19 0.93672
65261 -77.40 59.97 8.26e-20 0.86368
65258 101.35 59.93 9.23e-20 0.90332
65324 -83.42 59.64 7.18e-20 0.81545
65321 107.40 59.97 8.26e-20 0.86368
65318 106.74 62.99 1.01e-19 0.93672
64145 -154.30 74.50 1.02e-19 0.94024
65189 93.62 62.41 1.21e-19 1.00365
65195 -71.35 59.93 9.23e-20 0.90332
64139 -154.30 76.50 1.16e-19 0.98847
65441 -105.01 72.61 1.20e-19 1.00105
65438 -101.49 69.80 1.07e-19 0.95614
65444 -110.04 75.29 1.31e-19 1.03658
65447 -117.41 77.77 1.41e-19 1.06335
63341 89.39 68.69 1.62e-19 1.11551
63347 84.65 67.98 1.66e-19 1.12499
65018 -45.03 65.56 1.71e-19 1.13476
65027 -40.62 68.01 1.86e-19 1.16299
65159 -8.31 82.40 2.07e-19 1.15512
63239 -16.23 58.68 1.81e-19 1.15484
63245 -13.89 57.20 1.77e-19 1.14668
65165 38.31 82.40 2.07e-19 1.15512
63419 50.72 54.13 1.50e-19 1.08763
64943 59.72 63.95 1.86e-19 1.16303
64946 64.39 61.83 1.71e-19 1.13478
64847 -30.17 59.65 1.67e-19 1.12628
65141 -58.92 68.10 1.60e-19 1.11083
65138 -61.49 65.27 1.41e-19 1.06319
64838 67.39 50.87 1.00e-19 0.93461
64841 -37.82 55.26 1.27e-19 1.02414
64844 -34.24 57.52 1.48e-19 1.08151
64478 8.63 61.84 2.05e-19 1.17295
64481 15.00 62.00 2.06e-19 1.17142
64484 21.37 61.84 2.05e-19 1.17295
64487 27.59 61.35 2.03e-19 1.17577
64421 26.51 58.40 1.95e-19 1.17356
64424 32.00 57.66 1.89e-19 1.16718
64853 -20.33 63.41 1.95e-19 1.17351
64850 -25.56 61.63 1.83e-19 1.15724
64856 -14.43 64.97 2.03e-19 1.17580
63143 -74.98 69.92 1.43e-19 1.07032
64307 50.22 45.15 9.21e-20 0.90224
64298 38.62 49.77 1.38e-19 1.05561
64301 42.75 48.42 1.24e-19 1.01388
64304 46.62 46.88 1.08e-19 0.96290
64874 30.65 67.20 2.06e-19 1.14565
64868 15.00 68.00 2.02e-19 1.11451
64871 22.96 67.80 2.04e-19 1.12439
64877 37.85 66.25 2.07e-19 1.16528
64022 20.50 86.00 2.06e-19 1.17152
64025 20.50 84.00 2.07e-19 1.15963
64397 -16.66 53.94 1.55e-19 1.09948
64019 20.50 88.00 2.02e-19 1.17642
64394 -20.85 52.27 1.38e-19 1.05556
64388 -28.18 48.44 1.01e-19 0.93675
64391 -24.68 50.43 1.20e-19 1.00105
64214 32.11 45.05 1.12e-19 0.97476
64097 -154.30 89.50 1.94e-19 1.17254
64211 27.99 45.89 1.21e-19 1.00361
65219 -52.04 80.22 1.99e-19 1.17610
64217 -11.20 45.58 1.06e-19 0.95598
65222 -41.87 82.83 2.03e-19 1.17577
64427 37.23 56.66 1.81e-19 1.15417
64199 10.61 46.88 1.31e-19 1.03656
64202 15.00 47.00 1.33e-19 1.04031
64205 19.39 46.88 1.31e-19 1.03656
64976 -5.87 72.94 2.02e-19 1.11450
64973 -14.88 71.70 2.07e-19 1.15060
64970 -22.64 70.09 2.06e-19 1.17139
65450 -128.42 79.90 1.48e-19 1.08157
65453 -144.45 81.43 1.52e-19 1.09230
65162 15.00 83.00 2.07e-19 1.15060
63203 -31.27 65.14 1.89e-19 1.16624
65279 -71.91 77.98 1.81e-19 1.15409
65285 -66.36 83.93 1.95e-19 1.17353
65282 -69.91 80.96 1.89e-19 1.16717
65471 135.01 72.61 1.20e-19 1.00105
65468 140.04 75.29 1.31e-19 1.03658
65474 131.49 69.80 1.07e-19 0.95614
65477 -118.54 73.33 1.12e-19 0.97456
62993 15.00 -90.00 6.87e-20 0.06870
64940 54.30 65.88 1.98e-19 1.17574
65099 -1.81 79.57 2.04e-19 1.12440
65105 31.81 79.57 2.04e-19 1.12440
65102 15.00 80.00 2.02e-19 1.11451
64688 60.98 50.85 1.12e-19 0.97449
65405 -115.34 82.12 1.67e-19 1.12633
65402 -105.13 79.58 1.60e-19 1.11093
65399 -99.24 76.82 1.50e-19 1.08770
63269 -6.11 50.90 1.48e-19 1.08292
63275 -4.48 49.24 1.39e-19 1.05748
64037 20.50 76.00 1.90e-19 1.05388
64034 20.50 78.00 1.97e-19 1.08622
64028 20.50 82.00 2.06e-19 1.14103
64031 20.50 80.00 2.02e-19 1.11623
64916 -10.90 69.01 2.07e-19 1.15512
64793 -11.53 62.26 1.99e-19 1.17616
64790 -17.07 60.82 1.89e-19 1.16710
64910 -24.30 65.88 1.98e-19 1.17574
64913 -18.05 67.59 2.05e-19 1.17292
64796 -5.47 63.42 2.04e-19 1.17420
65144 -55.70 70.89 1.76e-19 1.14575
64430 42.12 55.41 1.69e-19 1.13206
64433 46.66 53.94 1.55e-19 1.09948
64349 20.35 55.86 1.86e-19 1.16306
64352 25.62 55.44 1.83e-19 1.15722
64355 30.72 54.74 1.76e-19 1.14555
63383 65.50 62.76 1.73e-19 1.13996
63113 -138.30 76.00 1.17e-19 0.99297
64436 50.85 52.27 1.38e-19 1.05556
64334 -5.61 53.80 1.67e-19 1.12707
65504 -141.78 74.62 1.06e-19 0.95593
64331 -10.23 52.61 1.55e-19 1.09925
64328 -14.55 51.21 1.40e-19 1.06187
64169 15.00 41.00 9.09e-20 0.89777
64172 18.97 40.88 8.98e-20 0.89316
64175 6.71 43.52 1.07e-19 0.95637
64337 -0.72 54.74 1.76e-19 1.14555
64814 35.47 63.42 2.04e-19 1.17420
65147 -51.53 73.61 1.89e-19 1.16723
65249 96.90 68.78 1.50e-19 1.08774
64085 20.50 46.00 1.25e-19 1.01690
65336 -84.03 71.77 1.40e-19 1.06195
65252 98.64 65.84 1.31e-19 1.03650
65255 100.10 62.89 1.12e-19 0.97446
65330 -83.40 65.72 1.07e-19 0.95609
65333 -83.60 68.75 1.24e-19 1.01402
64418 20.81 58.85 1.98e-19 1.17579
64133 -154.30 79.50 1.37e-19 1.05259
65186 91.49 65.27 1.41e-19 1.06319
64136 -154.30 78.50 1.30e-19 1.03242
65183 88.92 68.10 1.60e-19 1.11083
65180 85.70 70.89 1.76e-19 1.14575
65192 95.42 59.53 1.00e-19 0.93421
65414 164.13 84.15 1.71e-19 1.13503
65432 121.61 68.04 1.08e-19 0.96268
65435 120.51 65.03 9.21e-20 0.90221
63263 -7.85 52.53 1.57e-19 1.10441
65429 123.21 71.02 1.24e-19 1.01416
65408 -134.13 84.15 1.71e-19 1.13503
63317 110.50 70.00 1.36e-19 1.04865
63311 115.98 69.92 1.27e-19 1.02428
65009 76.59 58.92 1.33e-19 1.04006
65015 -48.69 63.02 1.52e-19 1.09231
65012 -51.77 60.39 1.31e-19 1.03618
65528 -165.00 70.00 7.18e-20 0.81529
65531 -165.00 67.00 5.48e-20 0.72874
63413 52.73 55.69 1.56e-19 1.10327
64955 -46.59 58.92 1.33e-19 1.04006
64949 68.43 59.57 1.52e-19 1.09201
65111 57.58 76.63 2.07e-19 1.16527
65168 55.98 80.83 2.07e-19 1.16527
65108 46.27 78.38 2.06e-19 1.14563
65114 66.13 74.51 2.03e-19 1.17575
65117 72.61 72.15 1.95e-19 1.17352
64862 -0.65 67.20 2.06e-19 1.14565
64835 64.18 53.14 1.21e-19 1.00401
65456 -165.00 82.00 1.53e-19 1.09562
64469 -9.17 59.48 1.92e-19 1.16987
64475 2.41 61.35 2.03e-19 1.17577
64472 -3.56 60.56 1.99e-19 1.17615
65513 -177.19 75.64 1.10e-19 0.96903
65510 -165.00 76.00 1.12e-19 0.97361
65516 171.78 74.62 1.06e-19 0.95593
64451 -34.20 48.66 9.23e-20 0.90333
64454 -30.98 50.85 1.12e-19 0.97449
63905 -159.50 78.00 1.26e-19 1.01994
64289 24.88 52.47 1.67e-19 1.12641
64295 34.25 50.90 1.50e-19 1.08747
64292 29.66 51.81 1.60e-19 1.11096
64883 50.33 63.41 1.95e-19 1.17351
64880 44.43 64.97 2.03e-19 1.17580
65498 156.21 75.54 1.21e-19 1.00381
63584 -159.50 72.00 8.46e-20 0.87198
64886 55.56 61.63 1.83e-19 1.15724
64406 -2.00 57.66 1.89e-19 1.16718
65378 113.40 65.72 1.07e-19 0.95609
64403 -7.23 56.66 1.81e-19 1.15417
64400 -12.12 55.41 1.69e-19 1.13206
64223 -3.10 47.99 1.31e-19 1.03672
64220 -7.26 46.89 1.20e-19 1.00086
64118 -154.30 82.50 1.57e-19 1.10498
64121 -154.30 81.50 1.51e-19 1.08894
64226 1.25 48.86 1.41e-19 1.06342
64124 -154.30 80.50 1.44e-19 1.07146
63161 -58.62 69.66 1.67e-19 1.12747
