57272 1.83 33.35 1.95e-21 
57296 11.17 35.66 1.95e-21 
57320 21.00 36.85 1.95e-21 
57344 31.00 36.85 1.95e-21 
57368 40.83 35.66 1.95e-21 
57392 50.17 33.35 1.95e-21 
58406 -0.17 39.15 1.95e-21 
58430 9.86 41.58 1.95e-21 
58454 20.54 42.84 1.95e-21 
58478 31.46 42.84 1.95e-21 
58502 42.14 41.58 1.95e-21 
58526 52.17 39.15 1.95e-21 
59495 -2.83 44.83 1.95e-21 
59519 8.09 47.45 1.95e-21 
59543 19.92 48.83 1.95e-21 
59567 32.08 48.83 1.95e-21 
59591 43.91 47.45 1.95e-21 
59615 54.83 44.83 1.95e-21 
60557 -6.40 50.33 1.95e-21 
60581 5.67 53.25 1.95e-21 
60605 19.05 54.80 1.95e-21 
60629 32.95 54.80 1.95e-21 
60653 46.33 53.25 1.95e-21 
60677 58.40 50.33 1.95e-21 
61619 -11.24 55.58 1.95e-21 
61643 2.24 58.94 1.95e-21 
61667 17.79 60.76 1.95e-21 
61691 34.21 60.76 1.95e-21 
61715 49.76 58.94 1.95e-21 
61739 63.24 55.58 1.95e-21 
62708 -17.91 60.45 1.95e-21 
62732 -2.82 64.45 1.95e-21 
62756 15.84 66.70 1.95e-21 
62780 36.16 66.70 1.95e-21 
62804 54.82 64.45 1.95e-21 
62828 69.91 60.45 1.95e-21 
63842 -27.20 64.71 1.95e-21 
63866 -10.68 69.63 1.95e-21 
63890 12.52 72.59 1.95e-21 
63914 39.48 72.59 1.95e-21 
63938 62.68 69.63 1.95e-21 
63962 79.20 64.71 1.95e-21 
