65006 73.24 61.42 1.00e-19 0.71623
65000 64.69 66.09 1.14e-19 0.70542
65003 69.32 63.82 1.07e-19 0.70976
63197 -35.09 66.19 1.14e-19 0.70545
64142 -154.30 75.50 8.33e-20 0.73769
63191 -39.22 67.15 1.13e-19 0.70604
65213 -57.99 77.44 1.15e-19 0.70457
65210 -61.92 74.59 1.11e-19 0.70717
65294 86.94 86.84 1.19e-19 0.70340
65291 15.00 89.00 1.19e-19 0.70327
65288 -56.94 86.84 1.19e-19 0.70340
65075 -57.47 61.57 9.05e-20 0.72764
62987 15.00 -74.00 3.45e-20 0.03446
65072 81.77 60.39 9.20e-20 0.72560
65486 -149.69 78.56 9.20e-20 0.72556
65069 78.69 63.02 9.97e-20 0.71685
65420 135.13 79.58 1.03e-19 0.71389
62981 15.00 -90.00 5.84e-20 0.05843
65483 -136.50 77.35 9.05e-20 0.72769
65156 -25.98 80.83 1.25e-19 0.70369
65426 125.59 73.95 9.45e-20 0.72257
65480 -126.21 75.54 8.79e-20 0.73101
63281 -2.95 47.55 9.09e-20 0.72694
63287 -1.51 45.84 8.68e-20 0.73265
65150 -45.89 76.23 1.19e-19 0.70329
65390 -91.61 68.04 8.31e-20 0.73804
63227 -18.77 60.10 1.12e-19 0.70620
65393 -93.21 71.02 8.92e-20 0.72941
65396 -95.59 73.95 9.45e-20 0.72257
63221 -21.51 61.46 1.13e-19 0.70559
63443 45.48 49.24 8.99e-20 0.72829
64046 20.50 70.00 1.29e-19 0.71250
64082 20.50 48.00 9.48e-20 0.72217
64043 20.50 72.00 1.29e-19 0.71670
64040 20.50 74.00 1.29e-19 0.71955
64781 -30.59 55.29 9.56e-20 0.72129
64778 -34.18 53.14 8.79e-20 0.73109
64784 -26.57 57.31 1.03e-19 0.71388
64079 20.50 50.00 9.99e-20 0.71654
64787 -22.08 59.16 1.09e-19 0.70844
64919 -2.88 70.09 1.28e-19 0.70811
64925 15.00 71.00 1.29e-19 0.71559
64922 5.86 70.77 1.29e-19 0.71271
64439 54.68 50.43 8.76e-20 0.73151
64445 61.37 46.31 7.24e-20 0.75649
64442 58.18 48.44 8.02e-20 0.74280
63119 -95.35 67.98 8.10e-20 0.74140
63125 -90.61 68.69 8.52e-20 0.73506
63377 68.74 63.99 1.08e-19 0.70924
64544 53.49 54.84 9.90e-20 0.71744
64187 23.29 43.52 8.24e-20 0.73927
64325 -18.58 49.61 8.92e-20 0.72931
63776 -159.50 74.00 7.89e-20 0.74483
64181 15.00 44.00 8.43e-20 0.73616
64178 10.84 43.88 8.38e-20 0.73694
64184 19.16 43.88 8.38e-20 0.73694
64013 -159.50 88.00 1.14e-19 0.70544
64250 37.26 46.89 8.76e-20 0.73143
64253 41.20 45.58 8.23e-20 0.73911
64073 20.50 54.00 1.09e-19 0.70828
64070 20.50 56.00 1.13e-19 0.70560
65246 94.74 71.70 1.05e-19 0.71143
65492 179.69 78.56 9.20e-20 0.72556
65243 91.92 74.59 1.11e-19 0.70717
65495 166.50 77.35 9.05e-20 0.72769
64076 20.50 52.00 1.05e-19 0.71192
65240 87.99 77.44 1.15e-19 0.70457
64208 23.74 46.51 9.05e-20 0.72772
64457 -27.42 52.92 9.20e-20 0.72562
65177 81.53 73.61 1.14e-19 0.70505
64166 11.03 40.88 7.54e-20 0.75072
64163 15.00 38.00 6.74e-20 0.76636
65171 67.87 78.68 1.22e-19 0.70299
64094 20.50 40.00 7.28e-20 0.75558
65174 75.89 76.23 1.19e-19 0.70329
64160 15.00 35.00 5.90e-20 0.78587
65387 -90.51 65.03 7.64e-20 0.74894
63257 -9.72 54.13 1.04e-19 0.71219
65297 96.36 83.93 1.17e-19 0.70389
63251 -11.73 55.69 1.07e-19 0.71005
65381 113.36 62.69 7.51e-20 0.75153
65384 113.42 59.64 6.75e-20 0.76643
65357 139.00 86.38 1.13e-19 0.70574
65348 -94.24 83.64 1.12e-19 0.70668
65351 -109.00 86.38 1.13e-19 0.70574
64091 20.50 42.00 7.85e-20 0.74549
65354 -165.00 88.00 1.14e-19 0.70545
63179 -48.39 68.69 1.10e-19 0.70793
63185 -43.65 67.98 1.11e-19 0.70680
63323 105.02 69.92 9.65e-20 0.72033
65342 -86.22 77.76 1.05e-19 0.71138
65345 -88.82 80.73 1.09e-19 0.70850
65339 -84.82 74.77 1.01e-19 0.71565
65045 15.00 77.00 1.29e-19 0.71559
65042 1.88 76.67 1.29e-19 0.71271
65039 -10.07 75.72 1.28e-19 0.70812
63407 54.89 57.20 1.03e-19 0.71310
65423 129.24 76.82 9.90e-20 0.71749
64823 52.08 59.16 1.09e-19 0.70844
65489 -165.00 79.00 9.25e-20 0.72501
64820 47.07 60.82 1.14e-19 0.70499
64967 -29.19 68.20 1.19e-19 0.70324
64964 -34.69 66.09 1.14e-19 0.70542
63401 57.23 58.68 1.05e-19 0.71171
63095 40.40 47.00 8.65e-20 0.73299
64961 -39.32 63.82 1.07e-19 0.70976
64958 -43.24 61.42 1.00e-19 0.71623
64826 56.57 57.31 1.03e-19 0.71388
65063 70.62 68.01 1.13e-19 0.70574
65126 84.80 64.32 9.81e-20 0.71848
65060 65.21 70.32 1.19e-19 0.70342
65123 81.58 67.01 1.05e-19 0.71149
65066 75.03 65.56 1.07e-19 0.71015
65120 77.61 69.63 1.12e-19 0.70669
64592 57.42 52.92 9.20e-20 0.72562
64499 49.14 56.59 1.05e-19 0.71136
65519 -154.87 72.69 7.54e-20 0.75061
65522 -165.00 73.00 7.59e-20 0.74988
65525 -175.13 72.69 7.54e-20 0.75061
63293 -0.15 44.10 8.25e-20 0.73912
64055 20.50 64.00 1.26e-19 0.70413
64052 20.50 66.00 1.27e-19 0.70605
64466 -14.37 58.15 1.11e-19 0.70718
64049 20.50 68.00 1.28e-19 0.70886
64463 -19.14 56.59 1.05e-19 0.71136
64460 -23.49 54.84 9.90e-20 0.71744
64889 60.17 59.65 1.05e-19 0.71153
64895 67.82 55.26 9.04e-20 0.72758
64892 64.24 57.52 9.81e-20 0.71843
65225 -22.03 85.01 1.23e-19 0.70309
64376 58.87 43.83 6.75e-20 0.76644
64004 -159.50 82.00 1.00e-19 0.71619
64370 52.30 47.83 8.23e-20 0.73906
64007 -159.50 84.00 1.05e-19 0.71164
64373 55.72 45.90 7.51e-20 0.75141
64229 5.74 49.49 9.81e-20 0.71847
64235 15.00 50.00 1.00e-19 0.71625
64232 10.34 49.87 9.97e-20 0.71676
64109 -154.30 85.50 1.09e-19 0.70879
64115 -154.30 83.50 1.04e-19 0.71255
64112 -154.30 84.50 1.06e-19 0.71055
63809 -159.50 76.00 8.44e-20 0.73602
64283 15.00 53.00 1.07e-19 0.70976
64280 10.03 52.87 1.07e-19 0.71025
64286 19.97 52.87 1.07e-19 0.71025
65312 105.25 69.00 9.45e-20 0.72255
65315 106.03 66.00 8.76e-20 0.73156
65309 104.36 72.00 1.01e-19 0.71569
65306 103.29 74.99 1.06e-19 0.71061
65198 -70.10 62.89 8.45e-20 0.73590
65201 -68.64 65.84 9.20e-20 0.72557
65204 -66.90 68.78 9.90e-20 0.71751
65207 -64.74 71.70 1.05e-19 0.71143
65300 99.91 80.96 1.14e-19 0.70502
65303 101.91 77.98 1.11e-19 0.70717
65078 -54.80 64.32 9.81e-20 0.71848
65081 -51.58 67.01 1.05e-19 0.71149
65411 -165.00 85.00 1.07e-19 0.70976
65084 -47.61 69.63 1.12e-19 0.70669
65087 -42.61 72.15 1.17e-19 0.70388
64859 -7.85 66.25 1.25e-19 0.70372
64865 7.04 67.80 1.28e-19 0.70812
65417 145.34 82.12 1.05e-19 0.71155
63329 99.62 69.66 9.91e-20 0.71738
63335 94.39 69.25 1.01e-19 0.71507
63449 43.95 47.55 8.63e-20 0.73326
63455 42.51 45.84 8.24e-20 0.73916
64994 52.64 70.09 1.23e-19 0.70315
64988 35.87 72.94 1.29e-19 0.70929
64991 44.88 71.70 1.27e-19 0.70517
63215 -24.50 62.76 1.14e-19 0.70523
65153 -37.87 78.68 1.22e-19 0.70299
64997 59.19 68.20 1.19e-19 0.70324
63209 -27.74 63.99 1.14e-19 0.70513
64934 40.90 69.01 1.26e-19 0.70468
64016 14.04 90.00 1.17e-19 0.70376
64931 32.88 70.09 1.28e-19 0.70811
63431 48.85 52.53 9.63e-20 0.72046
64928 24.14 70.77 1.29e-19 0.71271
64010 -159.50 86.00 1.10e-19 0.70806
63473 -159.50 70.00 6.76e-20 0.76611
64937 48.05 67.59 1.23e-19 0.70307
63437 47.11 50.90 9.32e-20 0.72403
65132 -65.42 59.53 7.99e-20 0.74309
65135 -63.62 62.41 8.79e-20 0.73095
65129 87.47 61.57 9.05e-20 0.72764
64772 64.20 48.66 7.65e-20 0.74877
64775 -37.39 50.87 7.99e-20 0.74325
64415 15.00 59.00 1.19e-19 0.70327
64412 9.19 58.85 1.19e-19 0.70341
64409 3.49 58.40 1.17e-19 0.70390
63137 -80.38 69.66 9.29e-20 0.72435
63131 -85.61 69.25 8.92e-20 0.72930
64316 -22.30 47.83 8.23e-20 0.73906
64313 -25.72 45.90 7.51e-20 0.75141
64310 -28.87 43.83 6.75e-20 0.76644
63155 -64.02 69.92 1.03e-19 0.71378
63149 -69.50 70.00 9.98e-20 0.71669
64259 -20.22 45.15 7.64e-20 0.74895
64265 -12.75 48.42 8.92e-20 0.72930
64262 -16.62 46.88 8.31e-20 0.73813
65327 -83.36 62.69 7.51e-20 0.75153
57281 15.00 -74.00 3.45e-20 0.03446
64100 -154.30 88.50 1.15e-19 0.70492
64103 -154.30 87.50 1.13e-19 0.70598
65237 82.04 80.22 1.19e-19 0.70330
65234 71.87 82.83 1.21e-19 0.70296
64106 -154.30 86.50 1.11e-19 0.70727
65231 52.03 85.01 1.23e-19 0.70309
65228 15.00 86.00 1.23e-19 0.70317
65267 -76.03 66.00 8.76e-20 0.73156
64088 20.50 44.00 8.41e-20 0.73660
64193 2.01 45.89 8.79e-20 0.73093
64190 -2.11 45.05 8.45e-20 0.73602
64157 -154.30 77.50 8.88e-20 0.72981
64154 -154.30 71.50 7.21e-20 0.75691
64151 -154.30 72.50 7.49e-20 0.75165
64148 -154.30 73.50 7.78e-20 0.74670
64196 6.26 46.51 9.05e-20 0.72772
64982 15.00 74.00 1.29e-19 0.72417
64985 25.77 73.73 1.29e-19 0.71559
65369 114.82 74.77 1.01e-19 0.71565
64979 4.23 73.73 1.29e-19 0.71559
65375 113.60 68.75 8.92e-20 0.72936
65372 114.03 71.77 9.54e-20 0.72164
65366 116.22 77.76 1.05e-19 0.71138
65360 124.24 83.64 1.12e-19 0.70668
65363 118.82 80.73 1.09e-19 0.70850
65459 174.45 81.43 9.97e-20 0.71685
65462 158.42 79.90 9.81e-20 0.71845
65465 147.41 77.77 9.56e-20 0.72137
63173 -53.39 69.25 1.08e-19 0.70939
65036 -20.23 74.26 1.26e-19 0.70468
65270 -75.25 69.00 9.45e-20 0.72255
65273 -74.36 72.00 1.01e-19 0.71569
64952 71.94 57.20 9.20e-20 0.72563
65276 -73.29 74.99 1.06e-19 0.71061
65030 -35.21 70.32 1.19e-19 0.70342
65033 -28.52 72.43 1.23e-19 0.70308
64808 22.07 64.82 1.26e-19 0.70469
64811 28.94 64.29 1.25e-19 0.70371
65501 148.54 73.33 8.45e-20 0.73594
63353 80.22 67.15 1.06e-19 0.71065
64817 41.53 62.26 1.19e-19 0.70333
63005 15.00 -90.00 5.84e-20 0.05843
63389 62.51 61.46 1.07e-19 0.70979
62999 15.00 -74.00 3.45e-20 0.03446
63395 59.77 60.10 1.06e-19 0.71056
65507 -152.81 75.64 8.38e-20 0.73682
65054 50.23 74.26 1.26e-19 0.70468
65096 -16.27 78.38 1.27e-19 0.70571
65051 40.07 75.72 1.28e-19 0.70812
65048 28.12 76.67 1.29e-19 0.71271
65090 -36.13 74.51 1.21e-19 0.70295
65093 -27.58 76.63 1.25e-19 0.70369
65057 58.52 72.43 1.23e-19 0.70308
64496 44.37 58.15 1.11e-19 0.70718
64490 33.56 60.56 1.19e-19 0.70332
64493 39.17 59.48 1.15e-19 0.70456
63017 15.00 -90.00 5.84e-20 0.05843
63305 121.38 69.66 8.70e-20 0.73220
63011 15.00 -74.00 3.45e-20 0.03446
63299 126.61 69.25 8.34e-20 0.73759
64058 20.50 62.00 1.23e-19 0.70312
64061 20.50 60.00 1.20e-19 0.70303
64067 20.50 58.00 1.17e-19 0.70385
64802 7.93 64.82 1.26e-19 0.70469
64805 15.00 65.00 1.27e-19 0.70517
64799 1.06 64.29 1.25e-19 0.70371
64907 -29.72 63.95 1.13e-19 0.70576
64904 -34.39 61.83 1.07e-19 0.71016
64898 -41.94 57.20 9.20e-20 0.72563
64901 -38.43 59.57 9.97e-20 0.71674
64829 60.59 55.29 9.56e-20 0.72129
64379 -31.37 46.31 7.24e-20 0.75649
64367 48.58 49.61 8.92e-20 0.72931
64364 44.55 51.21 9.54e-20 0.72161
64361 40.23 52.61 1.01e-19 0.71565
64358 35.61 53.80 1.05e-19 0.71146
63371 72.27 65.14 1.08e-19 0.70940
63101 -146.50 74.10 8.02e-20 0.74257
63107 41.70 76.00 1.28e-19 0.70749
63968 -159.50 80.00 9.52e-20 0.72174
64343 9.65 55.86 1.13e-19 0.70577
63365 76.09 66.19 1.07e-19 0.70980
64247 33.10 47.99 9.20e-20 0.72566
64340 4.38 55.44 1.12e-19 0.70674
64244 28.75 48.86 9.56e-20 0.72139
64238 19.66 49.87 9.97e-20 0.71676
64346 15.00 56.00 1.14e-19 0.70545
64241 24.26 49.49 9.81e-20 0.71847
64268 -8.62 49.77 9.45e-20 0.72257
64271 -4.25 50.90 9.90e-20 0.71740
64274 0.34 51.81 1.03e-19 0.71390
64277 5.12 52.47 1.05e-19 0.71158
65264 -76.74 62.99 8.02e-20 0.74279
65261 -77.40 59.97 7.24e-20 0.75648
65258 101.35 59.93 7.65e-20 0.74876
65324 -83.42 59.64 6.75e-20 0.76643
65321 107.40 59.97 7.24e-20 0.75648
65318 106.74 62.99 8.02e-20 0.74279
64145 -154.30 74.50 8.06e-20 0.74205
65189 93.62 62.41 8.79e-20 0.73095
65195 -71.35 59.93 7.65e-20 0.74876
64139 -154.30 76.50 8.61e-20 0.73361
65441 -105.01 72.61 8.76e-20 0.73151
65438 -101.49 69.80 8.23e-20 0.73918
65444 -110.04 75.29 9.20e-20 0.72560
65447 -117.41 77.77 9.56e-20 0.72137
63341 89.39 68.69 1.03e-19 0.71322
63347 84.65 67.98 1.05e-19 0.71172
65018 -45.03 65.56 1.07e-19 0.71015
65027 -40.62 68.01 1.13e-19 0.70574
65159 -8.31 82.40 1.26e-19 0.70469
63239 -16.23 58.68 1.11e-19 0.70713
63245 -13.89 57.20 1.09e-19 0.70829
65165 38.31 82.40 1.26e-19 0.70469
63419 50.72 54.13 9.90e-20 0.71755
64943 59.72 63.95 1.13e-19 0.70576
64946 64.39 61.83 1.07e-19 0.71016
64847 -30.17 59.65 1.05e-19 0.71153
65141 -58.92 68.10 1.03e-19 0.71385
65138 -61.49 65.27 9.56e-20 0.72130
64838 67.39 50.87 7.99e-20 0.74325
64841 -37.82 55.26 9.04e-20 0.72758
64844 -34.24 57.52 9.81e-20 0.71843
64478 8.63 61.84 1.23e-19 0.70309
64481 15.00 62.00 1.23e-19 0.70317
64484 21.37 61.84 1.23e-19 0.70309
64487 27.59 61.35 1.21e-19 0.70296
64421 26.51 58.40 1.17e-19 0.70390
64424 32.00 57.66 1.14e-19 0.70503
64853 -20.33 63.41 1.17e-19 0.70388
64850 -25.56 61.63 1.12e-19 0.70675
64856 -14.43 64.97 1.21e-19 0.70298
63143 -74.98 69.92 9.65e-20 0.72031
64307 50.22 45.15 7.64e-20 0.74895
64298 38.62 49.77 9.45e-20 0.72257
64301 42.75 48.42 8.92e-20 0.72930
64304 46.62 46.88 8.31e-20 0.73813
64874 30.65 67.20 1.27e-19 0.70569
64868 15.00 68.00 1.29e-19 0.70929
64871 22.96 67.80 1.28e-19 0.70812
64877 37.85 66.25 1.25e-19 0.70372
64022 20.50 86.00 1.23e-19 0.70316
64025 20.50 84.00 1.26e-19 0.70423
64397 -16.66 53.94 1.01e-19 0.71574
64019 20.50 88.00 1.21e-19 0.70300
64394 -20.85 52.27 9.45e-20 0.72255
64388 -28.18 48.44 8.02e-20 0.74280
64391 -24.68 50.43 8.76e-20 0.73151
64214 32.11 45.05 8.45e-20 0.73602
64097 -154.30 89.50 1.17e-19 0.70409
64211 27.99 45.89 8.79e-20 0.73093
65219 -52.04 80.22 1.19e-19 0.70330
64217 -11.20 45.58 8.23e-20 0.73911
65222 -41.87 82.83 1.21e-19 0.70296
64427 37.23 56.66 1.11e-19 0.70720
64199 10.61 46.88 9.20e-20 0.72574
64202 15.00 47.00 9.25e-20 0.72501
64205 19.39 46.88 9.20e-20 0.72574
64976 -5.87 72.94 1.29e-19 0.70929
64973 -14.88 71.70 1.27e-19 0.70517
64970 -22.64 70.09 1.23e-19 0.70315
65450 -128.42 79.90 9.81e-20 0.71845
65453 -144.45 81.43 9.97e-20 0.71685
65162 15.00 83.00 1.27e-19 0.70517
63203 -31.27 65.14 1.14e-19 0.70521
65279 -71.91 77.98 1.11e-19 0.70717
65285 -66.36 83.93 1.17e-19 0.70389
65282 -69.91 80.96 1.14e-19 0.70502
65471 135.01 72.61 8.76e-20 0.73151
65468 140.04 75.29 9.20e-20 0.72560
65474 131.49 69.80 8.23e-20 0.73918
65477 -118.54 73.33 8.45e-20 0.73594
62993 15.00 -90.00 5.84e-20 0.05843
64940 54.30 65.88 1.19e-19 0.70338
65099 -1.81 79.57 1.28e-19 0.70812
65105 31.81 79.57 1.28e-19 0.70812
65102 15.00 80.00 1.29e-19 0.70929
64688 60.98 50.85 8.45e-20 0.73591
65405 -115.34 82.12 1.05e-19 0.71155
65402 -105.13 79.58 1.03e-19 0.71389
65399 -99.24 76.82 9.90e-20 0.71749
63269 -6.11 50.90 9.83e-20 0.71817
63275 -4.48 49.24 9.48e-20 0.72220
64037 20.50 76.00 1.29e-19 0.71699
64034 20.50 78.00 1.29e-19 0.71278
64028 20.50 82.00 1.27e-19 0.70621
64031 20.50 80.00 1.29e-19 0.70908
64916 -10.90 69.01 1.26e-19 0.70468
64793 -11.53 62.26 1.19e-19 0.70333
64790 -17.07 60.82 1.14e-19 0.70499
64910 -24.30 65.88 1.19e-19 0.70338
64913 -18.05 67.59 1.23e-19 0.70307
64796 -5.47 63.42 1.22e-19 0.70298
65144 -55.70 70.89 1.09e-19 0.70853
64430 42.12 55.41 1.06e-19 0.71067
64433 46.66 53.94 1.01e-19 0.71574
64349 20.35 55.86 1.13e-19 0.70577
64352 25.62 55.44 1.12e-19 0.70674
64355 30.72 54.74 1.09e-19 0.70845
63383 65.50 62.76 1.08e-19 0.70934
63113 -138.30 76.00 8.66e-20 0.73285
64436 50.85 52.27 9.45e-20 0.72255
64334 -5.61 53.80 1.05e-19 0.71146
65504 -141.78 74.62 8.23e-20 0.73909
64331 -10.23 52.61 1.01e-19 0.71565
64328 -14.55 51.21 9.54e-20 0.72161
64169 15.00 41.00 7.59e-20 0.74988
64172 18.97 40.88 7.54e-20 0.75072
64175 6.71 43.52 8.24e-20 0.73927
64337 -0.72 54.74 1.09e-19 0.70845
64814 35.47 63.42 1.22e-19 0.70298
65147 -51.53 73.61 1.14e-19 0.70505
65249 96.90 68.78 9.90e-20 0.71751
64085 20.50 46.00 8.95e-20 0.72884
65336 -84.03 71.77 9.54e-20 0.72164
65252 98.64 65.84 9.20e-20 0.72557
65255 100.10 62.89 8.45e-20 0.73590
65330 -83.40 65.72 8.23e-20 0.73916
65333 -83.60 68.75 8.92e-20 0.72936
64418 20.81 58.85 1.19e-19 0.70341
64133 -154.30 79.50 9.41e-20 0.72303
65186 91.49 65.27 9.56e-20 0.72130
64136 -154.30 78.50 9.15e-20 0.72629
65183 88.92 68.10 1.03e-19 0.71385
65180 85.70 70.89 1.09e-19 0.70853
65192 95.42 59.53 7.99e-20 0.74309
65414 164.13 84.15 1.07e-19 0.71026
65432 121.61 68.04 8.31e-20 0.73804
65435 120.51 65.03 7.64e-20 0.74894
63263 -7.85 52.53 1.02e-19 0.71485
65429 123.21 71.02 8.92e-20 0.72941
65408 -134.13 84.15 1.07e-19 0.71026
63317 110.50 70.00 9.36e-20 0.72366
63311 115.98 69.92 9.04e-20 0.72774
65009 76.59 58.92 9.25e-20 0.72491
65015 -48.69 63.02 9.97e-20 0.71685
65012 -51.77 60.39 9.20e-20 0.72560
65528 -165.00 70.00 6.74e-20 0.76636
65531 -165.00 67.00 5.90e-20 0.78587
63413 52.73 55.69 1.01e-19 0.71513
64955 -46.59 58.92 9.25e-20 0.72491
64949 68.43 59.57 9.97e-20 0.71674
65111 57.58 76.63 1.25e-19 0.70369
65168 55.98 80.83 1.25e-19 0.70369
65108 46.27 78.38 1.27e-19 0.70571
65114 66.13 74.51 1.21e-19 0.70295
65117 72.61 72.15 1.17e-19 0.70388
64862 -0.65 67.20 1.27e-19 0.70569
64835 64.18 53.14 8.79e-20 0.73109
65456 -165.00 82.00 1.00e-19 0.71625
64469 -9.17 59.48 1.15e-19 0.70456
64475 2.41 61.35 1.21e-19 0.70296
64472 -3.56 60.56 1.19e-19 0.70332
65513 -177.19 75.64 8.38e-20 0.73682
65510 -165.00 76.00 8.43e-20 0.73616
65516 171.78 74.62 8.23e-20 0.73909
64451 -34.20 48.66 7.65e-20 0.74877
64454 -30.98 50.85 8.45e-20 0.73591
63905 -159.50 78.00 8.99e-20 0.72834
64289 24.88 52.47 1.05e-19 0.71158
64295 34.25 50.90 9.90e-20 0.71740
64292 29.66 51.81 1.03e-19 0.71390
64883 50.33 63.41 1.17e-19 0.70388
64880 44.43 64.97 1.21e-19 0.70298
65498 156.21 75.54 8.79e-20 0.73101
63584 -159.50 72.00 7.32e-20 0.75484
64886 55.56 61.63 1.12e-19 0.70675
64406 -2.00 57.66 1.14e-19 0.70503
65378 113.40 65.72 8.23e-20 0.73916
64403 -7.23 56.66 1.11e-19 0.70720
64400 -12.12 55.41 1.06e-19 0.71067
64223 -3.10 47.99 9.20e-20 0.72566
64220 -7.26 46.89 8.76e-20 0.73143
64118 -154.30 82.50 1.02e-19 0.71480
64121 -154.30 81.50 9.92e-20 0.71729
64226 1.25 48.86 9.56e-20 0.72139
64124 -154.30 80.50 9.67e-20 0.72003
63161 -58.62 69.66 1.05e-19 0.71129
