65006 73.24 61.42 1.40e-19 1.04030
65000 64.69 66.09 1.59e-19 1.05801
65003 69.32 63.82 1.50e-19 1.05151
63197 -35.09 66.19 1.59e-19 1.05795
64142 -154.30 75.50 1.15e-19 1.00176
63191 -39.22 67.15 1.58e-19 1.05736
65213 -57.99 77.44 1.62e-19 1.05910
65210 -61.92 74.59 1.55e-19 1.05560
65294 86.94 86.84 1.66e-19 1.05994
65291 15.00 89.00 1.67e-19 1.05990
65288 -56.94 86.84 1.66e-19 1.05994
65075 -57.47 61.57 1.26e-19 1.01989
62987 15.00 -74.00 -8.88e-22 -0.00089
65072 81.77 60.39 1.28e-19 1.02334
65486 -149.69 78.56 1.28e-19 1.02330
65069 78.69 63.02 1.39e-19 1.03946
65420 135.13 79.58 1.44e-19 1.04451
62981 15.00 -90.00 -1.83e-21 -0.00183
65483 -136.50 77.35 1.26e-19 1.01998
65156 -25.98 80.83 1.74e-19 1.05460
65426 125.59 73.95 1.32e-19 1.02905
65480 -126.21 75.54 1.22e-19 1.01374
63281 -2.95 47.55 1.26e-19 1.02090
63287 -1.51 45.84 1.20e-19 1.01100
65150 -45.89 76.23 1.67e-19 1.05990
65390 -91.61 68.04 1.15e-19 1.00107
63227 -18.77 60.10 1.58e-19 1.05707
65393 -93.21 71.02 1.24e-19 1.01692
65396 -95.59 73.95 1.32e-19 1.02905
63221 -21.51 61.46 1.59e-19 1.05784
63443 45.48 49.24 1.25e-19 1.01852
64046 20.50 70.00 1.77e-19 1.02829
64082 20.50 48.00 1.32e-19 1.02972
64043 20.50 72.00 1.76e-19 1.01736
64040 20.50 74.00 1.75e-19 1.01018
64781 -30.59 55.29 1.33e-19 1.03117
64778 -34.18 53.14 1.22e-19 1.01385
64784 -26.57 57.31 1.44e-19 1.04449
64079 20.50 50.00 1.40e-19 1.03981
64787 -22.08 59.16 1.53e-19 1.05345
64919 -2.88 70.09 1.77e-19 1.04040
64925 15.00 71.00 1.76e-19 1.02018
64922 5.86 70.77 1.77e-19 1.02773
64439 54.68 50.43 1.21e-19 1.01292
64445 61.37 46.31 9.86e-20 0.96878
64442 58.18 48.44 1.10e-19 0.99293
63119 -95.35 67.98 1.11e-19 0.99511
63125 -90.61 68.69 1.18e-19 1.00676
63377 68.74 63.99 1.51e-19 1.05235
64544 53.49 54.84 1.38e-19 1.03806
64187 23.29 43.52 1.13e-19 0.99915
64325 -18.58 49.61 1.24e-19 1.01677
63776 -159.50 74.00 1.08e-19 0.98906
64181 15.00 44.00 1.16e-19 1.00449
64178 10.84 43.88 1.16e-19 1.00319
64184 19.16 43.88 1.16e-19 1.00319
64013 -159.50 88.00 1.59e-19 1.05808
64250 37.26 46.89 1.21e-19 1.01281
64253 41.20 45.58 1.13e-19 0.99892
64073 20.50 54.00 1.53e-19 1.05391
64070 20.50 56.00 1.59e-19 1.05788
65246 94.74 71.70 1.48e-19 1.04879
65492 179.69 78.56 1.28e-19 1.02330
65243 91.92 74.59 1.55e-19 1.05560
65495 166.50 77.35 1.26e-19 1.01998
64076 20.50 52.00 1.47e-19 1.04788
65240 87.99 77.44 1.62e-19 1.05910
64208 23.74 46.51 1.26e-19 1.02001
64457 -27.42 52.92 1.28e-19 1.02352
65177 81.53 73.61 1.60e-19 1.05858
64166 11.03 40.88 1.03e-19 0.97865
64163 15.00 38.00 9.13e-20 0.95195
65171 67.87 78.68 1.71e-19 1.05820
64094 20.50 40.00 9.93e-20 0.97029
65174 75.89 76.23 1.67e-19 1.05990
64160 15.00 35.00 7.88e-20 0.92002
65387 -90.51 65.03 1.05e-19 0.98162
63257 -9.72 54.13 1.46e-19 1.04753
65297 96.36 83.93 1.64e-19 1.05972
63251 -11.73 55.69 1.50e-19 1.05119
65381 113.36 62.69 1.03e-19 0.97756
65384 113.42 59.64 9.13e-20 0.95205
65357 139.00 86.38 1.59e-19 1.05766
65348 -94.24 83.64 1.56e-19 1.05629
65351 -109.00 86.38 1.59e-19 1.05766
64091 20.50 42.00 1.08e-19 0.98790
65354 -165.00 88.00 1.59e-19 1.05806
63179 -48.39 68.69 1.54e-19 1.05454
63185 -43.65 67.98 1.56e-19 1.05620
63323 105.02 69.92 1.35e-19 1.03325
65342 -86.22 77.76 1.48e-19 1.04871
65345 -88.82 80.73 1.53e-19 1.05355
65339 -84.82 74.77 1.41e-19 1.04130
65045 15.00 77.00 1.76e-19 1.02018
65042 1.88 76.67 1.77e-19 1.02773
65039 -10.07 75.72 1.77e-19 1.04040
63407 54.89 57.20 1.45e-19 1.04569
65423 129.24 76.82 1.38e-19 1.03814
64823 52.08 59.16 1.53e-19 1.05345
65489 -165.00 79.00 1.29e-19 1.02460
64820 47.07 60.82 1.60e-19 1.05850
64967 -29.19 68.20 1.67e-19 1.05987
64964 -34.69 66.09 1.59e-19 1.05801
63401 57.23 58.68 1.47e-19 1.04842
63095 40.40 47.00 1.20e-19 1.01020
64961 -39.32 63.82 1.50e-19 1.05151
64958 -43.24 61.42 1.40e-19 1.04030
64826 56.57 57.31 1.44e-19 1.04449
65063 70.62 68.01 1.59e-19 1.05766
65126 84.80 64.32 1.37e-19 1.03647
65060 65.21 70.32 1.66e-19 1.05996
65123 81.58 67.01 1.47e-19 1.04854
65066 75.03 65.56 1.50e-19 1.05076
65120 77.61 69.63 1.56e-19 1.05630
64592 57.42 52.92 1.28e-19 1.02352
64499 49.14 56.59 1.48e-19 1.04868
65519 -154.87 72.69 1.03e-19 0.97849
65522 -165.00 73.00 1.04e-19 0.98020
65525 -175.13 72.69 1.03e-19 0.97849
63293 -0.15 44.10 1.14e-19 0.99940
64055 20.50 64.00 1.75e-19 1.05293
64052 20.50 66.00 1.76e-19 1.04657
64466 -14.37 58.15 1.55e-19 1.05562
64049 20.50 68.00 1.77e-19 1.03828
64463 -19.14 56.59 1.48e-19 1.04868
64460 -23.49 54.84 1.38e-19 1.03806
64889 60.17 59.65 1.47e-19 1.04859
64895 67.82 55.26 1.26e-19 1.01980
64892 64.24 57.52 1.37e-19 1.03639
65225 -22.03 85.01 1.72e-19 1.05765
64376 58.87 43.83 9.13e-20 0.95206
64004 -159.50 82.00 1.40e-19 1.04044
64370 52.30 47.83 1.13e-19 0.99884
64007 -159.50 84.00 1.47e-19 1.04837
64373 55.72 45.90 1.03e-19 0.97739
64229 5.74 49.49 1.37e-19 1.03645
64235 15.00 50.00 1.40e-19 1.04032
64232 10.34 49.87 1.39e-19 1.03932
64109 -154.30 85.50 1.52e-19 1.05310
64115 -154.30 83.50 1.46e-19 1.04680
64112 -154.30 84.50 1.49e-19 1.05020
63809 -159.50 76.00 1.17e-19 1.00475
64283 15.00 53.00 1.50e-19 1.05152
64280 10.03 52.87 1.50e-19 1.05091
64286 19.97 52.87 1.50e-19 1.05091
65312 105.25 69.00 1.32e-19 1.02902
65315 106.03 66.00 1.21e-19 1.01300
65309 104.36 72.00 1.41e-19 1.04135
65306 103.29 74.99 1.49e-19 1.05003
65198 -70.10 62.89 1.17e-19 1.00470
65201 -68.64 65.84 1.28e-19 1.02346
65204 -66.90 68.78 1.38e-19 1.03816
65207 -64.74 71.70 1.48e-19 1.04879
65300 99.91 80.96 1.60e-19 1.05855
65303 101.91 77.98 1.55e-19 1.05560
65078 -54.80 64.32 1.37e-19 1.03647
65081 -51.58 67.01 1.47e-19 1.04854
65411 -165.00 85.00 1.50e-19 1.05152
65084 -47.61 69.63 1.56e-19 1.05630
65087 -42.61 72.15 1.64e-19 1.05971
64859 -7.85 66.25 1.74e-19 1.05464
64865 7.04 67.80 1.77e-19 1.04040
65417 145.34 82.12 1.47e-19 1.04862
63329 99.62 69.66 1.38e-19 1.03820
63335 94.39 69.25 1.42e-19 1.04240
63449 43.95 47.55 1.19e-19 1.00949
63455 42.51 45.84 1.14e-19 0.99932
64994 52.64 70.09 1.72e-19 1.05696
64988 35.87 72.94 1.77e-19 1.03706
64991 44.88 71.70 1.76e-19 1.04936
63215 -24.50 62.76 1.60e-19 1.05825
65153 -37.87 78.68 1.71e-19 1.05820
64997 59.19 68.20 1.67e-19 1.05987
63209 -27.74 63.99 1.60e-19 1.05846
64934 40.90 69.01 1.75e-19 1.05093
64016 14.04 90.00 1.64e-19 1.05981
64931 32.88 70.09 1.77e-19 1.04040
63431 48.85 52.53 1.34e-19 1.03271
64928 24.14 70.77 1.77e-19 1.02773
64010 -159.50 86.00 1.54e-19 1.05426
63473 -159.50 70.00 9.14e-20 0.95237
64937 48.05 67.59 1.72e-19 1.05762
63437 47.11 50.90 1.30e-19 1.02621
65132 -65.42 59.53 1.10e-19 0.99204
65135 -63.62 62.41 1.22e-19 1.01364
65129 87.47 61.57 1.26e-19 1.01989
64772 64.20 48.66 1.05e-19 0.98200
64775 -37.39 50.87 1.10e-19 0.99228
64415 15.00 59.00 1.67e-19 1.05990
64412 9.19 58.85 1.66e-19 1.05995
64409 3.49 58.40 1.64e-19 1.05974
63137 -80.38 69.66 1.29e-19 1.02550
63131 -85.61 69.25 1.24e-19 1.01673
64316 -22.30 47.83 1.13e-19 0.99884
64313 -25.72 45.90 1.03e-19 0.97739
64310 -28.87 43.83 9.13e-20 0.95206
63155 -64.02 69.92 1.44e-19 1.04484
63149 -69.50 70.00 1.39e-19 1.03955
64259 -20.22 45.15 1.05e-19 0.98164
64265 -12.75 48.42 1.24e-19 1.01675
64262 -16.62 46.88 1.15e-19 1.00120
65327 -83.36 62.69 1.03e-19 0.97756
57281 15.00 -74.00 -8.88e-22 -0.00089
64100 -154.30 88.50 1.61e-19 1.05873
64103 -154.30 87.50 1.58e-19 1.05736
65237 82.04 80.22 1.67e-19 1.05991
65234 71.87 82.83 1.70e-19 1.05900
64106 -154.30 86.50 1.55e-19 1.05549
65231 52.03 85.01 1.72e-19 1.05765
65228 15.00 86.00 1.72e-19 1.05699
65267 -76.03 66.00 1.21e-19 1.01300
64088 20.50 44.00 1.16e-19 1.00372
64193 2.01 45.89 1.22e-19 1.01362
64190 -2.11 45.05 1.17e-19 1.00488
64157 -154.30 77.50 1.23e-19 1.01592
64154 -154.30 71.50 9.82e-20 0.96800
64151 -154.30 72.50 1.02e-19 0.97710
64148 -154.30 73.50 1.07e-19 0.98577
64196 6.26 46.51 1.26e-19 1.02001
64982 15.00 74.00 1.73e-19 0.99888
64985 25.77 73.73 1.76e-19 1.02019
65369 114.82 74.77 1.41e-19 1.04130
64979 4.23 73.73 1.76e-19 1.02019
65375 113.60 68.75 1.24e-19 1.01684
65372 114.03 71.77 1.33e-19 1.03091
65366 116.22 77.76 1.48e-19 1.04871
65360 124.24 83.64 1.56e-19 1.05629
65363 118.82 80.73 1.53e-19 1.05355
65459 174.45 81.43 1.39e-19 1.03945
65462 158.42 79.90 1.37e-19 1.03643
65465 147.41 77.77 1.33e-19 1.03129
63173 -53.39 69.25 1.51e-19 1.05212
65036 -20.23 74.26 1.75e-19 1.05093
65270 -75.25 69.00 1.32e-19 1.02902
65273 -74.36 72.00 1.41e-19 1.04135
64952 71.94 57.20 1.28e-19 1.02339
65276 -73.29 74.99 1.49e-19 1.05003
65030 -35.21 70.32 1.66e-19 1.05996
65033 -28.52 72.43 1.72e-19 1.05764
64808 22.07 64.82 1.75e-19 1.05094
64811 28.94 64.29 1.74e-19 1.05463
65501 148.54 73.33 1.17e-19 1.00476
63353 80.22 67.15 1.49e-19 1.05016
64817 41.53 62.26 1.67e-19 1.05995
63389 62.51 61.46 1.50e-19 1.05141
63395 59.77 60.10 1.49e-19 1.05020
65507 -152.81 75.64 1.16e-19 1.00300
65054 50.23 74.26 1.75e-19 1.05093
65096 -16.27 78.38 1.76e-19 1.04764
65051 40.07 75.72 1.77e-19 1.04040
65048 28.12 76.67 1.77e-19 1.02773
65090 -36.13 74.51 1.70e-19 1.05899
65093 -27.58 76.63 1.74e-19 1.05461
65057 58.52 72.43 1.72e-19 1.05764
64496 44.37 58.15 1.55e-19 1.05562
64490 33.56 60.56 1.67e-19 1.05994
64493 39.17 59.48 1.62e-19 1.05909
63305 121.38 69.66 1.20e-19 1.01130
63299 126.61 69.25 1.15e-19 1.00182
64058 20.50 62.00 1.72e-19 1.05727
64061 20.50 60.00 1.68e-19 1.05956
64067 20.50 58.00 1.64e-19 1.05976
64802 7.93 64.82 1.75e-19 1.05094
64805 15.00 65.00 1.76e-19 1.04936
64799 1.06 64.29 1.74e-19 1.05463
64907 -29.72 63.95 1.59e-19 1.05769
64904 -34.39 61.83 1.50e-19 1.05077
64898 -41.94 57.20 1.28e-19 1.02339
64901 -38.43 59.57 1.39e-19 1.03929
64829 60.59 55.29 1.33e-19 1.03117
64379 -31.37 46.31 9.86e-20 0.96878
64367 48.58 49.61 1.24e-19 1.01677
64364 44.55 51.21 1.33e-19 1.03087
64361 40.23 52.61 1.41e-19 1.04130
64358 35.61 53.80 1.48e-19 1.04884
63371 72.27 65.14 1.51e-19 1.05211
63101 -146.50 74.10 1.10e-19 0.99306
63107 41.70 76.00 1.77e-19 1.04221
63968 -159.50 80.00 1.33e-19 1.03049
64343 9.65 55.86 1.59e-19 1.05771
63365 76.09 66.19 1.50e-19 1.05129
64247 33.10 47.99 1.28e-19 1.02358
64340 4.38 55.44 1.56e-19 1.05639
64244 28.75 48.86 1.33e-19 1.03133
64238 19.66 49.87 1.39e-19 1.03932
64346 15.00 56.00 1.59e-19 1.05806
64241 24.26 49.49 1.37e-19 1.03645
64268 -8.62 49.77 1.32e-19 1.02905
64271 -4.25 50.90 1.38e-19 1.03800
64274 0.34 51.81 1.44e-19 1.04452
64277 5.12 52.47 1.47e-19 1.04867
65264 -76.74 62.99 1.10e-19 0.99292
65261 -77.40 59.97 9.86e-20 0.96877
65258 101.35 59.93 1.05e-19 0.98200
65324 -83.42 59.64 9.13e-20 0.95205
65321 107.40 59.97 9.86e-20 0.96877
65318 106.74 62.99 1.10e-19 0.99292
64145 -154.30 74.50 1.11e-19 0.99399
65189 93.62 62.41 1.22e-19 1.01364
65195 -71.35 59.93 1.05e-19 0.98200
64139 -154.30 76.50 1.19e-19 1.00907
65441 -105.01 72.61 1.21e-19 1.01292
65438 -101.49 69.80 1.13e-19 0.99901
65444 -110.04 75.29 1.28e-19 1.02350
65447 -117.41 77.77 1.33e-19 1.03129
63341 89.39 68.69 1.45e-19 1.04575
63347 84.65 67.98 1.47e-19 1.04825
65018 -45.03 65.56 1.50e-19 1.05076
65027 -40.62 68.01 1.59e-19 1.05766
65159 -8.31 82.40 1.75e-19 1.05093
63239 -16.23 58.68 1.56e-19 1.05583
63245 -13.89 57.20 1.53e-19 1.05376
65165 38.31 82.40 1.75e-19 1.05093
63419 50.72 54.13 1.38e-19 1.03814
64943 59.72 63.95 1.59e-19 1.05769
64946 64.39 61.83 1.50e-19 1.05077
64847 -30.17 59.65 1.47e-19 1.04859
65141 -58.92 68.10 1.44e-19 1.04445
65138 -61.49 65.27 1.33e-19 1.03120
64838 67.39 50.87 1.10e-19 0.99228
64841 -37.82 55.26 1.26e-19 1.01980
64844 -34.24 57.52 1.37e-19 1.03639
64478 8.63 61.84 1.72e-19 1.05766
64481 15.00 62.00 1.72e-19 1.05699
64484 21.37 61.84 1.72e-19 1.05766
64487 27.59 61.35 1.70e-19 1.05900
64421 26.51 58.40 1.64e-19 1.05974
64424 32.00 57.66 1.60e-19 1.05855
64853 -20.33 63.41 1.64e-19 1.05971
64850 -25.56 61.63 1.56e-19 1.05640
64856 -14.43 64.97 1.70e-19 1.05903
63143 -74.98 69.92 1.35e-19 1.03330
64307 50.22 45.15 1.05e-19 0.98164
64298 38.62 49.77 1.32e-19 1.02905
64301 42.75 48.42 1.24e-19 1.01675
64304 46.62 46.88 1.15e-19 1.00120
64874 30.65 67.20 1.76e-19 1.04762
64868 15.00 68.00 1.77e-19 1.03706
64871 22.96 67.80 1.77e-19 1.04040
64877 37.85 66.25 1.74e-19 1.05464
64022 20.50 86.00 1.72e-19 1.05703
64025 20.50 84.00 1.75e-19 1.05255
64397 -16.66 53.94 1.41e-19 1.04144
64019 20.50 88.00 1.69e-19 1.05946
64394 -20.85 52.27 1.32e-19 1.02902
64388 -28.18 48.44 1.10e-19 0.99293
64391 -24.68 50.43 1.21e-19 1.01292
64214 32.11 45.05 1.17e-19 1.00488
64097 -154.30 89.50 1.63e-19 1.05958
64211 27.99 45.89 1.22e-19 1.01362
65219 -52.04 80.22 1.67e-19 1.05991
64217 -11.20 45.58 1.13e-19 0.99892
65222 -41.87 82.83 1.70e-19 1.05900
64427 37.23 56.66 1.55e-19 1.05565
64199 10.61 46.88 1.28e-19 1.02356
64202 15.00 47.00 1.29e-19 1.02460
64205 19.39 46.88 1.28e-19 1.02356
64976 -5.87 72.94 1.77e-19 1.03706
64973 -14.88 71.70 1.76e-19 1.04936
64970 -22.64 70.09 1.72e-19 1.05696
65450 -128.42 79.90 1.37e-19 1.03643
65453 -144.45 81.43 1.39e-19 1.03945
65162 15.00 83.00 1.76e-19 1.04936
63203 -31.27 65.14 1.60e-19 1.05838
65279 -71.91 77.98 1.55e-19 1.05560
65285 -66.36 83.93 1.64e-19 1.05972
65282 -69.91 80.96 1.60e-19 1.05855
65471 135.01 72.61 1.21e-19 1.01292
65468 140.04 75.29 1.28e-19 1.02350
65474 131.49 69.80 1.13e-19 0.99901
65477 -118.54 73.33 1.17e-19 1.00476
62993 15.00 -90.00 -1.83e-21 -0.00183
64940 54.30 65.88 1.66e-19 1.05991
65099 -1.81 79.57 1.77e-19 1.04040
65105 31.81 79.57 1.77e-19 1.04040
65102 15.00 80.00 1.77e-19 1.03706
64688 60.98 50.85 1.17e-19 1.00472
65405 -115.34 82.12 1.47e-19 1.04862
65402 -105.13 79.58 1.44e-19 1.04451
65399 -99.24 76.82 1.38e-19 1.03814
63269 -6.11 50.90 1.37e-19 1.03677
63275 -4.48 49.24 1.32e-19 1.02955
64037 20.50 76.00 1.76e-19 1.01662
64034 20.50 78.00 1.77e-19 1.02754
64028 20.50 82.00 1.76e-19 1.04605
64031 20.50 80.00 1.77e-19 1.03764
64916 -10.90 69.01 1.75e-19 1.05093
64793 -11.53 62.26 1.67e-19 1.05995
64790 -17.07 60.82 1.60e-19 1.05850
64910 -24.30 65.88 1.66e-19 1.05991
64913 -18.05 67.59 1.72e-19 1.05762
64796 -5.47 63.42 1.71e-19 1.05818
65144 -55.70 70.89 1.53e-19 1.05359
64430 42.12 55.41 1.49e-19 1.05012
64433 46.66 53.94 1.41e-19 1.04144
64349 20.35 55.86 1.59e-19 1.05771
64352 25.62 55.44 1.56e-19 1.05639
64355 30.72 54.74 1.53e-19 1.05347
63383 65.50 62.76 1.51e-19 1.05208
63113 -138.30 76.00 1.20e-19 1.01045
64436 50.85 52.27 1.32e-19 1.02902
64334 -5.61 53.80 1.48e-19 1.04884
65504 -141.78 74.62 1.13e-19 0.99889
64331 -10.23 52.61 1.41e-19 1.04130
64328 -14.55 51.21 1.33e-19 1.03087
64169 15.00 41.00 1.04e-19 0.98020
64172 18.97 40.88 1.03e-19 0.97865
64175 6.71 43.52 1.13e-19 0.99915
64337 -0.72 54.74 1.53e-19 1.05347
64814 35.47 63.42 1.71e-19 1.05818
65147 -51.53 73.61 1.60e-19 1.05858
65249 96.90 68.78 1.38e-19 1.03816
64085 20.50 46.00 1.24e-19 1.01768
65336 -84.03 71.77 1.33e-19 1.03091
65252 98.64 65.84 1.28e-19 1.02346
65255 100.10 62.89 1.17e-19 1.00470
65330 -83.40 65.72 1.13e-19 0.99899
65333 -83.60 68.75 1.24e-19 1.01684
64418 20.81 58.85 1.66e-19 1.05995
64133 -154.30 79.50 1.31e-19 1.02817
65186 91.49 65.27 1.33e-19 1.03120
64136 -154.30 78.50 1.27e-19 1.02228
65183 88.92 68.10 1.44e-19 1.04445
65180 85.70 70.89 1.53e-19 1.05359
65192 95.42 59.53 1.10e-19 0.99204
65414 164.13 84.15 1.50e-19 1.05092
65432 121.61 68.04 1.15e-19 1.00107
65435 120.51 65.03 1.05e-19 0.98162
63263 -7.85 52.53 1.42e-19 1.04271
65429 123.21 71.02 1.24e-19 1.01692
65408 -134.13 84.15 1.50e-19 1.05092
63317 110.50 70.00 1.30e-19 1.02703
63311 115.98 69.92 1.26e-19 1.01993
65009 76.59 58.92 1.29e-19 1.02445
65015 -48.69 63.02 1.39e-19 1.03946
65012 -51.77 60.39 1.28e-19 1.02334
65528 -165.00 70.00 9.13e-20 0.95195
65531 -165.00 67.00 7.88e-20 0.92002
63413 52.73 55.69 1.42e-19 1.04246
64955 -46.59 58.92 1.29e-19 1.02445
64949 68.43 59.57 1.39e-19 1.03929
65111 57.58 76.63 1.74e-19 1.05461
65168 55.98 80.83 1.74e-19 1.05460
65108 46.27 78.38 1.76e-19 1.04764
65114 66.13 74.51 1.70e-19 1.05899
65117 72.61 72.15 1.64e-19 1.05971
64862 -0.65 67.20 1.76e-19 1.04762
64835 64.18 53.14 1.22e-19 1.01385
65456 -165.00 82.00 1.40e-19 1.04032
64469 -9.17 59.48 1.62e-19 1.05909
64475 2.41 61.35 1.70e-19 1.05900
64472 -3.56 60.56 1.67e-19 1.05994
65513 -177.19 75.64 1.16e-19 1.00300
65510 -165.00 76.00 1.16e-19 1.00449
65516 171.78 74.62 1.13e-19 0.99889
64451 -34.20 48.66 1.05e-19 0.98200
64454 -30.98 50.85 1.17e-19 1.00472
63905 -159.50 78.00 1.25e-19 1.01858
64289 24.88 52.47 1.47e-19 1.04867
64295 34.25 50.90 1.38e-19 1.03800
64292 29.66 51.81 1.44e-19 1.04452
64883 50.33 63.41 1.64e-19 1.05971
64880 44.43 64.97 1.70e-19 1.05903
65498 156.21 75.54 1.22e-19 1.01374
63584 -159.50 72.00 9.99e-20 0.97158
64886 55.56 61.63 1.56e-19 1.05640
64406 -2.00 57.66 1.60e-19 1.05855
65378 113.40 65.72 1.13e-19 0.99899
64403 -7.23 56.66 1.55e-19 1.05565
64400 -12.12 55.41 1.49e-19 1.05012
64223 -3.10 47.99 1.28e-19 1.02358
64220 -7.26 46.89 1.21e-19 1.01281
64118 -154.30 82.50 1.42e-19 1.04289
64121 -154.30 81.50 1.39e-19 1.03848
64226 1.25 48.86 1.33e-19 1.03133
64124 -154.30 80.50 1.35e-19 1.03357
63161 -58.62 69.66 1.48e-19 1.04887
