65006 73.24 61.42 8.39e-20 0.59966
65000 64.69 66.09 9.65e-20 0.59907
65003 69.32 63.82 9.07e-20 0.59974
63197 -35.09 66.19 9.65e-20 0.59907
64142 -154.30 75.50 6.75e-20 0.59721
63191 -39.22 67.15 9.57e-20 0.59928
65213 -57.99 77.44 9.81e-20 0.59876
65210 -61.92 74.59 9.40e-20 0.59947
65294 86.94 86.84 1.01e-19 0.59793
65291 15.00 89.00 1.01e-19 0.59775
65288 -56.94 86.84 1.01e-19 0.59793
65075 -57.47 61.57 7.44e-20 0.59861
62987 15.00 -74.00 -1.93e-20 -0.01927
65072 81.77 60.39 7.59e-20 0.59878
65486 -149.69 78.56 7.59e-20 0.59875
65069 78.69 63.02 8.34e-20 0.59970
65420 135.13 79.58 8.62e-20 0.59978
62981 15.00 -90.00 -4.66e-20 -0.04660
65483 -136.50 77.35 7.44e-20 0.59867
65156 -25.98 80.83 1.05e-19 0.59469
65426 125.59 73.95 7.84e-20 0.59918
65480 -126.21 75.54 7.19e-20 0.59816
63281 -2.95 47.55 7.49e-20 0.59862
63287 -1.51 45.84 7.09e-20 0.59801
65150 -45.89 76.23 1.01e-19 0.59778
65390 -91.61 68.04 6.72e-20 0.59714
63227 -18.77 60.10 9.54e-20 0.59930
65393 -93.21 71.02 7.32e-20 0.59846
65396 -95.59 73.95 7.84e-20 0.59918
63221 -21.51 61.46 9.63e-20 0.59913
63443 45.48 49.24 7.39e-20 0.59847
64046 20.50 70.00 1.06e-19 0.58712
64082 20.50 48.00 7.87e-20 0.59921
64043 20.50 72.00 1.05e-19 0.58446
64040 20.50 74.00 1.05e-19 0.58276
64781 -30.59 55.29 7.94e-20 0.59925
64778 -34.18 53.14 7.20e-20 0.59823
64784 -26.57 57.31 8.62e-20 0.59977
64079 20.50 50.00 8.36e-20 0.59966
64787 -22.08 59.16 9.22e-20 0.59958
64919 -2.88 70.09 1.07e-19 0.59028
64925 15.00 71.00 1.06e-19 0.58513
64922 5.86 70.77 1.06e-19 0.58698
64439 54.68 50.43 7.16e-20 0.59811
64445 61.37 46.31 5.68e-20 0.59418
64442 58.18 48.44 6.44e-20 0.59652
63119 -95.35 67.98 6.51e-20 0.59664
63125 -90.61 68.69 6.92e-20 0.59770
63377 68.74 63.99 9.13e-20 0.59970
64544 53.49 54.84 8.28e-20 0.59956
64187 23.29 43.52 6.65e-20 0.59705
64325 -18.58 49.61 7.32e-20 0.59837
63776 -159.50 74.00 6.31e-20 0.59610
64181 15.00 44.00 6.85e-20 0.59744
64178 10.84 43.88 6.80e-20 0.59736
64184 19.16 43.88 6.80e-20 0.59736
64013 -159.50 88.00 9.65e-20 0.59910
64250 37.26 46.89 7.16e-20 0.59805
64253 41.20 45.58 6.65e-20 0.59690
64073 20.50 54.00 9.25e-20 0.59963
64070 20.50 56.00 9.63e-20 0.59914
65246 94.74 71.70 8.88e-20 0.59982
65492 179.69 78.56 7.59e-20 0.59875
65243 91.92 74.59 9.40e-20 0.59947
65495 166.50 77.35 7.44e-20 0.59867
64076 20.50 52.00 8.83e-20 0.59980
65240 87.99 77.44 9.81e-20 0.59876
64208 23.74 46.51 7.44e-20 0.59869
64457 -27.42 52.92 7.59e-20 0.59884
65177 81.53 73.61 9.72e-20 0.59897
64166 11.03 40.88 5.98e-20 0.59511
64163 15.00 38.00 5.21e-20 0.59243
65171 67.87 78.68 1.04e-19 0.59629
64094 20.50 40.00 5.73e-20 0.59431
65174 75.89 76.23 1.01e-19 0.59778
64160 15.00 35.00 4.42e-20 0.58889
65387 -90.51 65.03 6.07e-20 0.59536
63257 -9.72 54.13 8.80e-20 0.59983
65297 96.36 83.93 9.95e-20 0.59837
63251 -11.73 55.69 9.04e-20 0.59980
65381 113.36 62.69 5.94e-20 0.59509
65384 113.42 59.64 5.21e-20 0.59250
65357 139.00 86.38 9.61e-20 0.59918
65348 -94.24 83.64 9.46e-20 0.59938
65351 -109.00 86.38 9.61e-20 0.59918
64091 20.50 42.00 6.27e-20 0.59600
65354 -165.00 88.00 9.65e-20 0.59910
63179 -48.39 68.69 9.30e-20 0.59961
63185 -43.65 67.98 9.45e-20 0.59943
63323 105.02 69.92 8.03e-20 0.59945
65342 -86.22 77.76 8.88e-20 0.59977
65345 -88.82 80.73 9.22e-20 0.59965
65339 -84.82 74.77 8.45e-20 0.59968
65045 15.00 77.00 1.06e-19 0.58513
65042 1.88 76.67 1.06e-19 0.58699
65039 -10.07 75.72 1.07e-19 0.59028
63407 54.89 57.20 8.70e-20 0.59974
65423 129.24 76.82 8.28e-20 0.59961
64823 52.08 59.16 9.22e-20 0.59958
65489 -165.00 79.00 7.64e-20 0.59891
64820 47.07 60.82 9.72e-20 0.59892
64967 -29.19 68.20 1.01e-19 0.59773
64964 -34.69 66.09 9.65e-20 0.59907
63401 57.23 58.68 8.86e-20 0.59985
63095 40.40 47.00 7.06e-20 0.59789
64961 -39.32 63.82 9.07e-20 0.59974
64958 -43.24 61.42 8.39e-20 0.59966
64826 56.57 57.31 8.62e-20 0.59977
65063 70.62 68.01 9.61e-20 0.59917
65126 84.80 64.32 8.19e-20 0.59957
65060 65.21 70.32 1.01e-19 0.59794
65123 81.58 67.01 8.87e-20 0.59978
65066 75.03 65.56 9.02e-20 0.59973
65120 77.61 69.63 9.46e-20 0.59939
64592 57.42 52.92 7.59e-20 0.59884
64499 49.14 56.59 8.88e-20 0.59975
65519 -154.87 72.69 5.98e-20 0.59500
65522 -165.00 73.00 6.03e-20 0.59528
65525 -175.13 72.69 5.98e-20 0.59500
63293 -0.15 44.10 6.66e-20 0.59707
64055 20.50 64.00 1.06e-19 0.59408
64052 20.50 66.00 1.07e-19 0.59204
64466 -14.37 58.15 9.40e-20 0.59949
64049 20.50 68.00 1.07e-19 0.58971
64463 -19.14 56.59 8.88e-20 0.59975
64460 -23.49 54.84 8.28e-20 0.59956
64889 60.17 59.65 8.87e-20 0.59981
64895 67.82 55.26 7.44e-20 0.59855
64892 64.24 57.52 8.19e-20 0.59952
65225 -22.03 85.01 1.04e-19 0.59600
64376 58.87 43.83 5.21e-20 0.59251
64004 -159.50 82.00 8.40e-20 0.59968
64370 52.30 47.83 6.65e-20 0.59685
64007 -159.50 84.00 8.86e-20 0.59980
64373 55.72 45.90 5.94e-20 0.59497
64229 5.74 49.49 8.19e-20 0.59956
64235 15.00 50.00 8.39e-20 0.59968
64232 10.34 49.87 8.34e-20 0.59962
64109 -154.30 85.50 9.19e-20 0.59968
64115 -154.30 83.50 8.76e-20 0.59980
64112 -154.30 84.50 8.98e-20 0.59978
63809 -159.50 76.00 6.85e-20 0.59746
64283 15.00 53.00 9.07e-20 0.59974
64280 10.03 52.87 9.02e-20 0.59982
64286 19.97 52.87 9.02e-20 0.59982
65312 105.25 69.00 7.84e-20 0.59916
65315 106.03 66.00 7.16e-20 0.59817
65309 104.36 72.00 8.45e-20 0.59972
65306 103.29 74.99 8.97e-20 0.59975
65198 -70.10 62.89 6.86e-20 0.59739
65201 -68.64 65.84 7.59e-20 0.59880
65204 -66.90 68.78 8.28e-20 0.59962
65207 -64.74 71.70 8.88e-20 0.59982
65300 99.91 80.96 9.72e-20 0.59894
65303 101.91 77.98 9.40e-20 0.59948
65078 -54.80 64.32 8.19e-20 0.59957
65081 -51.58 67.01 8.87e-20 0.59978
65411 -165.00 85.00 9.07e-20 0.59974
65084 -47.61 69.63 9.46e-20 0.59939
65087 -42.61 72.15 9.95e-20 0.59837
64859 -7.85 66.25 1.05e-19 0.59471
64865 7.04 67.80 1.07e-19 0.59028
65417 145.34 82.12 8.87e-20 0.59983
63329 99.62 69.66 8.28e-20 0.59957
63335 94.39 69.25 8.50e-20 0.59973
63449 43.95 47.55 7.03e-20 0.59778
63455 42.51 45.84 6.66e-20 0.59706
64994 52.64 70.09 1.05e-19 0.59566
64988 35.87 72.94 1.07e-19 0.58938
64991 44.88 71.70 1.06e-19 0.59289
63215 -24.50 62.76 9.68e-20 0.59901
65153 -37.87 78.68 1.04e-19 0.59629
64997 59.19 68.20 1.01e-19 0.59773
63209 -27.74 63.99 9.71e-20 0.59899
64934 40.90 69.01 1.06e-19 0.59339
64016 14.04 90.00 9.98e-20 0.59828
64931 32.88 70.09 1.07e-19 0.59028
63431 48.85 52.53 8.01e-20 0.59934
64928 24.14 70.77 1.06e-19 0.58698
64010 -159.50 86.00 9.28e-20 0.59960
63473 -159.50 70.00 5.23e-20 0.59247
64937 48.05 67.59 1.04e-19 0.59598
63437 47.11 50.90 7.71e-20 0.59896
65132 -65.42 59.53 6.41e-20 0.59635
65135 -63.62 62.41 7.19e-20 0.59809
65129 87.47 61.57 7.44e-20 0.59861
64772 64.20 48.66 6.09e-20 0.59542
64775 -37.39 50.87 6.41e-20 0.59650
64415 15.00 59.00 1.01e-19 0.59775
64412 9.19 58.85 1.01e-19 0.59793
64409 3.49 58.40 9.95e-20 0.59839
63137 -80.38 69.66 7.68e-20 0.59889
63131 -85.61 69.25 7.31e-20 0.59835
64316 -22.30 47.83 6.65e-20 0.59685
64313 -25.72 45.90 5.94e-20 0.59497
64310 -28.87 43.83 5.21e-20 0.59251
63155 -64.02 69.92 8.64e-20 0.59983
63149 -69.50 70.00 8.35e-20 0.59965
64259 -20.22 45.15 6.07e-20 0.59537
64265 -12.75 48.42 7.32e-20 0.59836
64262 -16.62 46.88 6.72e-20 0.59723
65327 -83.36 62.69 5.94e-20 0.59509
57281 15.00 -74.00 -1.93e-20 -0.01927
64100 -154.30 88.50 9.74e-20 0.59892
64103 -154.30 87.50 9.57e-20 0.59925
65237 82.04 80.22 1.01e-19 0.59779
65234 71.87 82.83 1.03e-19 0.59678
64106 -154.30 86.50 9.38e-20 0.59950
65231 52.03 85.01 1.04e-19 0.59600
65228 15.00 86.00 1.05e-19 0.59568
65267 -76.03 66.00 7.16e-20 0.59817
64088 20.50 44.00 6.82e-20 0.59738
64193 2.01 45.89 7.19e-20 0.59808
64190 -2.11 45.05 6.86e-20 0.59751
64157 -154.30 77.50 7.28e-20 0.59832
64154 -154.30 71.50 5.66e-20 0.59408
64151 -154.30 72.50 5.93e-20 0.59498
64148 -154.30 73.50 6.20e-20 0.59580
64196 6.26 46.51 7.44e-20 0.59869
64982 15.00 74.00 1.03e-19 0.58015
64985 25.77 73.73 1.06e-19 0.58514
65369 114.82 74.77 8.45e-20 0.59968
64979 4.23 73.73 1.06e-19 0.58514
65375 113.60 68.75 7.32e-20 0.59841
65372 114.03 71.77 7.92e-20 0.59933
65366 116.22 77.76 8.88e-20 0.59977
65360 124.24 83.64 9.46e-20 0.59938
65363 118.82 80.73 9.22e-20 0.59965
65459 174.45 81.43 8.34e-20 0.59970
65462 158.42 79.90 8.19e-20 0.59954
65465 147.41 77.77 7.94e-20 0.59932
63173 -53.39 69.25 9.11e-20 0.59972
65036 -20.23 74.26 1.06e-19 0.59340
65270 -75.25 69.00 7.84e-20 0.59916
65273 -74.36 72.00 8.45e-20 0.59972
64952 71.94 57.20 7.59e-20 0.59881
65276 -73.29 74.99 8.97e-20 0.59975
65030 -35.21 70.32 1.01e-19 0.59794
65033 -28.52 72.43 1.04e-19 0.59599
64808 22.07 64.82 1.06e-19 0.59340
64811 28.94 64.29 1.05e-19 0.59470
65501 148.54 73.33 6.86e-20 0.59743
63353 80.22 67.15 8.97e-20 0.59981
64817 41.53 62.26 1.01e-19 0.59782
63005 15.00 -90.00 -4.66e-20 -0.04660
63389 62.51 61.46 9.06e-20 0.59973
62999 15.00 -74.00 -1.93e-20 -0.01927
63395 59.77 60.10 8.98e-20 0.59978
65507 -152.81 75.64 6.80e-20 0.59724
65054 50.23 74.26 1.06e-19 0.59340
65096 -16.27 78.38 1.07e-19 0.59236
65051 40.07 75.72 1.07e-19 0.59028
65048 28.12 76.67 1.06e-19 0.58699
65090 -36.13 74.51 1.03e-19 0.59677
65093 -27.58 76.63 1.05e-19 0.59469
65057 58.52 72.43 1.04e-19 0.59599
64496 44.37 58.15 9.40e-20 0.59949
64490 33.56 60.56 1.01e-19 0.59781
64493 39.17 59.48 9.81e-20 0.59876
63017 15.00 -90.00 -4.66e-20 -0.04660
63305 121.38 69.66 7.10e-20 0.59789
63011 15.00 -74.00 -1.93e-20 -0.01927
63299 126.61 69.25 6.75e-20 0.59719
64058 20.50 62.00 1.04e-19 0.59581
64061 20.50 60.00 1.02e-19 0.59723
64067 20.50 58.00 9.96e-20 0.59835
64802 7.93 64.82 1.06e-19 0.59340
64805 15.00 65.00 1.06e-19 0.59289
64799 1.06 64.29 1.05e-19 0.59470
64907 -29.72 63.95 9.61e-20 0.59919
64904 -34.39 61.83 9.02e-20 0.59974
64898 -41.94 57.20 7.59e-20 0.59881
64901 -38.43 59.57 8.34e-20 0.59960
64829 60.59 55.29 7.94e-20 0.59925
64379 -31.37 46.31 5.68e-20 0.59418
64367 48.58 49.61 7.32e-20 0.59837
64364 44.55 51.21 7.92e-20 0.59931
64361 40.23 52.61 8.45e-20 0.59968
64358 35.61 53.80 8.88e-20 0.59984
63371 72.27 65.14 9.11e-20 0.59972
63101 -146.50 74.10 6.44e-20 0.59646
63107 41.70 76.00 1.07e-19 0.59078
63968 -159.50 80.00 7.90e-20 0.59925
64343 9.65 55.86 9.61e-20 0.59920
63365 76.09 66.19 9.06e-20 0.59970
64247 33.10 47.99 7.59e-20 0.59888
64340 4.38 55.44 9.46e-20 0.59944
64244 28.75 48.86 7.94e-20 0.59935
64238 19.66 49.87 8.34e-20 0.59962
64346 15.00 56.00 9.65e-20 0.59910
64241 24.26 49.49 8.19e-20 0.59956
64268 -8.62 49.77 7.84e-20 0.59918
64271 -4.25 50.90 8.27e-20 0.59952
64274 0.34 51.81 8.62e-20 0.59979
64277 5.12 52.47 8.87e-20 0.59985
65264 -76.74 62.99 6.44e-20 0.59651
65261 -77.40 59.97 5.68e-20 0.59417
65258 101.35 59.93 6.09e-20 0.59541
65324 -83.42 59.64 5.21e-20 0.59250
65321 107.40 59.97 5.68e-20 0.59417
65318 106.74 62.99 6.44e-20 0.59651
64145 -154.30 74.50 6.48e-20 0.59655
65189 93.62 62.41 7.19e-20 0.59809
65195 -71.35 59.93 6.09e-20 0.59541
64139 -154.30 76.50 7.01e-20 0.59781
65441 -105.01 72.61 7.16e-20 0.59812
65438 -101.49 69.80 6.65e-20 0.59696
65444 -110.04 75.29 7.59e-20 0.59883
65447 -117.41 77.77 7.94e-20 0.59932
63341 89.39 68.69 8.69e-20 0.59982
63347 84.65 67.98 8.85e-20 0.59981
65018 -45.03 65.56 9.02e-20 0.59973
65027 -40.62 68.01 9.61e-20 0.59917
65159 -8.31 82.40 1.06e-19 0.59340
63239 -16.23 58.68 9.41e-20 0.59951
63245 -13.89 57.20 9.24e-20 0.59959
65165 38.31 82.40 1.06e-19 0.59340
63419 50.72 54.13 8.27e-20 0.59964
64943 59.72 63.95 9.61e-20 0.59919
64946 64.39 61.83 9.02e-20 0.59974
64847 -30.17 59.65 8.87e-20 0.59981
65141 -58.92 68.10 8.62e-20 0.59975
65138 -61.49 65.27 7.94e-20 0.59926
64838 67.39 50.87 6.41e-20 0.59650
64841 -37.82 55.26 7.44e-20 0.59855
64844 -34.24 57.52 8.19e-20 0.59952
64478 8.63 61.84 1.04e-19 0.59600
64481 15.00 62.00 1.05e-19 0.59568
64484 21.37 61.84 1.04e-19 0.59600
64487 27.59 61.35 1.03e-19 0.59678
64421 26.51 58.40 9.95e-20 0.59839
64424 32.00 57.66 9.72e-20 0.59895
64853 -20.33 63.41 9.95e-20 0.59836
64850 -25.56 61.63 9.46e-20 0.59945
64856 -14.43 64.97 1.03e-19 0.59679
63143 -74.98 69.92 8.03e-20 0.59945
64307 50.22 45.15 6.07e-20 0.59537
64298 38.62 49.77 7.84e-20 0.59918
64301 42.75 48.42 7.32e-20 0.59836
64304 46.62 46.88 6.72e-20 0.59723
64874 30.65 67.20 1.07e-19 0.59235
64868 15.00 68.00 1.07e-19 0.58938
64871 22.96 67.80 1.07e-19 0.59028
64877 37.85 66.25 1.05e-19 0.59471
64022 20.50 86.00 1.05e-19 0.59570
64025 20.50 84.00 1.06e-19 0.59394
64397 -16.66 53.94 8.45e-20 0.59977
64019 20.50 88.00 1.02e-19 0.59715
64394 -20.85 52.27 7.84e-20 0.59916
64388 -28.18 48.44 6.44e-20 0.59652
64391 -24.68 50.43 7.16e-20 0.59811
64214 32.11 45.05 6.86e-20 0.59751
64097 -154.30 89.50 9.90e-20 0.59851
64211 27.99 45.89 7.19e-20 0.59808
65219 -52.04 80.22 1.01e-19 0.59779
64217 -11.20 45.58 6.65e-20 0.59690
65222 -41.87 82.83 1.03e-19 0.59678
64427 37.23 56.66 9.40e-20 0.59950
64199 10.61 46.88 7.59e-20 0.59892
64202 15.00 47.00 7.64e-20 0.59891
64205 19.39 46.88 7.59e-20 0.59892
64976 -5.87 72.94 1.07e-19 0.58938
64973 -14.88 71.70 1.06e-19 0.59289
64970 -22.64 70.09 1.05e-19 0.59566
65450 -128.42 79.90 8.19e-20 0.59954
65453 -144.45 81.43 8.34e-20 0.59970
65162 15.00 83.00 1.06e-19 0.59289
63203 -31.27 65.14 9.69e-20 0.59902
65279 -71.91 77.98 9.40e-20 0.59948
65285 -66.36 83.93 9.95e-20 0.59837
65282 -69.91 80.96 9.72e-20 0.59894
65471 135.01 72.61 7.16e-20 0.59812
65468 140.04 75.29 7.59e-20 0.59883
65474 131.49 69.80 6.65e-20 0.59696
65477 -118.54 73.33 6.86e-20 0.59743
62993 15.00 -90.00 -4.66e-20 -0.04660
64940 54.30 65.88 1.01e-19 0.59791
65099 -1.81 79.57 1.07e-19 0.59028
65105 31.81 79.57 1.07e-19 0.59028
65102 15.00 80.00 1.07e-19 0.58938
64688 60.98 50.85 6.86e-20 0.59740
65405 -115.34 82.12 8.87e-20 0.59983
65402 -105.13 79.58 8.62e-20 0.59978
65399 -99.24 76.82 8.28e-20 0.59961
63269 -6.11 50.90 8.21e-20 0.59951
63275 -4.48 49.24 7.86e-20 0.59917
64037 20.50 76.00 1.05e-19 0.58428
64034 20.50 78.00 1.06e-19 0.58694
64028 20.50 82.00 1.07e-19 0.59188
64031 20.50 80.00 1.07e-19 0.58953
64916 -10.90 69.01 1.06e-19 0.59339
64793 -11.53 62.26 1.01e-19 0.59782
64790 -17.07 60.82 9.72e-20 0.59892
64910 -24.30 65.88 1.01e-19 0.59791
64913 -18.05 67.59 1.04e-19 0.59598
64796 -5.47 63.42 1.04e-19 0.59627
65144 -55.70 70.89 9.22e-20 0.59967
64430 42.12 55.41 8.97e-20 0.59981
64433 46.66 53.94 8.45e-20 0.59977
64349 20.35 55.86 9.61e-20 0.59920
64352 25.62 55.44 9.46e-20 0.59944
64355 30.72 54.74 9.22e-20 0.59960
63383 65.50 62.76 9.11e-20 0.59968
63113 -138.30 76.00 7.07e-20 0.59791
64436 50.85 52.27 7.84e-20 0.59916
64334 -5.61 53.80 8.88e-20 0.59984
65504 -141.78 74.62 6.65e-20 0.59688
64331 -10.23 52.61 8.45e-20 0.59968
64328 -14.55 51.21 7.92e-20 0.59931
64169 15.00 41.00 6.03e-20 0.59528
64172 18.97 40.88 5.98e-20 0.59511
64175 6.71 43.52 6.65e-20 0.59705
64337 -0.72 54.74 9.22e-20 0.59960
64814 35.47 63.42 1.04e-19 0.59627
65147 -51.53 73.61 9.72e-20 0.59897
65249 96.90 68.78 8.28e-20 0.59962
64085 20.50 46.00 7.35e-20 0.59845
65336 -84.03 71.77 7.92e-20 0.59933
65252 98.64 65.84 7.59e-20 0.59880
65255 100.10 62.89 6.86e-20 0.59739
65330 -83.40 65.72 6.65e-20 0.59694
65333 -83.60 68.75 7.32e-20 0.59841
64418 20.81 58.85 1.01e-19 0.59793
64133 -154.30 79.50 7.80e-20 0.59912
65186 91.49 65.27 7.94e-20 0.59926
64136 -154.30 78.50 7.54e-20 0.59876
65183 88.92 68.10 8.62e-20 0.59975
65180 85.70 70.89 9.22e-20 0.59967
65192 95.42 59.53 6.41e-20 0.59635
65414 164.13 84.15 9.02e-20 0.59983
65432 121.61 68.04 6.72e-20 0.59714
65435 120.51 65.03 6.07e-20 0.59536
63263 -7.85 52.53 8.52e-20 0.59972
65429 123.21 71.02 7.32e-20 0.59846
65408 -134.13 84.15 9.02e-20 0.59983
63317 110.50 70.00 7.75e-20 0.59906
63311 115.98 69.92 7.44e-20 0.59867
65009 76.59 58.92 7.64e-20 0.59881
65015 -48.69 63.02 8.34e-20 0.59970
65012 -51.77 60.39 7.59e-20 0.59878
65528 -165.00 70.00 5.21e-20 0.59243
65531 -165.00 67.00 4.42e-20 0.58889
63413 52.73 55.69 8.50e-20 0.59978
64955 -46.59 58.92 7.64e-20 0.59881
64949 68.43 59.57 8.34e-20 0.59960
65111 57.58 76.63 1.05e-19 0.59469
65168 55.98 80.83 1.05e-19 0.59469
65108 46.27 78.38 1.07e-19 0.59236
65114 66.13 74.51 1.03e-19 0.59677
65117 72.61 72.15 9.95e-20 0.59837
64862 -0.65 67.20 1.07e-19 0.59235
64835 64.18 53.14 7.20e-20 0.59823
65456 -165.00 82.00 8.39e-20 0.59968
64469 -9.17 59.48 9.81e-20 0.59876
64475 2.41 61.35 1.03e-19 0.59678
64472 -3.56 60.56 1.01e-19 0.59781
65513 -177.19 75.64 6.80e-20 0.59724
65510 -165.00 76.00 6.85e-20 0.59744
65516 171.78 74.62 6.65e-20 0.59688
64451 -34.20 48.66 6.09e-20 0.59542
64454 -30.98 50.85 6.86e-20 0.59740
63905 -159.50 78.00 7.39e-20 0.59851
64289 24.88 52.47 8.87e-20 0.59985
64295 34.25 50.90 8.27e-20 0.59952
64292 29.66 51.81 8.62e-20 0.59979
64883 50.33 63.41 9.95e-20 0.59836
64880 44.43 64.97 1.03e-19 0.59679
65498 156.21 75.54 7.19e-20 0.59816
63584 -159.50 72.00 5.77e-20 0.59444
64886 55.56 61.63 9.46e-20 0.59945
64406 -2.00 57.66 9.72e-20 0.59895
65378 113.40 65.72 6.65e-20 0.59694
64403 -7.23 56.66 9.40e-20 0.59950
64400 -12.12 55.41 8.97e-20 0.59981
64223 -3.10 47.99 7.59e-20 0.59888
64220 -7.26 46.89 7.16e-20 0.59805
64118 -154.30 82.50 8.53e-20 0.59975
64121 -154.30 81.50 8.29e-20 0.59961
64226 1.25 48.86 7.94e-20 0.59935
64124 -154.30 80.50 8.05e-20 0.59941
63161 -58.62 69.66 8.89e-20 0.59977
