65006 73.24 61.42 1.72e-19 1.23121
65000 64.69 66.09 2.04e-19 1.26619
65003 69.32 63.82 1.88e-19 1.24537
63197 -35.09 66.19 2.04e-19 1.26587
64142 -154.30 75.50 1.38e-19 1.21817
63191 -39.22 67.15 2.02e-19 1.26246
65213 -57.99 77.44 2.09e-19 1.27403
65210 -61.92 74.59 1.97e-19 1.25566
65294 86.94 86.84 2.18e-19 1.29173
65291 15.00 89.00 2.19e-19 1.29509
65288 -56.94 86.84 2.18e-19 1.29173
65075 -57.47 61.57 1.52e-19 1.22133
62987 15.00 -74.00 -1.23e-19 -0.12328
65072 81.77 60.39 1.55e-19 1.22222
65486 -149.69 78.56 1.55e-19 1.22216
65069 78.69 63.02 1.71e-19 1.23061
65420 135.13 79.58 1.78e-19 1.23522
62981 15.00 -90.00 -1.20e-19 -0.11966
65483 -136.50 77.35 1.52e-19 1.22144
65156 -25.98 80.83 2.40e-19 1.35030
65426 125.59 73.95 1.60e-19 1.22447
65480 -126.21 75.54 1.47e-19 1.21988
63281 -2.95 47.55 1.53e-19 1.22148
63287 -1.51 45.84 1.44e-19 1.21950
65150 -45.89 76.23 2.19e-19 1.29416
65390 -91.61 68.04 1.37e-19 1.21807
63227 -18.77 60.10 2.01e-19 1.26120
65393 -93.21 71.02 1.49e-19 1.22070
65396 -95.59 73.95 1.60e-19 1.22447
63221 -21.51 61.46 2.03e-19 1.26511
63443 45.48 49.24 1.51e-19 1.22088
64046 20.50 70.00 2.68e-19 1.48124
64082 20.50 48.00 1.61e-19 1.22475
64043 20.50 72.00 2.76e-19 1.52866
64040 20.50 74.00 2.80e-19 1.55941
64781 -30.59 55.29 1.62e-19 1.22536
64778 -34.18 53.14 1.47e-19 1.22004
64784 -26.57 57.31 1.78e-19 1.23519
64079 20.50 50.00 1.72e-19 1.23083
64787 -22.08 59.16 1.92e-19 1.24966
64919 -2.88 70.09 2.58e-19 1.42625
64925 15.00 71.00 2.74e-19 1.51651
64922 5.86 70.77 2.69e-19 1.48371
64439 54.68 50.43 1.46e-19 1.21977
64445 61.37 46.31 1.16e-19 1.21633
64442 58.18 48.44 1.31e-19 1.21760
63119 -95.35 67.98 1.33e-19 1.21758
63125 -90.61 68.69 1.41e-19 1.21893
63377 68.74 63.99 1.90e-19 1.24708
64544 53.49 54.84 1.70e-19 1.22946
64187 23.29 43.52 1.36e-19 1.21804
64325 -18.58 49.61 1.49e-19 1.22051
63776 -159.50 74.00 1.29e-19 1.21721
64181 15.00 44.00 1.40e-19 1.21848
64178 10.84 43.88 1.39e-19 1.21838
64184 19.16 43.88 1.39e-19 1.21838
64013 -159.50 88.00 2.04e-19 1.26635
64250 37.26 46.89 1.46e-19 1.21962
64253 41.20 45.58 1.36e-19 1.21773
64073 20.50 54.00 1.93e-19 1.25073
64070 20.50 56.00 2.03e-19 1.26521
65246 94.74 71.70 1.84e-19 1.24070
65492 179.69 78.56 1.55e-19 1.22216
65243 91.92 74.59 1.97e-19 1.25566
65495 166.50 77.35 1.52e-19 1.22144
64076 20.50 52.00 1.82e-19 1.23938
65240 87.99 77.44 2.09e-19 1.27403
64208 23.74 46.51 1.52e-19 1.22148
64457 -27.42 52.92 1.55e-19 1.22238
65177 81.53 73.61 2.06e-19 1.26963
64166 11.03 40.88 1.22e-19 1.21667
64163 15.00 38.00 1.07e-19 1.21531
65171 67.87 78.68 2.30e-19 1.32217
64094 20.50 40.00 1.17e-19 1.21637
65174 75.89 76.23 2.19e-19 1.29416
64160 15.00 35.00 9.10e-20 1.21067
65387 -90.51 65.03 1.24e-19 1.21672
63257 -9.72 54.13 1.82e-19 1.23890
65297 96.36 83.93 2.13e-19 1.28245
63251 -11.73 55.69 1.88e-19 1.24473
65381 113.36 62.69 1.22e-19 1.21682
65384 113.42 59.64 1.07e-19 1.21545
65357 139.00 86.38 2.03e-19 1.26411
65348 -94.24 83.64 1.99e-19 1.25814
65351 -109.00 86.38 2.03e-19 1.26411
64091 20.50 42.00 1.28e-19 1.21715
65354 -165.00 88.00 2.04e-19 1.26628
63179 -48.39 68.69 1.94e-19 1.25238
63185 -43.65 67.98 1.98e-19 1.25772
63323 105.02 69.92 1.64e-19 1.22658
65342 -86.22 77.76 1.84e-19 1.24058
65345 -88.82 80.73 1.92e-19 1.24983
65339 -84.82 74.77 1.74e-19 1.23206
65045 15.00 77.00 2.74e-19 1.51651
65042 1.88 76.67 2.69e-19 1.48366
65039 -10.07 75.72 2.58e-19 1.42631
63407 54.89 57.20 1.79e-19 1.23654
65423 129.24 76.82 1.70e-19 1.22957
64823 52.08 59.16 1.92e-19 1.24966
65489 -165.00 79.00 1.56e-19 1.22273
64820 47.07 60.82 2.06e-19 1.26948
64967 -29.19 68.20 2.19e-19 1.29502
64964 -34.69 66.09 2.04e-19 1.26619
63401 57.23 58.68 1.83e-19 1.24016
63095 40.40 47.00 1.44e-19 1.21927
64961 -39.32 63.82 1.88e-19 1.24537
64958 -43.24 61.42 1.72e-19 1.23121
64826 56.57 57.31 1.78e-19 1.23519
65063 70.62 68.01 2.03e-19 1.26410
65126 84.80 64.32 1.68e-19 1.22846
65060 65.21 70.32 2.18e-19 1.29178
65123 81.58 67.01 1.83e-19 1.24033
65066 75.03 65.56 1.87e-19 1.24397
65120 77.61 69.63 1.99e-19 1.25816
64592 57.42 52.92 1.55e-19 1.22238
64499 49.14 56.59 1.84e-19 1.24054
65519 -154.87 72.69 1.22e-19 1.21646
65522 -165.00 73.00 1.23e-19 1.21678
65525 -175.13 72.69 1.22e-19 1.21646
63293 -0.15 44.10 1.36e-19 1.21806
64055 20.50 64.00 2.43e-19 1.36098
64052 20.50 66.00 2.52e-19 1.39608
64466 -14.37 58.15 1.97e-19 1.25569
64049 20.50 68.00 2.60e-19 1.43622
64463 -19.14 56.59 1.84e-19 1.24054
64460 -23.49 54.84 1.70e-19 1.22946
64889 60.17 59.65 1.83e-19 1.24041
64895 67.82 55.26 1.52e-19 1.22120
64892 64.24 57.52 1.68e-19 1.22835
65225 -22.03 85.01 2.32e-19 1.32774
64376 58.87 43.83 1.07e-19 1.21547
64004 -159.50 82.00 1.72e-19 1.23134
64370 52.30 47.83 1.36e-19 1.21763
64007 -159.50 84.00 1.83e-19 1.24008
64373 55.72 45.90 1.22e-19 1.21658
64229 5.74 49.49 1.68e-19 1.22843
64235 15.00 50.00 1.72e-19 1.23125
64232 10.34 49.87 1.71e-19 1.23042
64109 -154.30 85.50 1.91e-19 1.24874
64115 -154.30 83.50 1.81e-19 1.23792
64112 -154.30 84.50 1.86e-19 1.24298
63809 -159.50 76.00 1.40e-19 1.21851
64283 15.00 53.00 1.88e-19 1.24538
64280 10.03 52.87 1.87e-19 1.24420
64286 19.97 52.87 1.87e-19 1.24420
65312 105.25 69.00 1.60e-19 1.22443
65315 106.03 66.00 1.46e-19 1.21987
65309 104.36 72.00 1.74e-19 1.23214
65306 103.29 74.99 1.86e-19 1.24269
65198 -70.10 62.89 1.40e-19 1.21836
65201 -68.64 65.84 1.55e-19 1.22229
65204 -66.90 68.78 1.70e-19 1.22960
65207 -64.74 71.70 1.84e-19 1.24070
65300 99.91 80.96 2.06e-19 1.26956
65303 101.91 77.98 1.97e-19 1.25567
65078 -54.80 64.32 1.68e-19 1.22846
65081 -51.58 67.01 1.83e-19 1.24033
65411 -165.00 85.00 1.88e-19 1.24538
65084 -47.61 69.63 1.99e-19 1.25816
65087 -42.61 72.15 2.13e-19 1.28243
64859 -7.85 66.25 2.40e-19 1.35042
64865 7.04 67.80 2.58e-19 1.42635
65417 145.34 82.12 1.83e-19 1.24045
63329 99.62 69.66 1.70e-19 1.22957
63335 94.39 69.25 1.75e-19 1.23308
63449 43.95 47.55 1.43e-19 1.21904
63455 42.51 45.84 1.36e-19 1.21805
64994 52.64 70.09 2.34e-19 1.33291
64988 35.87 72.94 2.61e-19 1.44191
64991 44.88 71.70 2.48e-19 1.38140
63215 -24.50 62.76 2.05e-19 1.26768
65153 -37.87 78.68 2.30e-19 1.32217
64997 59.19 68.20 2.19e-19 1.29502
63209 -27.74 63.99 2.06e-19 1.26880
64934 40.90 69.01 2.46e-19 1.37255
64016 14.04 90.00 2.14e-19 1.28454
64931 32.88 70.09 2.58e-19 1.42625
63431 48.85 52.53 1.64e-19 1.22617
64928 24.14 70.77 2.69e-19 1.48371
64010 -159.50 86.00 1.94e-19 1.25164
63473 -159.50 70.00 1.07e-19 1.21534
64937 48.05 67.59 2.32e-19 1.32764
63437 47.11 50.90 1.58e-19 1.22323
65132 -65.42 59.53 1.31e-19 1.21732
65135 -63.62 62.41 1.47e-19 1.21976
65129 87.47 61.57 1.52e-19 1.22133
64772 64.20 48.66 1.24e-19 1.21679
64775 -37.39 50.87 1.31e-19 1.21764
64415 15.00 59.00 2.19e-19 1.29509
64412 9.19 58.85 2.18e-19 1.29174
64409 3.49 58.40 2.13e-19 1.28249
63137 -80.38 69.66 1.57e-19 1.22292
63131 -85.61 69.25 1.49e-19 1.22047
64316 -22.30 47.83 1.36e-19 1.21763
64313 -25.72 45.90 1.22e-19 1.21658
64310 -28.87 43.83 1.07e-19 1.21547
63155 -64.02 69.92 1.78e-19 1.23561
63149 -69.50 70.00 1.71e-19 1.23063
64259 -20.22 45.15 1.24e-19 1.21674
64265 -12.75 48.42 1.49e-19 1.22048
64262 -16.62 46.88 1.37e-19 1.21825
65327 -83.36 62.69 1.22e-19 1.21682
57281 15.00 -74.00 -1.23e-19 -0.12328
64100 -154.30 88.50 2.07e-19 1.27071
64103 -154.30 87.50 2.02e-19 1.26258
65237 82.04 80.22 2.19e-19 1.29419
65234 71.87 82.83 2.27e-19 1.31339
64106 -154.30 86.50 1.96e-19 1.25527
65231 52.03 85.01 2.32e-19 1.32774
65228 15.00 86.00 2.34e-19 1.33300
65267 -76.03 66.00 1.46e-19 1.21987
64088 20.50 44.00 1.39e-19 1.21839
64193 2.01 45.89 1.47e-19 1.21973
64190 -2.11 45.05 1.40e-19 1.21859
64157 -154.30 77.50 1.48e-19 1.22034
64154 -154.30 71.50 1.16e-19 1.21627
64151 -154.30 72.50 1.21e-19 1.21665
64148 -154.30 73.50 1.27e-19 1.21704
64196 6.26 46.51 1.52e-19 1.22148
64982 15.00 74.00 2.86e-19 1.60777
64985 25.77 73.73 2.74e-19 1.51648
65369 114.82 74.77 1.74e-19 1.23206
64979 4.23 73.73 2.74e-19 1.51648
65375 113.60 68.75 1.49e-19 1.22059
65372 114.03 71.77 1.62e-19 1.22539
65366 116.22 77.76 1.84e-19 1.24058
65360 124.24 83.64 1.99e-19 1.25814
65363 118.82 80.73 1.92e-19 1.24983
65459 174.45 81.43 1.71e-19 1.23061
65462 158.42 79.90 1.68e-19 1.22840
65465 147.41 77.77 1.62e-19 1.22553
63173 -53.39 69.25 1.89e-19 1.24659
65036 -20.23 74.26 2.46e-19 1.37257
65270 -75.25 69.00 1.60e-19 1.22443
65273 -74.36 72.00 1.74e-19 1.23214
64952 71.94 57.20 1.55e-19 1.22229
65276 -73.29 74.99 1.86e-19 1.24269
65030 -35.21 70.32 2.18e-19 1.29178
65033 -28.52 72.43 2.32e-19 1.32771
64808 22.07 64.82 2.46e-19 1.37262
64811 28.94 64.29 2.40e-19 1.35041
65501 148.54 73.33 1.40e-19 1.21844
63353 80.22 67.15 1.86e-19 1.24289
64817 41.53 62.26 2.19e-19 1.29429
63389 62.51 61.46 1.88e-19 1.24518
63395 59.77 60.10 1.86e-19 1.24297
65507 -152.81 75.64 1.39e-19 1.21813
65054 50.23 74.26 2.46e-19 1.37257
65096 -16.27 78.38 2.50e-19 1.39057
65051 40.07 75.72 2.58e-19 1.42631
65048 28.12 76.67 2.69e-19 1.48366
65090 -36.13 74.51 2.27e-19 1.31336
65093 -27.58 76.63 2.40e-19 1.35032
65057 58.52 72.43 2.32e-19 1.32771
64496 44.37 58.15 1.97e-19 1.25569
64490 33.56 60.56 2.19e-19 1.29426
64493 39.17 59.48 2.09e-19 1.27401
63305 121.38 69.66 1.45e-19 1.21928
63299 126.61 69.25 1.38e-19 1.21811
64058 20.50 62.00 2.33e-19 1.33069
64061 20.50 60.00 2.24e-19 1.30486
64067 20.50 58.00 2.14e-19 1.28315
64802 7.93 64.82 2.46e-19 1.37262
64805 15.00 65.00 2.48e-19 1.38139
64799 1.06 64.29 2.40e-19 1.35041
64907 -29.72 63.95 2.03e-19 1.26416
64904 -34.39 61.83 1.87e-19 1.24399
64898 -41.94 57.20 1.55e-19 1.22229
64901 -38.43 59.57 1.71e-19 1.23037
64829 60.59 55.29 1.62e-19 1.22536
64379 -31.37 46.31 1.16e-19 1.21633
64367 48.58 49.61 1.49e-19 1.22051
64364 44.55 51.21 1.62e-19 1.22533
64361 40.23 52.61 1.74e-19 1.23206
64358 35.61 53.80 1.84e-19 1.24077
63371 72.27 65.14 1.89e-19 1.24657
63101 -146.50 74.10 1.32e-19 1.21745
63107 41.70 76.00 2.57e-19 1.41769
63968 -159.50 80.00 1.62e-19 1.22510
64343 9.65 55.86 2.03e-19 1.26419
63365 76.09 66.19 1.88e-19 1.24497
64247 33.10 47.99 1.55e-19 1.22246
64340 4.38 55.44 1.99e-19 1.25831
64244 28.75 48.86 1.62e-19 1.22558
64238 19.66 49.87 1.71e-19 1.23042
64346 15.00 56.00 2.04e-19 1.26628
64241 24.26 49.49 1.68e-19 1.22843
64268 -8.62 49.77 1.60e-19 1.22446
64271 -4.25 50.90 1.70e-19 1.22938
64274 0.34 51.81 1.78e-19 1.23524
64277 5.12 52.47 1.83e-19 1.24052
65264 -76.74 62.99 1.31e-19 1.21758
65261 -77.40 59.97 1.16e-19 1.21632
65258 101.35 59.93 1.24e-19 1.21677
65324 -83.42 59.64 1.07e-19 1.21545
65321 107.40 59.97 1.16e-19 1.21632
65318 106.74 62.99 1.31e-19 1.21758
64145 -154.30 74.50 1.32e-19 1.21751
65189 93.62 62.41 1.47e-19 1.21976
65195 -71.35 59.93 1.24e-19 1.21677
64139 -154.30 76.50 1.43e-19 1.21909
65441 -105.01 72.61 1.46e-19 1.21977
65438 -101.49 69.80 1.36e-19 1.21786
65444 -110.04 75.29 1.55e-19 1.22235
65447 -117.41 77.77 1.62e-19 1.22553
63341 89.39 68.69 1.79e-19 1.23665
63347 84.65 67.98 1.83e-19 1.23991
65018 -45.03 65.56 1.87e-19 1.24397
65027 -40.62 68.01 2.03e-19 1.26410
65159 -8.31 82.40 2.46e-19 1.37259
63239 -16.23 58.68 1.97e-19 1.25630
63245 -13.89 57.20 1.93e-19 1.25041
65165 38.31 82.40 2.46e-19 1.37259
63419 50.72 54.13 1.70e-19 1.22961
64943 59.72 63.95 2.03e-19 1.26416
64946 64.39 61.83 1.87e-19 1.24399
64847 -30.17 59.65 1.83e-19 1.24041
65141 -58.92 68.10 1.78e-19 1.23514
65138 -61.49 65.27 1.62e-19 1.22540
64838 67.39 50.87 1.31e-19 1.21764
64841 -37.82 55.26 1.52e-19 1.22120
64844 -34.24 57.52 1.68e-19 1.22835
64478 8.63 61.84 2.32e-19 1.32775
64481 15.00 62.00 2.34e-19 1.33300
64484 21.37 61.84 2.32e-19 1.32775
64487 27.59 61.35 2.27e-19 1.31339
64421 26.51 58.40 2.13e-19 1.28249
64424 32.00 57.66 2.06e-19 1.26957
64853 -20.33 63.41 2.13e-19 1.28242
64850 -25.56 61.63 1.99e-19 1.25832
64856 -14.43 64.97 2.27e-19 1.31345
63143 -74.98 69.92 1.64e-19 1.22661
64307 50.22 45.15 1.24e-19 1.21674
64298 38.62 49.77 1.60e-19 1.22446
64301 42.75 48.42 1.49e-19 1.22048
64304 46.62 46.88 1.37e-19 1.21825
64874 30.65 67.20 2.50e-19 1.39049
64868 15.00 68.00 2.61e-19 1.44189
64871 22.96 67.80 2.58e-19 1.42635
64877 37.85 66.25 2.40e-19 1.35042
64022 20.50 86.00 2.34e-19 1.33266
64025 20.50 84.00 2.43e-19 1.36327
64397 -16.66 53.94 1.74e-19 1.23226
64019 20.50 88.00 2.24e-19 1.30653
64394 -20.85 52.27 1.60e-19 1.22443
64388 -28.18 48.44 1.31e-19 1.21760
64391 -24.68 50.43 1.46e-19 1.21977
64214 32.11 45.05 1.40e-19 1.21859
64097 -154.30 89.50 2.12e-19 1.27971
64211 27.99 45.89 1.47e-19 1.21973
65219 -52.04 80.22 2.19e-19 1.29419
64217 -11.20 45.58 1.36e-19 1.21773
65222 -41.87 82.83 2.27e-19 1.31339
64427 37.23 56.66 1.97e-19 1.25574
64199 10.61 46.88 1.55e-19 1.22252
64202 15.00 47.00 1.56e-19 1.22273
64205 19.39 46.88 1.55e-19 1.22252
64976 -5.87 72.94 2.61e-19 1.44191
64973 -14.88 71.70 2.48e-19 1.38140
64970 -22.64 70.09 2.34e-19 1.33291
65450 -128.42 79.90 1.68e-19 1.22840
65453 -144.45 81.43 1.71e-19 1.23061
65162 15.00 83.00 2.48e-19 1.38139
63203 -31.27 65.14 2.05e-19 1.26820
65279 -71.91 77.98 1.97e-19 1.25567
65285 -66.36 83.93 2.13e-19 1.28245
65282 -69.91 80.96 2.06e-19 1.26956
65471 135.01 72.61 1.46e-19 1.21977
65468 140.04 75.29 1.55e-19 1.22235
65474 131.49 69.80 1.36e-19 1.21786
65477 -118.54 73.33 1.40e-19 1.21844
62993 15.00 -90.00 -1.20e-19 -0.11966
64940 54.30 65.88 2.18e-19 1.29166
65099 -1.81 79.57 2.58e-19 1.42634
65105 31.81 79.57 2.58e-19 1.42634
65102 15.00 80.00 2.61e-19 1.44189
64688 60.98 50.85 1.40e-19 1.21839
65405 -115.34 82.12 1.83e-19 1.24045
65402 -105.13 79.58 1.78e-19 1.23522
65399 -99.24 76.82 1.70e-19 1.22957
63269 -6.11 50.90 1.68e-19 1.22856
63275 -4.48 49.24 1.61e-19 1.22462
64037 20.50 76.00 2.76e-19 1.53183
64034 20.50 78.00 2.69e-19 1.48453
64028 20.50 82.00 2.52e-19 1.39872
64031 20.50 80.00 2.61e-19 1.43922
64916 -10.90 69.01 2.46e-19 1.37255
64793 -11.53 62.26 2.19e-19 1.29429
64790 -17.07 60.82 2.06e-19 1.26948
64910 -24.30 65.88 2.18e-19 1.29166
64913 -18.05 67.59 2.32e-19 1.32764
64796 -5.47 63.42 2.30e-19 1.32211
65144 -55.70 70.89 1.92e-19 1.24990
64430 42.12 55.41 1.86e-19 1.24283
64433 46.66 53.94 1.74e-19 1.23226
64349 20.35 55.86 2.03e-19 1.26419
64352 25.62 55.44 1.99e-19 1.25831
64355 30.72 54.74 1.92e-19 1.24971
63383 65.50 62.76 1.89e-19 1.24654
63113 -138.30 76.00 1.44e-19 1.21931
64436 50.85 52.27 1.60e-19 1.22443
64334 -5.61 53.80 1.84e-19 1.24077
65504 -141.78 74.62 1.36e-19 1.21769
64331 -10.23 52.61 1.74e-19 1.23206
64328 -14.55 51.21 1.62e-19 1.22533
64169 15.00 41.00 1.23e-19 1.21678
64172 18.97 40.88 1.22e-19 1.21667
64175 6.71 43.52 1.36e-19 1.21804
64337 -0.72 54.74 1.92e-19 1.24971
64814 35.47 63.42 2.30e-19 1.32211
65147 -51.53 73.61 2.06e-19 1.26963
65249 96.90 68.78 1.70e-19 1.22960
64085 20.50 46.00 1.50e-19 1.22074
65336 -84.03 71.77 1.62e-19 1.22539
65252 98.64 65.84 1.55e-19 1.22229
65255 100.10 62.89 1.40e-19 1.21836
65330 -83.40 65.72 1.36e-19 1.21782
65333 -83.60 68.75 1.49e-19 1.22059
64418 20.81 58.85 2.18e-19 1.29174
64133 -154.30 79.50 1.59e-19 1.22408
65186 91.49 65.27 1.62e-19 1.22540
64136 -154.30 78.50 1.54e-19 1.22198
65183 88.92 68.10 1.78e-19 1.23514
65180 85.70 70.89 1.92e-19 1.24990
65192 95.42 59.53 1.31e-19 1.21732
65414 164.13 84.15 1.87e-19 1.24421
65432 121.61 68.04 1.37e-19 1.21807
65435 120.51 65.03 1.24e-19 1.21672
63263 -7.85 52.53 1.75e-19 1.23336
65429 123.21 71.02 1.49e-19 1.22070
65408 -134.13 84.15 1.87e-19 1.24421
63317 110.50 70.00 1.58e-19 1.22362
63311 115.98 69.92 1.52e-19 1.22145
65009 76.59 58.92 1.56e-19 1.22253
65015 -48.69 63.02 1.71e-19 1.23061
65012 -51.77 60.39 1.55e-19 1.22222
65528 -165.00 70.00 1.07e-19 1.21531
65531 -165.00 67.00 9.10e-20 1.21067
63413 52.73 55.69 1.75e-19 1.23318
64955 -46.59 58.92 1.56e-19 1.22253
64949 68.43 59.57 1.71e-19 1.23037
65111 57.58 76.63 2.40e-19 1.35032
65168 55.98 80.83 2.40e-19 1.35030
65108 46.27 78.38 2.50e-19 1.39057
65114 66.13 74.51 2.27e-19 1.31336
65117 72.61 72.15 2.13e-19 1.28243
64862 -0.65 67.20 2.50e-19 1.39049
64835 64.18 53.14 1.47e-19 1.22004
65456 -165.00 82.00 1.72e-19 1.23125
64469 -9.17 59.48 2.09e-19 1.27401
64475 2.41 61.35 2.27e-19 1.31339
64472 -3.56 60.56 2.19e-19 1.29426
65513 -177.19 75.64 1.39e-19 1.21813
65510 -165.00 76.00 1.40e-19 1.21848
65516 171.78 74.62 1.36e-19 1.21769
64451 -34.20 48.66 1.24e-19 1.21679
64454 -30.98 50.85 1.40e-19 1.21839
63905 -159.50 78.00 1.51e-19 1.22096
64289 24.88 52.47 1.83e-19 1.24052
64295 34.25 50.90 1.70e-19 1.22938
64292 29.66 51.81 1.78e-19 1.23524
64883 50.33 63.41 2.13e-19 1.28242
64880 44.43 64.97 2.27e-19 1.31345
65498 156.21 75.54 1.47e-19 1.21988
63584 -159.50 72.00 1.18e-19 1.21642
64886 55.56 61.63 1.99e-19 1.25832
64406 -2.00 57.66 2.06e-19 1.26957
65378 113.40 65.72 1.36e-19 1.21782
64403 -7.23 56.66 1.97e-19 1.25574
64400 -12.12 55.41 1.86e-19 1.24283
64223 -3.10 47.99 1.55e-19 1.22246
64220 -7.26 46.89 1.46e-19 1.21962
64118 -154.30 82.50 1.75e-19 1.23355
64121 -154.30 81.50 1.70e-19 1.22981
64226 1.25 48.86 1.62e-19 1.22558
64124 -154.30 80.50 1.65e-19 1.22667
63161 -58.62 69.66 1.84e-19 1.24083
