65006 73.24 61.42 1.41e-19 1.00817
65000 64.69 66.09 1.58e-19 0.97935
65003 69.32 63.82 1.50e-19 0.99213
63197 -35.09 66.19 1.58e-19 0.97948
64142 -154.30 75.50 1.19e-19 1.05441
63191 -39.22 67.15 1.57e-19 0.98128
65213 -57.99 77.44 1.60e-19 0.97617
65210 -61.92 74.59 1.54e-19 0.98489
65294 86.94 86.84 1.64e-19 0.97062
65291 15.00 89.00 1.64e-19 0.96975
65288 -56.94 86.84 1.64e-19 0.97062
65075 -57.47 61.57 1.28e-19 1.03343
62987 15.00 -74.00 5.04e-20 0.05042
65072 81.77 60.39 1.30e-19 1.02912
65486 -149.69 78.56 1.30e-19 1.02908
65069 78.69 63.02 1.40e-19 1.00953
65420 135.13 79.58 1.44e-19 1.00258
62981 15.00 -90.00 9.04e-20 0.09037
65483 -136.50 77.35 1.28e-19 1.03351
65156 -25.98 80.83 1.70e-19 0.96126
65426 125.59 73.95 1.34e-19 1.02247
65480 -126.21 75.54 1.25e-19 1.04058
63281 -2.95 47.55 1.29e-19 1.03202
63287 -1.51 45.84 1.24e-19 1.04396
65150 -45.89 76.23 1.64e-19 0.96996
65390 -91.61 68.04 1.19e-19 1.05515
63227 -18.77 60.10 1.56e-19 0.98187
65393 -93.21 71.02 1.27e-19 1.03714
65396 -95.59 73.95 1.34e-19 1.02247
63221 -21.51 61.46 1.57e-19 0.97989
63443 45.48 49.24 1.28e-19 1.03488
64046 20.50 70.00 1.74e-19 0.95891
64082 20.50 48.00 1.34e-19 1.02160
64043 20.50 72.00 1.73e-19 0.96055
64040 20.50 74.00 1.73e-19 0.96199
64781 -30.59 55.29 1.35e-19 1.01969
64778 -34.18 53.14 1.25e-19 1.04068
64784 -26.57 57.31 1.44e-19 1.00256
64079 20.50 50.00 1.41e-19 1.00888
64787 -22.08 59.16 1.52e-19 0.98863
64919 -2.88 70.09 1.74e-19 0.95824
64925 15.00 71.00 1.73e-19 0.96006
64922 5.86 70.77 1.74e-19 0.95897
64439 54.68 50.43 1.25e-19 1.04160
64445 61.37 46.31 1.04e-19 1.09216
64442 58.18 48.44 1.15e-19 1.06476
63119 -95.35 67.98 1.16e-19 1.06199
63125 -90.61 68.69 1.22e-19 1.04895
63377 68.74 63.99 1.51e-19 0.99075
64544 53.49 54.84 1.40e-19 1.01100
64187 23.29 43.52 1.18e-19 1.05760
64325 -18.58 49.61 1.27e-19 1.03701
63776 -159.50 74.00 1.13e-19 1.06892
64181 15.00 44.00 1.20e-19 1.05128
64178 10.84 43.88 1.20e-19 1.05287
64184 19.16 43.88 1.20e-19 1.05287
64013 -159.50 88.00 1.58e-19 0.97936
64250 37.26 46.89 1.25e-19 1.04151
64253 41.20 45.58 1.18e-19 1.05739
64073 20.50 54.00 1.52e-19 0.98809
64070 20.50 56.00 1.57e-19 0.97988
65246 94.74 71.70 1.48e-19 0.99646
65492 179.69 78.56 1.30e-19 1.02908
65243 91.92 74.59 1.54e-19 0.98489
65495 166.50 77.35 1.28e-19 1.03351
64076 20.50 52.00 1.47e-19 0.99773
65240 87.99 77.44 1.60e-19 0.97617
64208 23.74 46.51 1.28e-19 1.03354
64457 -27.42 52.92 1.31e-19 1.02911
65177 81.53 73.61 1.59e-19 0.97795
64166 11.03 40.88 1.09e-19 1.08073
64163 15.00 38.00 9.78e-20 1.11157
65171 67.87 78.68 1.68e-19 0.96453
64094 20.50 40.00 1.05e-19 1.09038
65174 75.89 76.23 1.64e-19 0.96996
64160 15.00 35.00 8.64e-20 1.14952
65387 -90.51 65.03 1.10e-19 1.07721
63257 -9.72 54.13 1.46e-19 0.99837
65297 96.36 83.93 1.62e-19 0.97326
63251 -11.73 55.69 1.50e-19 0.99284
65381 113.36 62.69 1.08e-19 1.08228
65384 113.42 59.64 9.78e-20 1.11168
65357 139.00 86.38 1.57e-19 0.98038
65348 -94.24 83.64 1.55e-19 0.98342
65351 -109.00 86.38 1.57e-19 0.98038
64091 20.50 42.00 1.13e-19 1.07025
65354 -165.00 88.00 1.58e-19 0.97939
63179 -48.39 68.69 1.53e-19 0.98705
63185 -43.65 67.98 1.55e-19 0.98374
63323 105.02 69.92 1.36e-19 1.01746
65342 -86.22 77.76 1.48e-19 0.99639
65345 -88.82 80.73 1.52e-19 0.98872
65339 -84.82 74.77 1.42e-19 1.00682
65045 15.00 77.00 1.73e-19 0.96006
65042 1.88 76.67 1.74e-19 0.95897
65039 -10.07 75.72 1.74e-19 0.95824
63407 54.89 57.20 1.45e-19 1.00071
65423 129.24 76.82 1.40e-19 1.01107
64823 52.08 59.16 1.52e-19 0.98863
65489 -165.00 79.00 1.31e-19 1.02780
64820 47.07 60.82 1.59e-19 0.97788
64967 -29.19 68.20 1.64e-19 0.96972
64964 -34.69 66.09 1.58e-19 0.97935
63401 57.23 58.68 1.47e-19 0.99713
63095 40.40 47.00 1.23e-19 1.04470
64961 -39.32 63.82 1.50e-19 0.99213
64958 -43.24 61.42 1.41e-19 1.00817
64826 56.57 57.31 1.44e-19 1.00256
65063 70.62 68.01 1.57e-19 0.98038
65126 84.80 64.32 1.38e-19 1.01331
65060 65.21 70.32 1.64e-19 0.97064
65123 81.58 67.01 1.47e-19 0.99667
65066 75.03 65.56 1.49e-19 0.99323
65120 77.61 69.63 1.55e-19 0.98343
64592 57.42 52.92 1.31e-19 1.02911
64499 49.14 56.59 1.48e-19 0.99637
65519 -154.87 72.69 1.09e-19 1.08058
65522 -165.00 73.00 1.09e-19 1.07904
65525 -175.13 72.69 1.09e-19 1.08058
63293 -0.15 44.10 1.18e-19 1.05729
64055 20.50 64.00 1.71e-19 0.96042
64052 20.50 66.00 1.73e-19 0.95872
64466 -14.37 58.15 1.54e-19 0.98490
64049 20.50 68.00 1.74e-19 0.95824
64463 -19.14 56.59 1.48e-19 0.99637
64460 -23.49 54.84 1.40e-19 1.01100
64889 60.17 59.65 1.47e-19 0.99671
64895 67.82 55.26 1.28e-19 1.03335
64892 64.24 57.52 1.38e-19 1.01324
65225 -22.03 85.01 1.69e-19 0.96378
64376 58.87 43.83 9.78e-20 1.11169
64004 -159.50 82.00 1.41e-19 1.00805
64370 52.30 47.83 1.18e-19 1.05732
64007 -159.50 84.00 1.47e-19 0.99701
64373 55.72 45.90 1.08e-19 1.08212
64229 5.74 49.49 1.38e-19 1.01329
64235 15.00 50.00 1.41e-19 1.00819
64232 10.34 49.87 1.40e-19 1.00941
64109 -154.30 85.50 1.52e-19 0.98951
64115 -154.30 83.50 1.46e-19 0.99931
64112 -154.30 84.50 1.49e-19 0.99423
63809 -159.50 76.00 1.21e-19 1.05098
64283 15.00 53.00 1.50e-19 0.99214
64280 10.03 52.87 1.49e-19 0.99335
64286 19.97 52.87 1.49e-19 0.99335
65312 105.25 69.00 1.34e-19 1.02244
65315 106.03 66.00 1.25e-19 1.04167
65309 104.36 72.00 1.42e-19 1.00686
65306 103.29 74.99 1.49e-19 0.99441
65198 -70.10 62.89 1.21e-19 1.05080
65201 -68.64 65.84 1.31e-19 1.02905
65204 -66.90 68.78 1.40e-19 1.01109
65207 -64.74 71.70 1.48e-19 0.99646
65300 99.91 80.96 1.59e-19 0.97792
65303 101.91 77.98 1.54e-19 0.98489
65078 -54.80 64.32 1.38e-19 1.01331
65081 -51.58 67.01 1.47e-19 0.99667
65411 -165.00 85.00 1.50e-19 0.99214
65084 -47.61 69.63 1.55e-19 0.98343
65087 -42.61 72.15 1.62e-19 0.97326
64859 -7.85 66.25 1.71e-19 0.96129
64865 7.04 67.80 1.74e-19 0.95825
65417 145.34 82.12 1.47e-19 0.99674
63329 99.62 69.66 1.40e-19 1.01086
63335 94.39 69.25 1.43e-19 1.00541
63449 43.95 47.55 1.23e-19 1.04532
63455 42.51 45.84 1.18e-19 1.05739
64994 52.64 70.09 1.69e-19 0.96304
64988 35.87 72.94 1.74e-19 0.95826
64991 44.88 71.70 1.72e-19 0.95926
63215 -24.50 62.76 1.58e-19 0.97868
65153 -37.87 78.68 1.68e-19 0.96453
64997 59.19 68.20 1.64e-19 0.96972
63209 -27.74 63.99 1.59e-19 0.97827
64934 40.90 69.01 1.72e-19 0.95968
64016 14.04 90.00 1.62e-19 0.97263
64931 32.88 70.09 1.74e-19 0.95824
63431 48.85 52.53 1.36e-19 1.01784
64928 24.14 70.77 1.74e-19 0.95897
64010 -159.50 86.00 1.53e-19 0.98747
63473 -159.50 70.00 9.80e-20 1.11108
64937 48.05 67.59 1.69e-19 0.96375
63437 47.11 50.90 1.32e-19 1.02572
65132 -65.42 59.53 1.15e-19 1.06543
65135 -63.62 62.41 1.25e-19 1.04049
65129 87.47 61.57 1.28e-19 1.03343
64772 64.20 48.66 1.10e-19 1.07685
64775 -37.39 50.87 1.15e-19 1.06564
64415 15.00 59.00 1.64e-19 0.96975
64412 9.19 58.85 1.64e-19 0.97062
64409 3.49 58.40 1.62e-19 0.97328
63137 -80.38 69.66 1.32e-19 1.02646
63131 -85.61 69.25 1.27e-19 1.03700
64316 -22.30 47.83 1.18e-19 1.05732
64313 -25.72 45.90 1.08e-19 1.08212
64310 -28.87 43.83 9.78e-20 1.11169
63155 -64.02 69.92 1.44e-19 1.00226
63149 -69.50 70.00 1.41e-19 1.00921
64259 -20.22 45.15 1.10e-19 1.07723
64265 -12.75 48.42 1.27e-19 1.03699
64262 -16.62 46.88 1.19e-19 1.05527
65327 -83.36 62.69 1.08e-19 1.08228
57281 15.00 -74.00 5.04e-20 0.05042
64100 -154.30 88.50 1.59e-19 0.97749
64103 -154.30 87.50 1.57e-19 0.98115
65237 82.04 80.22 1.64e-19 0.96997
65234 71.87 82.83 1.67e-19 0.96595
64106 -154.30 86.50 1.54e-19 0.98516
65231 52.03 85.01 1.69e-19 0.96378
65228 15.00 86.00 1.69e-19 0.96307
65267 -76.03 66.00 1.25e-19 1.04167
64088 20.50 44.00 1.20e-19 1.05217
64193 2.01 45.89 1.25e-19 1.04047
64190 -2.11 45.05 1.21e-19 1.05096
64157 -154.30 77.50 1.26e-19 1.03806
64154 -154.30 71.50 1.04e-19 1.09301
64151 -154.30 72.50 1.08e-19 1.08258
64148 -154.30 73.50 1.12e-19 1.07268
64196 6.26 46.51 1.28e-19 1.03354
64982 15.00 74.00 1.71e-19 0.96468
64985 25.77 73.73 1.73e-19 0.96006
65369 114.82 74.77 1.42e-19 1.00682
64979 4.23 73.73 1.73e-19 0.96006
65375 113.60 68.75 1.27e-19 1.03707
65372 114.03 71.77 1.35e-19 1.02036
65366 116.22 77.76 1.48e-19 0.99639
65360 124.24 83.64 1.55e-19 0.98342
65363 118.82 80.73 1.52e-19 0.98872
65459 174.45 81.43 1.40e-19 1.00952
65462 158.42 79.90 1.38e-19 1.01327
65465 147.41 77.77 1.35e-19 1.01979
63173 -53.39 69.25 1.51e-19 0.99115
65036 -20.23 74.26 1.72e-19 0.95968
65270 -75.25 69.00 1.34e-19 1.02244
65273 -74.36 72.00 1.42e-19 1.00686
64952 71.94 57.20 1.30e-19 1.02916
65276 -73.29 74.99 1.49e-19 0.99441
65030 -35.21 70.32 1.64e-19 0.97064
65033 -28.52 72.43 1.69e-19 0.96377
64808 22.07 64.82 1.72e-19 0.95969
64811 28.94 64.29 1.71e-19 0.96129
65501 148.54 73.33 1.21e-19 1.05085
63353 80.22 67.15 1.49e-19 0.99443
64817 41.53 62.26 1.64e-19 0.97001
63389 62.51 61.46 1.50e-19 0.99225
63395 59.77 60.10 1.49e-19 0.99425
65507 -152.81 75.64 1.20e-19 1.05270
65054 50.23 74.26 1.72e-19 0.95968
65096 -16.27 78.38 1.73e-19 0.95890
65051 40.07 75.72 1.74e-19 0.95824
65048 28.12 76.67 1.74e-19 0.95897
65090 -36.13 74.51 1.67e-19 0.96594
65093 -27.58 76.63 1.70e-19 0.96127
65057 58.52 72.43 1.69e-19 0.96377
64496 44.37 58.15 1.54e-19 0.98490
64490 33.56 60.56 1.64e-19 0.97000
64493 39.17 59.48 1.60e-19 0.97616
63305 121.38 69.66 1.24e-19 1.04314
63299 126.61 69.25 1.19e-19 1.05424
64058 20.50 62.00 1.69e-19 0.96336
64061 20.50 60.00 1.66e-19 0.96756
64067 20.50 58.00 1.62e-19 0.97306
64802 7.93 64.82 1.72e-19 0.95969
64805 15.00 65.00 1.72e-19 0.95926
64799 1.06 64.29 1.71e-19 0.96129
64907 -29.72 63.95 1.57e-19 0.98040
64904 -34.39 61.83 1.49e-19 0.99324
64898 -41.94 57.20 1.30e-19 1.02916
64901 -38.43 59.57 1.40e-19 1.00939
64829 60.59 55.29 1.35e-19 1.01969
64379 -31.37 46.31 1.04e-19 1.09216
64367 48.58 49.61 1.27e-19 1.03701
64364 44.55 51.21 1.35e-19 1.02032
64361 40.23 52.61 1.42e-19 1.00682
64358 35.61 53.80 1.48e-19 0.99650
63371 72.27 65.14 1.51e-19 0.99118
63101 -146.50 74.10 1.15e-19 1.06436
63107 41.70 76.00 1.73e-19 0.95831
63968 -159.50 80.00 1.35e-19 1.02066
64343 9.65 55.86 1.57e-19 0.98042
63365 76.09 66.19 1.50e-19 0.99232
64247 33.10 47.99 1.31e-19 1.02916
64340 4.38 55.44 1.55e-19 0.98350
64244 28.75 48.86 1.35e-19 1.01982
64238 19.66 49.87 1.40e-19 1.00941
64346 15.00 56.00 1.58e-19 0.97939
64241 24.26 49.49 1.38e-19 1.01329
64268 -8.62 49.77 1.34e-19 1.02246
64271 -4.25 50.90 1.40e-19 1.01096
64274 0.34 51.81 1.44e-19 1.00259
64277 5.12 52.47 1.47e-19 0.99678
65264 -76.74 62.99 1.15e-19 1.06475
65261 -77.40 59.97 1.04e-19 1.09215
65258 101.35 59.93 1.10e-19 1.07684
65324 -83.42 59.64 9.78e-20 1.11168
65321 107.40 59.97 1.04e-19 1.09215
65318 106.74 62.99 1.15e-19 1.06475
64145 -154.30 74.50 1.15e-19 1.06330
65189 93.62 62.41 1.25e-19 1.04049
65195 -71.35 59.93 1.10e-19 1.07684
64139 -154.30 76.50 1.23e-19 1.04601
65441 -105.01 72.61 1.25e-19 1.04160
65438 -101.49 69.80 1.18e-19 1.05748
65444 -110.04 75.29 1.31e-19 1.02909
65447 -117.41 77.77 1.35e-19 1.01979
63341 89.39 68.69 1.45e-19 1.00091
63347 84.65 67.98 1.47e-19 0.99721
65018 -45.03 65.56 1.49e-19 0.99323
65027 -40.62 68.01 1.57e-19 0.98038
65159 -8.31 82.40 1.72e-19 0.95969
63239 -16.23 58.68 1.55e-19 0.98467
63245 -13.89 57.20 1.52e-19 0.98817
65165 38.31 82.40 1.72e-19 0.95969
63419 50.72 54.13 1.40e-19 1.01117
64943 59.72 63.95 1.57e-19 0.98040
64946 64.39 61.83 1.49e-19 0.99324
64847 -30.17 59.65 1.47e-19 0.99671
65141 -58.92 68.10 1.44e-19 1.00253
65138 -61.49 65.27 1.35e-19 1.01971
64838 67.39 50.87 1.15e-19 1.06564
64841 -37.82 55.26 1.28e-19 1.03335
64844 -34.24 57.52 1.38e-19 1.01324
64478 8.63 61.84 1.69e-19 0.96379
64481 15.00 62.00 1.69e-19 0.96307
64484 21.37 61.84 1.69e-19 0.96379
64487 27.59 61.35 1.67e-19 0.96595
64421 26.51 58.40 1.62e-19 0.97328
64424 32.00 57.66 1.59e-19 0.97792
64853 -20.33 63.41 1.62e-19 0.97325
64850 -25.56 61.63 1.55e-19 0.98351
64856 -14.43 64.97 1.67e-19 0.96598
63143 -74.98 69.92 1.36e-19 1.01740
64307 50.22 45.15 1.10e-19 1.07723
64298 38.62 49.77 1.34e-19 1.02246
64301 42.75 48.42 1.27e-19 1.03699
64304 46.62 46.88 1.19e-19 1.05527
64874 30.65 67.20 1.73e-19 0.95889
64868 15.00 68.00 1.74e-19 0.95826
64871 22.96 67.80 1.74e-19 0.95825
64877 37.85 66.25 1.71e-19 0.96129
64022 20.50 86.00 1.69e-19 0.96311
64025 20.50 84.00 1.71e-19 0.96026
64397 -16.66 53.94 1.42e-19 1.00693
64019 20.50 88.00 1.66e-19 0.96722
64394 -20.85 52.27 1.34e-19 1.02244
64388 -28.18 48.44 1.15e-19 1.06476
64391 -24.68 50.43 1.25e-19 1.04160
64214 32.11 45.05 1.21e-19 1.05096
64097 -154.30 89.50 1.61e-19 0.97417
64211 27.99 45.89 1.25e-19 1.04047
65219 -52.04 80.22 1.64e-19 0.96997
64217 -11.20 45.58 1.18e-19 1.05739
65222 -41.87 82.83 1.67e-19 0.96595
64427 37.23 56.66 1.54e-19 0.98493
64199 10.61 46.88 1.30e-19 1.02931
64202 15.00 47.00 1.31e-19 1.02780
64205 19.39 46.88 1.30e-19 1.02931
64976 -5.87 72.94 1.74e-19 0.95826
64973 -14.88 71.70 1.72e-19 0.95926
64970 -22.64 70.09 1.69e-19 0.96304
65450 -128.42 79.90 1.38e-19 1.01327
65453 -144.45 81.43 1.40e-19 1.00952
65162 15.00 83.00 1.72e-19 0.95926
63203 -31.27 65.14 1.58e-19 0.97855
65279 -71.91 77.98 1.54e-19 0.98489
65285 -66.36 83.93 1.62e-19 0.97326
65282 -69.91 80.96 1.59e-19 0.97792
65471 135.01 72.61 1.25e-19 1.04160
65468 140.04 75.29 1.31e-19 1.02909
65474 131.49 69.80 1.18e-19 1.05748
65477 -118.54 73.33 1.21e-19 1.05085
62993 15.00 -90.00 9.04e-20 0.09037
64940 54.30 65.88 1.64e-19 0.97059
65099 -1.81 79.57 1.74e-19 0.95825
65105 31.81 79.57 1.74e-19 0.95825
65102 15.00 80.00 1.74e-19 0.95826
64688 60.98 50.85 1.21e-19 1.05082
65405 -115.34 82.12 1.47e-19 0.99674
65402 -105.13 79.58 1.44e-19 1.00258
65399 -99.24 76.82 1.40e-19 1.01107
63269 -6.11 50.90 1.39e-19 1.01267
63275 -4.48 49.24 1.34e-19 1.02170
64037 20.50 76.00 1.73e-19 0.96069
64034 20.50 78.00 1.74e-19 0.95899
64028 20.50 82.00 1.73e-19 0.95865
64031 20.50 80.00 1.74e-19 0.95825
64916 -10.90 69.01 1.72e-19 0.95968
64793 -11.53 62.26 1.64e-19 0.97001
64790 -17.07 60.82 1.59e-19 0.97788
64910 -24.30 65.88 1.64e-19 0.97059
64913 -18.05 67.59 1.69e-19 0.96375
64796 -5.47 63.42 1.68e-19 0.96451
65144 -55.70 70.89 1.52e-19 0.98875
64430 42.12 55.41 1.49e-19 0.99448
64433 46.66 53.94 1.42e-19 1.00693
64349 20.35 55.86 1.57e-19 0.98042
64352 25.62 55.44 1.55e-19 0.98350
64355 30.72 54.74 1.52e-19 0.98865
63383 65.50 62.76 1.51e-19 0.99106
63113 -138.30 76.00 1.23e-19 1.04441
64436 50.85 52.27 1.34e-19 1.02244
64334 -5.61 53.80 1.48e-19 0.99650
65504 -141.78 74.62 1.18e-19 1.05737
64331 -10.23 52.61 1.42e-19 1.00682
64328 -14.55 51.21 1.35e-19 1.02032
64169 15.00 41.00 1.09e-19 1.07904
64172 18.97 40.88 1.09e-19 1.08073
64175 6.71 43.52 1.18e-19 1.05760
64337 -0.72 54.74 1.52e-19 0.98865
64814 35.47 63.42 1.68e-19 0.96451
65147 -51.53 73.61 1.59e-19 0.97795
65249 96.90 68.78 1.40e-19 1.01109
64085 20.50 46.00 1.27e-19 1.03600
65336 -84.03 71.77 1.35e-19 1.02036
65252 98.64 65.84 1.31e-19 1.02905
65255 100.10 62.89 1.21e-19 1.05080
65330 -83.40 65.72 1.18e-19 1.05745
65333 -83.60 68.75 1.27e-19 1.03707
64418 20.81 58.85 1.64e-19 0.97062
64133 -154.30 79.50 1.33e-19 1.02349
65186 91.49 65.27 1.35e-19 1.01971
64136 -154.30 78.50 1.30e-19 1.03056
65183 88.92 68.10 1.44e-19 1.00253
65180 85.70 70.89 1.52e-19 0.98875
65192 95.42 59.53 1.15e-19 1.06543
65414 164.13 84.15 1.49e-19 0.99336
65432 121.61 68.04 1.19e-19 1.05515
65435 120.51 65.03 1.10e-19 1.07721
63263 -7.85 52.53 1.43e-19 1.00492
65429 123.21 71.02 1.27e-19 1.03714
65408 -134.13 84.15 1.49e-19 0.99336
63317 110.50 70.00 1.33e-19 1.02488
63311 115.98 69.92 1.28e-19 1.03359
65009 76.59 58.92 1.31e-19 1.02768
65015 -48.69 63.02 1.40e-19 1.00953
65012 -51.77 60.39 1.30e-19 1.02912
65528 -165.00 70.00 9.78e-20 1.11157
65531 -165.00 67.00 8.64e-20 1.14952
63413 52.73 55.69 1.43e-19 1.00550
64955 -46.59 58.92 1.31e-19 1.02768
64949 68.43 59.57 1.40e-19 1.00939
65111 57.58 76.63 1.70e-19 0.96127
65168 55.98 80.83 1.70e-19 0.96126
65108 46.27 78.38 1.73e-19 0.95890
65114 66.13 74.51 1.67e-19 0.96594
65117 72.61 72.15 1.62e-19 0.97326
64862 -0.65 67.20 1.73e-19 0.95889
64835 64.18 53.14 1.25e-19 1.04068
65456 -165.00 82.00 1.41e-19 1.00819
64469 -9.17 59.48 1.60e-19 0.97616
64475 2.41 61.35 1.67e-19 0.96595
64472 -3.56 60.56 1.64e-19 0.97000
65513 -177.19 75.64 1.20e-19 1.05270
65510 -165.00 76.00 1.20e-19 1.05128
65516 171.78 74.62 1.18e-19 1.05737
64451 -34.20 48.66 1.10e-19 1.07685
64454 -30.98 50.85 1.21e-19 1.05082
63905 -159.50 78.00 1.28e-19 1.03493
64289 24.88 52.47 1.47e-19 0.99678
64295 34.25 50.90 1.40e-19 1.01096
64292 29.66 51.81 1.44e-19 1.00259
64883 50.33 63.41 1.62e-19 0.97325
64880 44.43 64.97 1.67e-19 0.96598
65498 156.21 75.54 1.25e-19 1.04058
63584 -159.50 72.00 1.06e-19 1.08890
64886 55.56 61.63 1.55e-19 0.98351
64406 -2.00 57.66 1.59e-19 0.97792
65378 113.40 65.72 1.18e-19 1.05745
64403 -7.23 56.66 1.54e-19 0.98493
64400 -12.12 55.41 1.49e-19 0.99448
64223 -3.10 47.99 1.31e-19 1.02916
64220 -7.26 46.89 1.25e-19 1.04151
64118 -154.30 82.50 1.43e-19 1.00477
64121 -154.30 81.50 1.40e-19 1.01061
64226 1.25 48.86 1.35e-19 1.01982
64124 -154.30 80.50 1.37e-19 1.01685
63161 -58.62 69.66 1.48e-19 0.99616
