65006 73.24 61.42 1.25e-19 0.89437
65000 64.69 66.09 1.38e-19 0.85396
65003 69.32 63.82 1.32e-19 0.86993
63197 -35.09 66.19 1.38e-19 0.85410
64142 -154.30 75.50 1.10e-19 0.97743
63191 -39.22 67.15 1.37e-19 0.85605
65213 -57.99 77.44 1.39e-19 0.85081
65210 -61.92 74.59 1.35e-19 0.86034
65294 86.94 86.84 1.43e-19 0.84665
65291 15.00 89.00 1.43e-19 0.84621
65288 -56.94 86.84 1.43e-19 0.84665
65075 -57.47 61.57 1.17e-19 0.93808
62987 15.00 -74.00 -1.70e-19 -0.17021
65072 81.77 60.39 1.18e-19 0.93039
65486 -149.69 78.56 1.18e-19 0.93036
65069 78.69 63.02 1.25e-19 0.89649
65420 135.13 79.58 1.27e-19 0.88542
62981 15.00 -90.00 -1.70e-19 -0.17017
65483 -136.50 77.35 1.17e-19 0.93813
65156 -25.98 80.83 1.51e-19 0.84868
65426 125.59 73.95 1.20e-19 0.91849
65480 -126.21 75.54 1.14e-19 0.95126
63281 -2.95 47.55 1.17e-19 0.93562
63287 -1.51 45.84 1.13e-19 0.95747
65150 -45.89 76.23 1.43e-19 0.84630
65390 -91.61 68.04 1.10e-19 0.97888
63227 -18.77 60.10 1.36e-19 0.85672
65393 -93.21 71.02 1.16e-19 0.94476
65396 -95.59 73.95 1.20e-19 0.91849
63221 -21.51 61.46 1.37e-19 0.85453
63443 45.48 49.24 1.16e-19 0.94080
64046 20.50 70.00 1.60e-19 0.88484
64082 20.50 48.00 1.20e-19 0.91700
64043 20.50 72.00 1.63e-19 0.90223
64040 20.50 74.00 1.64e-19 0.91417
64781 -30.59 55.29 1.21e-19 0.91374
64778 -34.18 53.14 1.14e-19 0.95133
64784 -26.57 57.31 1.27e-19 0.88541
64079 20.50 50.00 1.25e-19 0.89549
64787 -22.08 59.16 1.33e-19 0.86519
64919 -2.88 70.09 1.57e-19 0.86683
64925 15.00 71.00 1.62e-19 0.89765
64922 5.86 70.77 1.60e-19 0.88571
64439 54.68 50.43 1.14e-19 0.95313
64445 61.37 46.31 1.01e-19 1.05242
64442 58.18 48.44 1.08e-19 0.99739
63119 -95.35 67.98 1.08e-19 0.99213
63125 -90.61 68.69 1.12e-19 0.96684
63377 68.74 63.99 1.32e-19 0.86800
64544 53.49 54.84 1.24e-19 0.89904
64187 23.29 43.52 1.10e-19 0.98348
64325 -18.58 49.61 1.15e-19 0.94468
63776 -159.50 74.00 1.06e-19 1.00573
64181 15.00 44.00 1.11e-19 0.97143
64178 10.84 43.88 1.11e-19 0.97442
64184 19.16 43.88 1.11e-19 0.97442
64013 -159.50 88.00 1.38e-19 0.85396
64250 37.26 46.89 1.14e-19 0.95307
64253 41.20 45.58 1.10e-19 0.98334
64073 20.50 54.00 1.33e-19 0.86442
64070 20.50 56.00 1.37e-19 0.85452
65246 94.74 71.70 1.30e-19 0.87612
65492 179.69 78.56 1.18e-19 0.93036
65243 91.92 74.59 1.35e-19 0.86034
65495 166.50 77.35 1.17e-19 0.93813
64076 20.50 52.00 1.29e-19 0.87803
65240 87.99 77.44 1.39e-19 0.85081
64208 23.74 46.51 1.17e-19 0.93815
64457 -27.42 52.92 1.18e-19 0.93027
65177 81.53 73.61 1.38e-19 0.85251
64166 11.03 40.88 1.03e-19 1.02933
64163 15.00 38.00 9.61e-20 1.09251
65171 67.87 78.68 1.47e-19 0.84561
64094 20.50 40.00 1.01e-19 1.04882
65174 75.89 76.23 1.43e-19 0.84630
64160 15.00 35.00 8.81e-20 1.17260
65387 -90.51 65.03 1.04e-19 1.02234
63257 -9.72 54.13 1.29e-19 0.87896
65297 96.36 83.93 1.41e-19 0.84837
63251 -11.73 55.69 1.31e-19 0.87087
65381 113.36 62.69 1.03e-19 1.03227
65384 113.42 59.64 9.62e-20 1.09258
65357 139.00 86.38 1.37e-19 0.85506
65348 -94.24 83.64 1.36e-19 0.85856
65351 -109.00 86.38 1.37e-19 0.85506
64091 20.50 42.00 1.06e-19 1.00836
65354 -165.00 88.00 1.38e-19 0.85400
63179 -48.39 68.69 1.34e-19 0.86305
63185 -43.65 67.98 1.35e-19 0.85892
63323 105.02 69.92 1.22e-19 0.90976
65342 -86.22 77.76 1.30e-19 0.87607
65345 -88.82 80.73 1.33e-19 0.86525
65339 -84.82 74.77 1.26e-19 0.89219
65045 15.00 77.00 1.62e-19 0.89765
65042 1.88 76.67 1.60e-19 0.88569
65039 -10.07 75.72 1.57e-19 0.86686
63407 54.89 57.20 1.28e-19 0.88260
65423 129.24 76.82 1.24e-19 0.89909
64823 52.08 59.16 1.33e-19 0.86519
65489 -165.00 79.00 1.18e-19 0.92794
64820 47.07 60.82 1.38e-19 0.85245
64967 -29.19 68.20 1.43e-19 0.84619
64964 -34.69 66.09 1.38e-19 0.85396
63401 57.23 58.68 1.29e-19 0.87708
63095 40.40 47.00 1.13e-19 0.95896
64961 -39.32 63.82 1.32e-19 0.86993
64958 -43.24 61.42 1.25e-19 0.89437
64826 56.57 57.31 1.27e-19 0.88541
65063 70.62 68.01 1.37e-19 0.85506
65126 84.80 64.32 1.23e-19 0.90278
65060 65.21 70.32 1.43e-19 0.84667
65123 81.58 67.01 1.30e-19 0.87648
65066 75.03 65.56 1.31e-19 0.87149
65120 77.61 69.63 1.36e-19 0.85856
64592 57.42 52.92 1.18e-19 0.93027
64499 49.14 56.59 1.30e-19 0.87606
65519 -154.87 72.69 1.03e-19 1.02923
65522 -165.00 73.00 1.04e-19 1.02588
65525 -175.13 72.69 1.03e-19 1.02923
63293 -0.15 44.10 1.10e-19 0.98289
64055 20.50 64.00 1.52e-19 0.85053
64052 20.50 66.00 1.55e-19 0.85840
64466 -14.37 58.15 1.35e-19 0.86035
64049 20.50 68.00 1.58e-19 0.86988
64463 -19.14 56.59 1.30e-19 0.87606
64460 -23.49 54.84 1.24e-19 0.89904
64889 60.17 59.65 1.30e-19 0.87651
64895 67.82 55.26 1.17e-19 0.93803
64892 64.24 57.52 1.23e-19 0.90273
65225 -22.03 85.01 1.48e-19 0.84600
64376 58.87 43.83 9.62e-20 1.09259
64004 -159.50 82.00 1.25e-19 0.89414
64370 52.30 47.83 1.10e-19 0.98329
64007 -159.50 84.00 1.29e-19 0.87696
64373 55.72 45.90 1.03e-19 1.03216
64229 5.74 49.49 1.23e-19 0.90277
64235 15.00 50.00 1.25e-19 0.89438
64232 10.34 49.87 1.25e-19 0.89641
64109 -154.30 85.50 1.33e-19 0.86632
64115 -154.30 83.50 1.29e-19 0.88040
64112 -154.30 84.50 1.31e-19 0.87289
63809 -159.50 76.00 1.11e-19 0.97086
64283 15.00 53.00 1.32e-19 0.86993
64280 10.03 52.87 1.31e-19 0.87158
64286 19.97 52.87 1.31e-19 0.87158
65312 105.25 69.00 1.20e-19 0.91848
65315 106.03 66.00 1.14e-19 0.95318
65309 104.36 72.00 1.26e-19 0.89222
65306 103.29 74.99 1.31e-19 0.87317
65198 -70.10 62.89 1.11e-19 0.97064
65201 -68.64 65.84 1.18e-19 0.93024
65204 -66.90 68.78 1.24e-19 0.89910
65207 -64.74 71.70 1.30e-19 0.87612
65300 99.91 80.96 1.38e-19 0.85248
65303 101.91 77.98 1.35e-19 0.86034
65078 -54.80 64.32 1.23e-19 0.90278
65081 -51.58 67.01 1.30e-19 0.87648
65411 -165.00 85.00 1.32e-19 0.86993
65084 -47.61 69.63 1.36e-19 0.85856
65087 -42.61 72.15 1.41e-19 0.84837
64859 -7.85 66.25 1.51e-19 0.84873
64865 7.04 67.80 1.57e-19 0.86687
65417 145.34 82.12 1.30e-19 0.87653
63329 99.62 69.66 1.24e-19 0.89879
63335 94.39 69.25 1.26e-19 0.88991
63449 43.95 47.55 1.13e-19 0.96023
63455 42.51 45.84 1.10e-19 0.98308
64994 52.64 70.09 1.49e-19 0.84641
64988 35.87 72.94 1.58e-19 0.87167
64991 44.88 71.70 1.54e-19 0.85481
63215 -24.50 62.76 1.38e-19 0.85327
65153 -37.87 78.68 1.47e-19 0.84561
64997 59.19 68.20 1.43e-19 0.84619
63209 -27.74 63.99 1.38e-19 0.85283
64934 40.90 69.01 1.53e-19 0.85283
64016 14.04 90.00 1.41e-19 0.84791
64931 32.88 70.09 1.57e-19 0.86683
63431 48.85 52.53 1.22e-19 0.91053
64928 24.14 70.77 1.60e-19 0.88571
64010 -159.50 86.00 1.34e-19 0.86361
63473 -159.50 70.00 9.63e-20 1.09148
64937 48.05 67.59 1.48e-19 0.84597
63437 47.11 50.90 1.19e-19 0.92431
65132 -65.42 59.53 1.07e-19 0.99890
65135 -63.62 62.41 1.14e-19 0.95121
65129 87.47 61.57 1.17e-19 0.93808
64772 64.20 48.66 1.04e-19 1.02157
64775 -37.39 50.87 1.07e-19 0.99904
64415 15.00 59.00 1.43e-19 0.84621
64412 9.19 58.85 1.43e-19 0.84666
64409 3.49 58.40 1.41e-19 0.84839
63137 -80.38 69.66 1.19e-19 0.92567
63131 -85.61 69.25 1.15e-19 0.94468
64316 -22.30 47.83 1.10e-19 0.98329
64313 -25.72 45.90 1.03e-19 1.03216
64310 -28.87 43.83 9.62e-20 1.09259
63155 -64.02 69.92 1.27e-19 0.88489
63149 -69.50 70.00 1.25e-19 0.89605
64259 -20.22 45.15 1.04e-19 1.02235
64265 -12.75 48.42 1.15e-19 0.94467
64262 -16.62 46.88 1.10e-19 0.97896
65327 -83.36 62.69 1.03e-19 1.03227
57281 15.00 -74.00 -1.70e-19 -0.17021
64100 -154.30 88.50 1.39e-19 0.85206
64103 -154.30 87.50 1.37e-19 0.85591
65237 82.04 80.22 1.43e-19 0.84632
65234 71.87 82.83 1.46e-19 0.84533
64106 -154.30 86.50 1.35e-19 0.86066
65231 52.03 85.01 1.48e-19 0.84600
65228 15.00 86.00 1.49e-19 0.84645
65267 -76.03 66.00 1.14e-19 0.95318
64088 20.50 44.00 1.11e-19 0.97313
64193 2.01 45.89 1.14e-19 0.95120
64190 -2.11 45.05 1.11e-19 0.97075
64157 -154.30 77.50 1.15e-19 0.94659
64154 -154.30 71.50 1.00e-19 1.05419
64151 -154.30 72.50 1.03e-19 1.03300
64148 -154.30 73.50 1.06e-19 1.01318
64196 6.26 46.51 1.17e-19 0.93815
64982 15.00 74.00 1.66e-19 0.93376
64985 25.77 73.73 1.62e-19 0.89764
65369 114.82 74.77 1.26e-19 0.89219
64979 4.23 73.73 1.62e-19 0.89764
65375 113.60 68.75 1.15e-19 0.94472
65372 114.03 71.77 1.21e-19 0.91475
65366 116.22 77.76 1.30e-19 0.87607
65360 124.24 83.64 1.36e-19 0.85856
65363 118.82 80.73 1.33e-19 0.86525
65459 174.45 81.43 1.25e-19 0.89648
65462 158.42 79.90 1.23e-19 0.90275
65465 147.41 77.77 1.21e-19 0.91381
63173 -53.39 69.25 1.32e-19 0.86856
65036 -20.23 74.26 1.53e-19 0.85284
65270 -75.25 69.00 1.20e-19 0.91848
65273 -74.36 72.00 1.26e-19 0.89222
64952 71.94 57.20 1.18e-19 0.93042
65276 -73.29 74.99 1.31e-19 0.87317
65030 -35.21 70.32 1.43e-19 0.84667
65033 -28.52 72.43 1.48e-19 0.84599
64808 22.07 64.82 1.53e-19 0.85286
64811 28.94 64.29 1.51e-19 0.84872
65501 148.54 73.33 1.11e-19 0.97068
63353 80.22 67.15 1.31e-19 0.87315
64817 41.53 62.26 1.43e-19 0.84635
63389 62.51 61.46 1.31e-19 0.87009
63395 59.77 60.10 1.31e-19 0.87291
65507 -152.81 75.64 1.11e-19 0.97431
65054 50.23 74.26 1.53e-19 0.85284
65096 -16.27 78.38 1.54e-19 0.85701
65051 40.07 75.72 1.57e-19 0.86686
65048 28.12 76.67 1.60e-19 0.88569
65090 -36.13 74.51 1.46e-19 0.84532
65093 -27.58 76.63 1.51e-19 0.84869
65057 58.52 72.43 1.48e-19 0.84599
64496 44.37 58.15 1.35e-19 0.86035
64490 33.56 60.56 1.43e-19 0.84634
64493 39.17 59.48 1.39e-19 0.85080
63305 121.38 69.66 1.14e-19 0.95618
63299 126.61 69.25 1.10e-19 0.97716
64058 20.50 62.00 1.48e-19 0.84623
64061 20.50 60.00 1.45e-19 0.84546
64067 20.50 58.00 1.41e-19 0.84822
64802 7.93 64.82 1.53e-19 0.85286
64805 15.00 65.00 1.54e-19 0.85481
64799 1.06 64.29 1.51e-19 0.84872
64907 -29.72 63.95 1.37e-19 0.85508
64904 -34.39 61.83 1.31e-19 0.87150
64898 -41.94 57.20 1.18e-19 0.93042
64901 -38.43 59.57 1.25e-19 0.89639
64829 60.59 55.29 1.21e-19 0.91374
64379 -31.37 46.31 1.01e-19 1.05242
64367 48.58 49.61 1.15e-19 0.94468
64364 44.55 51.21 1.21e-19 0.91473
64361 40.23 52.61 1.26e-19 0.89219
64358 35.61 53.80 1.30e-19 0.87615
63371 72.27 65.14 1.32e-19 0.86859
63101 -146.50 74.10 1.08e-19 0.99675
63107 41.70 76.00 1.56e-19 0.86432
63968 -159.50 80.00 1.21e-19 0.91536
64343 9.65 55.86 1.37e-19 0.85509
63365 76.09 66.19 1.31e-19 0.87022
64247 33.10 47.99 1.18e-19 0.93031
64340 4.38 55.44 1.36e-19 0.85862
64244 28.75 48.86 1.21e-19 0.91384
64238 19.66 49.87 1.25e-19 0.89641
64346 15.00 56.00 1.38e-19 0.85400
64241 24.26 49.49 1.23e-19 0.90277
64268 -8.62 49.77 1.20e-19 0.91849
64271 -4.25 50.90 1.24e-19 0.89901
64274 0.34 51.81 1.27e-19 0.88543
64277 5.12 52.47 1.30e-19 0.87655
65264 -76.74 62.99 1.08e-19 0.99738
65261 -77.40 59.97 1.01e-19 1.05242
65258 101.35 59.93 1.04e-19 1.02157
65324 -83.42 59.64 9.62e-20 1.09258
65321 107.40 59.97 1.01e-19 1.05242
65318 106.74 62.99 1.08e-19 0.99738
64145 -154.30 74.50 1.08e-19 0.99467
65189 93.62 62.41 1.14e-19 0.95121
65195 -71.35 59.93 1.04e-19 1.02157
64139 -154.30 76.50 1.13e-19 0.96142
65441 -105.01 72.61 1.14e-19 0.95314
65438 -101.49 69.80 1.10e-19 0.98339
65444 -110.04 75.29 1.18e-19 0.93026
65447 -117.41 77.77 1.21e-19 0.91381
63341 89.39 68.69 1.28e-19 0.88281
63347 84.65 67.98 1.29e-19 0.87725
65018 -45.03 65.56 1.31e-19 0.87149
65027 -40.62 68.01 1.37e-19 0.85506
65159 -8.31 82.40 1.53e-19 0.85285
63239 -16.23 58.68 1.35e-19 0.86004
63245 -13.89 57.20 1.33e-19 0.86456
65165 38.31 82.40 1.53e-19 0.85285
63419 50.72 54.13 1.24e-19 0.89921
64943 59.72 63.95 1.37e-19 0.85508
64946 64.39 61.83 1.31e-19 0.87150
64847 -30.17 59.65 1.30e-19 0.87651
65141 -58.92 68.10 1.27e-19 0.88539
65138 -61.49 65.27 1.21e-19 0.91376
64838 67.39 50.87 1.07e-19 0.99904
64841 -37.82 55.26 1.17e-19 0.93803
64844 -34.24 57.52 1.23e-19 0.90273
64478 8.63 61.84 1.48e-19 0.84601
64481 15.00 62.00 1.49e-19 0.84645
64484 21.37 61.84 1.48e-19 0.84601
64487 27.59 61.35 1.46e-19 0.84534
64421 26.51 58.40 1.41e-19 0.84839
64424 32.00 57.66 1.38e-19 0.85249
64853 -20.33 63.41 1.41e-19 0.84836
64850 -25.56 61.63 1.36e-19 0.85863
64856 -14.43 64.97 1.46e-19 0.84536
63143 -74.98 69.92 1.22e-19 0.90967
64307 50.22 45.15 1.04e-19 1.02235
64298 38.62 49.77 1.20e-19 0.91849
64301 42.75 48.42 1.15e-19 0.94467
64304 46.62 46.88 1.10e-19 0.97896
64874 30.65 67.20 1.54e-19 0.85698
64868 15.00 68.00 1.58e-19 0.87166
64871 22.96 67.80 1.57e-19 0.86687
64877 37.85 66.25 1.51e-19 0.84873
64022 20.50 86.00 1.49e-19 0.84641
64025 20.50 84.00 1.52e-19 0.85096
64397 -16.66 53.94 1.26e-19 0.89227
64019 20.50 88.00 1.45e-19 0.84540
64394 -20.85 52.27 1.20e-19 0.91848
64388 -28.18 48.44 1.08e-19 0.99739
64391 -24.68 50.43 1.14e-19 0.95313
64214 32.11 45.05 1.11e-19 0.97075
64097 -154.30 89.50 1.41e-19 0.84908
64211 27.99 45.89 1.14e-19 0.95120
65219 -52.04 80.22 1.43e-19 0.84632
64217 -11.20 45.58 1.10e-19 0.98334
65222 -41.87 82.83 1.46e-19 0.84533
64427 37.23 56.66 1.35e-19 0.86037
64199 10.61 46.88 1.18e-19 0.93051
64202 15.00 47.00 1.18e-19 0.92794
64205 19.39 46.88 1.18e-19 0.93051
64976 -5.87 72.94 1.58e-19 0.87167
64973 -14.88 71.70 1.54e-19 0.85481
64970 -22.64 70.09 1.49e-19 0.84641
65450 -128.42 79.90 1.23e-19 0.90275
65453 -144.45 81.43 1.25e-19 0.89648
65162 15.00 83.00 1.54e-19 0.85481
63203 -31.27 65.14 1.38e-19 0.85311
65279 -71.91 77.98 1.35e-19 0.86034
65285 -66.36 83.93 1.41e-19 0.84837
65282 -69.91 80.96 1.38e-19 0.85248
65471 135.01 72.61 1.14e-19 0.95314
65468 140.04 75.29 1.18e-19 0.93026
65474 131.49 69.80 1.10e-19 0.98339
65477 -118.54 73.33 1.11e-19 0.97068
62993 15.00 -90.00 -1.70e-19 -0.17017
64940 54.30 65.88 1.43e-19 0.84663
65099 -1.81 79.57 1.57e-19 0.86686
65105 31.81 79.57 1.57e-19 0.86686
65102 15.00 80.00 1.58e-19 0.87166
64688 60.98 50.85 1.11e-19 0.97066
65405 -115.34 82.12 1.30e-19 0.87653
65402 -105.13 79.58 1.27e-19 0.88542
65399 -99.24 76.82 1.24e-19 0.89909
63269 -6.11 50.90 1.23e-19 0.90181
63275 -4.48 49.24 1.20e-19 0.91722
64037 20.50 76.00 1.63e-19 0.90344
64034 20.50 78.00 1.61e-19 0.88600
64028 20.50 82.00 1.55e-19 0.85909
64031 20.50 80.00 1.58e-19 0.87082
64916 -10.90 69.01 1.53e-19 0.85283
64793 -11.53 62.26 1.43e-19 0.84635
64790 -17.07 60.82 1.38e-19 0.85245
64910 -24.30 65.88 1.43e-19 0.84663
64913 -18.05 67.59 1.48e-19 0.84597
64796 -5.47 63.42 1.47e-19 0.84559
65144 -55.70 70.89 1.33e-19 0.86528
64430 42.12 55.41 1.31e-19 0.87323
64433 46.66 53.94 1.26e-19 0.89227
64349 20.35 55.86 1.37e-19 0.85509
64352 25.62 55.44 1.36e-19 0.85862
64355 30.72 54.74 1.33e-19 0.86521
63383 65.50 62.76 1.32e-19 0.86847
63113 -138.30 76.00 1.13e-19 0.95842
64436 50.85 52.27 1.20e-19 0.91848
64334 -5.61 53.80 1.30e-19 0.87615
65504 -141.78 74.62 1.10e-19 0.98332
64331 -10.23 52.61 1.26e-19 0.89219
64328 -14.55 51.21 1.21e-19 0.91473
64169 15.00 41.00 1.04e-19 1.02588
64172 18.97 40.88 1.03e-19 1.02933
64175 6.71 43.52 1.10e-19 0.98348
64337 -0.72 54.74 1.33e-19 0.86521
64814 35.47 63.42 1.47e-19 0.84559
65147 -51.53 73.61 1.38e-19 0.85251
65249 96.90 68.78 1.24e-19 0.89910
64085 20.50 46.00 1.16e-19 0.94279
65336 -84.03 71.77 1.21e-19 0.91475
65252 98.64 65.84 1.18e-19 0.93024
65255 100.10 62.89 1.11e-19 0.97064
65330 -83.40 65.72 1.10e-19 0.98338
65333 -83.60 68.75 1.15e-19 0.94472
64418 20.81 58.85 1.43e-19 0.84666
64133 -154.30 79.50 1.20e-19 0.92032
65186 91.49 65.27 1.21e-19 0.91376
64136 -154.30 78.50 1.18e-19 0.93290
65183 88.92 68.10 1.27e-19 0.88539
65180 85.70 70.89 1.33e-19 0.86528
65192 95.42 59.53 1.07e-19 0.99890
65414 164.13 84.15 1.31e-19 0.87159
65432 121.61 68.04 1.10e-19 0.97888
65435 120.51 65.03 1.04e-19 1.02234
63263 -7.85 52.53 1.26e-19 0.88915
65429 123.21 71.02 1.16e-19 0.94476
65408 -134.13 84.15 1.31e-19 0.87159
63317 110.50 70.00 1.19e-19 0.92276
63311 115.98 69.92 1.17e-19 0.93827
65009 76.59 58.92 1.18e-19 0.92786
65015 -48.69 63.02 1.25e-19 0.89649
65012 -51.77 60.39 1.18e-19 0.93039
65528 -165.00 70.00 9.61e-20 1.09251
65531 -165.00 67.00 8.81e-20 1.17260
63413 52.73 55.69 1.26e-19 0.88999
64955 -46.59 58.92 1.18e-19 0.92786
64949 68.43 59.57 1.25e-19 0.89639
65111 57.58 76.63 1.51e-19 0.84869
65168 55.98 80.83 1.51e-19 0.84868
65108 46.27 78.38 1.54e-19 0.85701
65114 66.13 74.51 1.46e-19 0.84532
65117 72.61 72.15 1.41e-19 0.84837
64862 -0.65 67.20 1.54e-19 0.85698
64835 64.18 53.14 1.14e-19 0.95133
65456 -165.00 82.00 1.25e-19 0.89438
64469 -9.17 59.48 1.39e-19 0.85080
64475 2.41 61.35 1.46e-19 0.84534
64472 -3.56 60.56 1.43e-19 0.84634
65513 -177.19 75.64 1.11e-19 0.97431
65510 -165.00 76.00 1.11e-19 0.97143
65516 171.78 74.62 1.10e-19 0.98332
64451 -34.20 48.66 1.04e-19 1.02157
64454 -30.98 50.85 1.11e-19 0.97066
63905 -159.50 78.00 1.16e-19 0.94084
64289 24.88 52.47 1.30e-19 0.87655
64295 34.25 50.90 1.24e-19 0.89901
64292 29.66 51.81 1.27e-19 0.88543
64883 50.33 63.41 1.41e-19 0.84836
64880 44.43 64.97 1.46e-19 0.84536
65498 156.21 75.54 1.14e-19 0.95126
63584 -159.50 72.00 1.01e-19 1.04581
64886 55.56 61.63 1.36e-19 0.85863
64406 -2.00 57.66 1.38e-19 0.85249
65378 113.40 65.72 1.10e-19 0.98338
64403 -7.23 56.66 1.35e-19 0.86037
64400 -12.12 55.41 1.31e-19 0.87323
64223 -3.10 47.99 1.18e-19 0.93031
64220 -7.26 46.89 1.14e-19 0.95307
64118 -154.30 82.50 1.26e-19 0.88888
64121 -154.30 81.50 1.24e-19 0.89834
64226 1.25 48.86 1.21e-19 0.91384
64124 -154.30 80.50 1.22e-19 0.90881
63161 -58.62 69.66 1.30e-19 0.87573
