65006 73.24 61.42 1.66e-19 1.18609
65000 64.69 66.09 1.92e-19 1.19066
65003 69.32 63.82 1.80e-19 1.18945
63197 -35.09 66.19 1.92e-19 1.19064
64142 -154.30 75.50 1.32e-19 1.17217
63191 -39.22 67.15 1.90e-19 1.19071
65213 -57.99 77.44 1.95e-19 1.19068
65210 -61.92 74.59 1.87e-19 1.19038
65294 86.94 86.84 2.01e-19 1.19009
65291 15.00 89.00 2.01e-19 1.18989
65288 -56.94 86.84 2.01e-19 1.19009
65075 -57.47 61.57 1.47e-19 1.17902
62987 15.00 -74.00 -5.65e-21 -0.00565
65072 81.77 60.39 1.50e-19 1.18017
65486 -149.69 78.56 1.50e-19 1.18011
65069 78.69 63.02 1.65e-19 1.18593
65420 135.13 79.58 1.71e-19 1.18747
62981 15.00 -90.00 -1.41e-20 -0.01415
65483 -136.50 77.35 1.47e-19 1.17913
65156 -25.98 80.83 2.10e-19 1.18528
65426 125.59 73.95 1.55e-19 1.18231
65480 -126.21 75.54 1.42e-19 1.17671
63281 -2.95 47.55 1.47e-19 1.17928
63287 -1.51 45.84 1.39e-19 1.17577
65150 -45.89 76.23 2.01e-19 1.18992
65390 -91.61 68.04 1.32e-19 1.17188
63227 -18.77 60.10 1.89e-19 1.19064
65393 -93.21 71.02 1.44e-19 1.17802
65396 -95.59 73.95 1.55e-19 1.18231
63221 -21.51 61.46 1.91e-19 1.19068
63443 45.48 49.24 1.45e-19 1.17843
64046 20.50 70.00 2.12e-19 1.17001
64082 20.50 48.00 1.55e-19 1.18253
64043 20.50 72.00 2.10e-19 1.16412
64040 20.50 74.00 2.08e-19 1.16030
64781 -30.59 55.29 1.57e-19 1.18297
64778 -34.18 53.14 1.42e-19 1.17686
64784 -26.57 57.31 1.71e-19 1.18744
64079 20.50 50.00 1.65e-19 1.18595
64787 -22.08 59.16 1.83e-19 1.18983
64919 -2.88 70.09 2.13e-19 1.17672
64925 15.00 71.00 2.11e-19 1.16563
64922 5.86 70.77 2.12e-19 1.16970
64439 54.68 50.43 1.41e-19 1.17643
64445 61.37 46.31 1.11e-19 1.15906
64442 58.18 48.44 1.26e-19 1.16885
63119 -95.35 67.98 1.28e-19 1.16957
63125 -90.61 68.69 1.36e-19 1.17421
63377 68.74 63.99 1.81e-19 1.18967
64544 53.49 54.84 1.64e-19 1.18531
64187 23.29 43.52 1.30e-19 1.17125
64325 -18.58 49.61 1.44e-19 1.17782
63776 -159.50 74.00 1.24e-19 1.16720
64181 15.00 44.00 1.34e-19 1.17322
64178 10.84 43.88 1.33e-19 1.17276
64184 19.16 43.88 1.33e-19 1.17276
64013 -159.50 88.00 1.92e-19 1.19072
64250 37.26 46.89 1.41e-19 1.17629
64253 41.20 45.58 1.30e-19 1.17094
64073 20.50 54.00 1.84e-19 1.19005
64070 20.50 56.00 1.91e-19 1.19071
65246 94.74 71.70 1.76e-19 1.18876
65492 179.69 78.56 1.50e-19 1.18011
65243 91.92 74.59 1.87e-19 1.19038
65495 166.50 77.35 1.47e-19 1.17913
64076 20.50 52.00 1.75e-19 1.18846
65240 87.99 77.44 1.95e-19 1.19068
64208 23.74 46.51 1.47e-19 1.17917
64457 -27.42 52.92 1.50e-19 1.18032
65177 81.53 73.61 1.93e-19 1.19074
64166 11.03 40.88 1.17e-19 1.16301
64163 15.00 38.00 1.01e-19 1.15207
65171 67.87 78.68 2.07e-19 1.18793
64094 20.50 40.00 1.12e-19 1.15966
65174 75.89 76.23 2.01e-19 1.18992
64160 15.00 35.00 8.55e-20 1.13844
65387 -90.51 65.03 1.19e-19 1.16414
63257 -9.72 54.13 1.74e-19 1.18841
65297 96.36 83.93 1.98e-19 1.19047
63251 -11.73 55.69 1.79e-19 1.18945
65381 113.36 62.69 1.16e-19 1.16271
65384 113.42 59.64 1.01e-19 1.15222
65357 139.00 86.38 1.91e-19 1.19068
65348 -94.24 83.64 1.88e-19 1.19048
65351 -109.00 86.38 1.91e-19 1.19068
64091 20.50 42.00 1.23e-19 1.16674
65354 -165.00 88.00 1.92e-19 1.19072
63179 -48.39 68.69 1.85e-19 1.19023
63185 -43.65 67.98 1.88e-19 1.19051
63323 105.02 69.92 1.59e-19 1.18385
65342 -86.22 77.76 1.76e-19 1.18866
65345 -88.82 80.73 1.83e-19 1.18996
65339 -84.82 74.77 1.67e-19 1.18640
65045 15.00 77.00 2.11e-19 1.16563
65042 1.88 76.67 2.12e-19 1.16971
65039 -10.07 75.72 2.13e-19 1.17672
63407 54.89 57.20 1.72e-19 1.18774
65423 129.24 76.82 1.64e-19 1.18542
64823 52.08 59.16 1.83e-19 1.18983
65489 -165.00 79.00 1.51e-19 1.18070
64820 47.07 60.82 1.93e-19 1.19064
64967 -29.19 68.20 2.01e-19 1.18985
64964 -34.69 66.09 1.92e-19 1.19066
63401 57.23 58.68 1.75e-19 1.18870
63095 40.40 47.00 1.39e-19 1.17539
64961 -39.32 63.82 1.80e-19 1.18945
64958 -43.24 61.42 1.66e-19 1.18609
64826 56.57 57.31 1.71e-19 1.18744
65063 70.62 68.01 1.91e-19 1.19067
65126 84.80 64.32 1.62e-19 1.18491
65060 65.21 70.32 2.01e-19 1.19012
65123 81.58 67.01 1.76e-19 1.18862
65066 75.03 65.56 1.79e-19 1.18921
65120 77.61 69.63 1.88e-19 1.19049
64592 57.42 52.92 1.50e-19 1.18032
64499 49.14 56.59 1.76e-19 1.18862
65519 -154.87 72.69 1.17e-19 1.16280
65522 -165.00 73.00 1.18e-19 1.16367
65525 -175.13 72.69 1.17e-19 1.16280
63293 -0.15 44.10 1.31e-19 1.17134
64055 20.50 64.00 2.11e-19 1.18418
64052 20.50 66.00 2.13e-19 1.18028
64466 -14.37 58.15 1.87e-19 1.19040
64049 20.50 68.00 2.13e-19 1.17553
64463 -19.14 56.59 1.76e-19 1.18862
64460 -23.49 54.84 1.64e-19 1.18531
64889 60.17 59.65 1.76e-19 1.18868
64895 67.82 55.26 1.47e-19 1.17889
64892 64.24 57.52 1.62e-19 1.18480
65225 -22.03 85.01 2.08e-19 1.18749
64376 58.87 43.83 1.01e-19 1.15223
64004 -159.50 82.00 1.66e-19 1.18616
64370 52.30 47.83 1.30e-19 1.17084
64007 -159.50 84.00 1.76e-19 1.18860
64373 55.72 45.90 1.16e-19 1.16247
64229 5.74 49.49 1.62e-19 1.18488
64235 15.00 50.00 1.66e-19 1.18612
64232 10.34 49.87 1.65e-19 1.18575
64109 -154.30 85.50 1.82e-19 1.18986
64115 -154.30 83.50 1.74e-19 1.18814
64112 -154.30 84.50 1.78e-19 1.18912
63809 -159.50 76.00 1.35e-19 1.17332
64283 15.00 53.00 1.80e-19 1.18947
64280 10.03 52.87 1.79e-19 1.18941
64286 19.97 52.87 1.79e-19 1.18941
65312 105.25 69.00 1.55e-19 1.18227
65315 106.03 66.00 1.41e-19 1.17654
65309 104.36 72.00 1.67e-19 1.18647
65306 103.29 74.99 1.78e-19 1.18903
65198 -70.10 62.89 1.35e-19 1.17318
65201 -68.64 65.84 1.50e-19 1.18024
65204 -66.90 68.78 1.64e-19 1.18544
65207 -64.74 71.70 1.76e-19 1.18876
65300 99.91 80.96 1.93e-19 1.19069
65303 101.91 77.98 1.87e-19 1.19038
65078 -54.80 64.32 1.62e-19 1.18491
65081 -51.58 67.01 1.76e-19 1.18862
65411 -165.00 85.00 1.80e-19 1.18947
65084 -47.61 69.63 1.88e-19 1.19049
65087 -42.61 72.15 1.98e-19 1.19046
64859 -7.85 66.25 2.10e-19 1.18532
64865 7.04 67.80 2.13e-19 1.17672
65417 145.34 82.12 1.76e-19 1.18872
63329 99.62 69.66 1.64e-19 1.18538
63335 94.39 69.25 1.68e-19 1.18679
63449 43.95 47.55 1.38e-19 1.17503
63455 42.51 45.84 1.31e-19 1.17131
64994 52.64 70.09 2.08e-19 1.18693
64988 35.87 72.94 2.13e-19 1.17484
64991 44.88 71.70 2.12e-19 1.18195
63215 -24.50 62.76 1.92e-19 1.19067
65153 -37.87 78.68 2.07e-19 1.18793
64997 59.19 68.20 2.01e-19 1.18985
63209 -27.74 63.99 1.93e-19 1.19072
64934 40.90 69.01 2.12e-19 1.18291
64016 14.04 90.00 1.99e-19 1.19040
64931 32.88 70.09 2.13e-19 1.17672
63431 48.85 52.53 1.58e-19 1.18353
64928 24.14 70.77 2.12e-19 1.16970
64010 -159.50 86.00 1.84e-19 1.19012
63473 -159.50 70.00 1.02e-19 1.15225
64937 48.05 67.59 2.08e-19 1.18745
63437 47.11 50.90 1.52e-19 1.18121
65132 -65.42 59.53 1.26e-19 1.16833
65135 -63.62 62.41 1.42e-19 1.17658
65129 87.47 61.57 1.47e-19 1.17902
64772 64.20 48.66 1.19e-19 1.16434
64775 -37.39 50.87 1.26e-19 1.16865
64415 15.00 59.00 2.01e-19 1.18989
64412 9.19 58.85 2.01e-19 1.19010
64409 3.49 58.40 1.98e-19 1.19050
63137 -80.38 69.66 1.52e-19 1.18090
63131 -85.61 69.25 1.44e-19 1.17778
64316 -22.30 47.83 1.30e-19 1.17084
64313 -25.72 45.90 1.16e-19 1.16247
64310 -28.87 43.83 1.01e-19 1.15223
63155 -64.02 69.92 1.71e-19 1.18763
63149 -69.50 70.00 1.65e-19 1.18587
64259 -20.22 45.15 1.19e-19 1.16417
64265 -12.75 48.42 1.44e-19 1.17780
64262 -16.62 46.88 1.32e-19 1.17205
65327 -83.36 62.69 1.16e-19 1.16271
57281 15.00 -74.00 -5.65e-21 -0.00565
64100 -154.30 88.50 1.94e-19 1.19073
64103 -154.30 87.50 1.90e-19 1.19067
65237 82.04 80.22 2.01e-19 1.18994
65234 71.87 82.83 2.05e-19 1.18865
64106 -154.30 86.50 1.86e-19 1.19038
65231 52.03 85.01 2.08e-19 1.18749
65228 15.00 86.00 2.08e-19 1.18697
65267 -76.03 66.00 1.41e-19 1.17654
64088 20.50 44.00 1.34e-19 1.17292
64193 2.01 45.89 1.42e-19 1.17655
64190 -2.11 45.05 1.35e-19 1.17342
64157 -154.30 77.50 1.43e-19 1.17753
64154 -154.30 71.50 1.10e-19 1.15872
64151 -154.30 72.50 1.16e-19 1.16242
64148 -154.30 73.50 1.21e-19 1.16590
64196 6.26 46.51 1.47e-19 1.17917
64982 15.00 74.00 2.05e-19 1.15433
64985 25.77 73.73 2.11e-19 1.16564
65369 114.82 74.77 1.67e-19 1.18640
64979 4.23 73.73 2.11e-19 1.16564
65375 113.60 68.75 1.44e-19 1.17791
65372 114.03 71.77 1.56e-19 1.18305
65366 116.22 77.76 1.76e-19 1.18866
65360 124.24 83.64 1.88e-19 1.19048
65363 118.82 80.73 1.83e-19 1.18996
65459 174.45 81.43 1.65e-19 1.18592
65462 158.42 79.90 1.62e-19 1.18485
65465 147.41 77.77 1.57e-19 1.18313
63173 -53.39 69.25 1.81e-19 1.18962
65036 -20.23 74.26 2.12e-19 1.18291
65270 -75.25 69.00 1.55e-19 1.18227
65273 -74.36 72.00 1.67e-19 1.18647
64952 71.94 57.20 1.50e-19 1.18023
65276 -73.29 74.99 1.78e-19 1.18903
65030 -35.21 70.32 2.01e-19 1.19012
65033 -28.52 72.43 2.08e-19 1.18748
64808 22.07 64.82 2.12e-19 1.18292
64811 28.94 64.29 2.10e-19 1.18531
65501 148.54 73.33 1.35e-19 1.17326
63353 80.22 67.15 1.78e-19 1.18916
64817 41.53 62.26 2.01e-19 1.18999
63389 62.51 61.46 1.80e-19 1.18941
63395 59.77 60.10 1.78e-19 1.18912
65507 -152.81 75.64 1.33e-19 1.17251
65054 50.23 74.26 2.12e-19 1.18291
65096 -16.27 78.38 2.13e-19 1.18092
65051 40.07 75.72 2.13e-19 1.17672
65048 28.12 76.67 2.12e-19 1.16971
65090 -36.13 74.51 2.05e-19 1.18864
65093 -27.58 76.63 2.10e-19 1.18528
65057 58.52 72.43 2.08e-19 1.18748
64496 44.37 58.15 1.87e-19 1.19040
64490 33.56 60.56 2.01e-19 1.18998
64493 39.17 59.48 1.95e-19 1.19067
63305 121.38 69.66 1.40e-19 1.17566
63299 126.61 69.25 1.32e-19 1.17213
64058 20.50 62.00 2.08e-19 1.18718
64061 20.50 60.00 2.04e-19 1.18928
64067 20.50 58.00 1.98e-19 1.19045
64802 7.93 64.82 2.12e-19 1.18292
64805 15.00 65.00 2.12e-19 1.18195
64799 1.06 64.29 2.10e-19 1.18531
64907 -29.72 63.95 1.91e-19 1.19071
64904 -34.39 61.83 1.79e-19 1.18923
64898 -41.94 57.20 1.50e-19 1.18023
64901 -38.43 59.57 1.65e-19 1.18571
64829 60.59 55.29 1.57e-19 1.18297
64379 -31.37 46.31 1.11e-19 1.15906
64367 48.58 49.61 1.44e-19 1.17782
64364 44.55 51.21 1.56e-19 1.18299
64361 40.23 52.61 1.67e-19 1.18641
64358 35.61 53.80 1.76e-19 1.18882
63371 72.27 65.14 1.81e-19 1.18962
63101 -146.50 74.10 1.26e-19 1.16878
63107 41.70 76.00 2.13e-19 1.17775
63968 -159.50 80.00 1.56e-19 1.18280
64343 9.65 55.86 1.91e-19 1.19073
63365 76.09 66.19 1.80e-19 1.18933
64247 33.10 47.99 1.50e-19 1.18040
64340 4.38 55.44 1.88e-19 1.19060
64244 28.75 48.86 1.57e-19 1.18318
64238 19.66 49.87 1.65e-19 1.18575
64346 15.00 56.00 1.92e-19 1.19072
64241 24.26 49.49 1.62e-19 1.18488
64268 -8.62 49.77 1.55e-19 1.18231
64271 -4.25 50.90 1.64e-19 1.18524
64274 0.34 51.81 1.71e-19 1.18748
64277 5.12 52.47 1.76e-19 1.18878
65264 -76.74 62.99 1.26e-19 1.16883
65261 -77.40 59.97 1.11e-19 1.15905
65258 101.35 59.93 1.19e-19 1.16432
65324 -83.42 59.64 1.01e-19 1.15222
65321 107.40 59.97 1.11e-19 1.15905
65318 106.74 62.99 1.26e-19 1.16883
64145 -154.30 74.50 1.27e-19 1.16914
65189 93.62 62.41 1.42e-19 1.17658
65195 -71.35 59.93 1.19e-19 1.16432
64139 -154.30 76.50 1.38e-19 1.17496
65441 -105.01 72.61 1.41e-19 1.17644
65438 -101.49 69.80 1.30e-19 1.17107
65444 -110.04 75.29 1.50e-19 1.18030
65447 -117.41 77.77 1.57e-19 1.18313
63341 89.39 68.69 1.72e-19 1.18788
63347 84.65 67.98 1.75e-19 1.18858
65018 -45.03 65.56 1.79e-19 1.18921
65027 -40.62 68.01 1.91e-19 1.19067
65159 -8.31 82.40 2.12e-19 1.18292
63239 -16.23 58.68 1.87e-19 1.19052
63245 -13.89 57.20 1.83e-19 1.18994
65165 38.31 82.40 2.12e-19 1.18292
63419 50.72 54.13 1.64e-19 1.18546
64943 59.72 63.95 1.91e-19 1.19071
64946 64.39 61.83 1.79e-19 1.18923
64847 -30.17 59.65 1.76e-19 1.18868
65141 -58.92 68.10 1.71e-19 1.18739
65138 -61.49 65.27 1.57e-19 1.18300
64838 67.39 50.87 1.26e-19 1.16865
64841 -37.82 55.26 1.47e-19 1.17889
64844 -34.24 57.52 1.62e-19 1.18480
64478 8.63 61.84 2.08e-19 1.18750
64481 15.00 62.00 2.08e-19 1.18697
64484 21.37 61.84 2.08e-19 1.18750
64487 27.59 61.35 2.05e-19 1.18866
64421 26.51 58.40 1.98e-19 1.19050
64424 32.00 57.66 1.93e-19 1.19070
64853 -20.33 63.41 1.98e-19 1.19045
64850 -25.56 61.63 1.88e-19 1.19061
64856 -14.43 64.97 2.05e-19 1.18869
63143 -74.98 69.92 1.59e-19 1.18387
64307 50.22 45.15 1.19e-19 1.16417
64298 38.62 49.77 1.55e-19 1.18231
64301 42.75 48.42 1.44e-19 1.17780
64304 46.62 46.88 1.32e-19 1.17205
64874 30.65 67.20 2.13e-19 1.18090
64868 15.00 68.00 2.13e-19 1.17484
64871 22.96 67.80 2.13e-19 1.17672
64877 37.85 66.25 2.10e-19 1.18532
64022 20.50 86.00 2.08e-19 1.18700
64025 20.50 84.00 2.11e-19 1.18394
64397 -16.66 53.94 1.67e-19 1.18658
64019 20.50 88.00 2.04e-19 1.18916
64394 -20.85 52.27 1.55e-19 1.18227
64388 -28.18 48.44 1.26e-19 1.16885
64391 -24.68 50.43 1.41e-19 1.17643
64214 32.11 45.05 1.35e-19 1.17342
64097 -154.30 89.50 1.97e-19 1.19057
64211 27.99 45.89 1.42e-19 1.17655
65219 -52.04 80.22 2.01e-19 1.18994
64217 -11.20 45.58 1.30e-19 1.17094
65222 -41.87 82.83 2.05e-19 1.18865
64427 37.23 56.66 1.87e-19 1.19044
64199 10.61 46.88 1.50e-19 1.18046
64202 15.00 47.00 1.51e-19 1.18070
64205 19.39 46.88 1.50e-19 1.18046
64976 -5.87 72.94 2.13e-19 1.17484
64973 -14.88 71.70 2.12e-19 1.18195
64970 -22.64 70.09 2.08e-19 1.18693
65450 -128.42 79.90 1.62e-19 1.18485
65453 -144.45 81.43 1.65e-19 1.18592
65162 15.00 83.00 2.12e-19 1.18195
63203 -31.27 65.14 1.93e-19 1.19074
65279 -71.91 77.98 1.87e-19 1.19038
65285 -66.36 83.93 1.98e-19 1.19047
65282 -69.91 80.96 1.93e-19 1.19069
65471 135.01 72.61 1.41e-19 1.17644
65468 140.04 75.29 1.50e-19 1.18030
65474 131.49 69.80 1.30e-19 1.17107
65477 -118.54 73.33 1.35e-19 1.17326
62993 15.00 -90.00 -1.41e-20 -0.01415
64940 54.30 65.88 2.01e-19 1.19005
65099 -1.81 79.57 2.13e-19 1.17672
65105 31.81 79.57 2.13e-19 1.17672
65102 15.00 80.00 2.13e-19 1.17484
64688 60.98 50.85 1.35e-19 1.17321
65405 -115.34 82.12 1.76e-19 1.18872
65402 -105.13 79.58 1.71e-19 1.18747
65399 -99.24 76.82 1.64e-19 1.18542
63269 -6.11 50.90 1.62e-19 1.18489
63275 -4.48 49.24 1.55e-19 1.18241
64037 20.50 76.00 2.10e-19 1.16372
64034 20.50 78.00 2.12e-19 1.16960
64028 20.50 82.00 2.13e-19 1.17998
64031 20.50 80.00 2.13e-19 1.17516
64916 -10.90 69.01 2.12e-19 1.18291
64793 -11.53 62.26 2.01e-19 1.18999
64790 -17.07 60.82 1.93e-19 1.19064
64910 -24.30 65.88 2.01e-19 1.19005
64913 -18.05 67.59 2.08e-19 1.18745
64796 -5.47 63.42 2.07e-19 1.18790
65144 -55.70 70.89 1.83e-19 1.19002
64430 42.12 55.41 1.78e-19 1.18915
64433 46.66 53.94 1.67e-19 1.18658
64349 20.35 55.86 1.91e-19 1.19073
64352 25.62 55.44 1.88e-19 1.19060
64355 30.72 54.74 1.83e-19 1.18986
63383 65.50 62.76 1.81e-19 1.18954
63113 -138.30 76.00 1.39e-19 1.17548
64436 50.85 52.27 1.55e-19 1.18227
64334 -5.61 53.80 1.76e-19 1.18882
65504 -141.78 74.62 1.30e-19 1.17090
64331 -10.23 52.61 1.67e-19 1.18641
64328 -14.55 51.21 1.56e-19 1.18299
64169 15.00 41.00 1.18e-19 1.16367
64172 18.97 40.88 1.17e-19 1.16301
64175 6.71 43.52 1.30e-19 1.17125
64337 -0.72 54.74 1.83e-19 1.18986
64814 35.47 63.42 2.07e-19 1.18790
65147 -51.53 73.61 1.93e-19 1.19074
65249 96.90 68.78 1.64e-19 1.18544
64085 20.50 46.00 1.45e-19 1.17818
65336 -84.03 71.77 1.56e-19 1.18305
65252 98.64 65.84 1.50e-19 1.18024
65255 100.10 62.89 1.35e-19 1.17318
65330 -83.40 65.72 1.30e-19 1.17103
65333 -83.60 68.75 1.44e-19 1.17791
64418 20.81 58.85 2.01e-19 1.19010
64133 -154.30 79.50 1.54e-19 1.18198
65186 91.49 65.27 1.57e-19 1.18300
64136 -154.30 78.50 1.49e-19 1.17987
65183 88.92 68.10 1.71e-19 1.18739
65180 85.70 70.89 1.83e-19 1.19002
65192 95.42 59.53 1.26e-19 1.16833
65414 164.13 84.15 1.79e-19 1.18941
65432 121.61 68.04 1.32e-19 1.17188
65435 120.51 65.03 1.19e-19 1.16414
63263 -7.85 52.53 1.69e-19 1.18685
65429 123.21 71.02 1.44e-19 1.17802
65408 -134.13 84.15 1.79e-19 1.18941
63317 110.50 70.00 1.53e-19 1.18157
63311 115.98 69.92 1.47e-19 1.17913
65009 76.59 58.92 1.51e-19 1.18051
65015 -48.69 63.02 1.65e-19 1.18593
65012 -51.77 60.39 1.50e-19 1.18017
65528 -165.00 70.00 1.01e-19 1.15207
65531 -165.00 67.00 8.55e-20 1.13844
63413 52.73 55.69 1.68e-19 1.18688
64955 -46.59 58.92 1.51e-19 1.18051
64949 68.43 59.57 1.65e-19 1.18571
65111 57.58 76.63 2.10e-19 1.18528
65168 55.98 80.83 2.10e-19 1.18528
65108 46.27 78.38 2.13e-19 1.18092
65114 66.13 74.51 2.05e-19 1.18864
65117 72.61 72.15 1.98e-19 1.19046
64862 -0.65 67.20 2.13e-19 1.18090
64835 64.18 53.14 1.42e-19 1.17686
65456 -165.00 82.00 1.66e-19 1.18612
64469 -9.17 59.48 1.95e-19 1.19067
64475 2.41 61.35 2.05e-19 1.18866
64472 -3.56 60.56 2.01e-19 1.18998
65513 -177.19 75.64 1.33e-19 1.17251
65510 -165.00 76.00 1.34e-19 1.17322
65516 171.78 74.62 1.30e-19 1.17090
64451 -34.20 48.66 1.19e-19 1.16434
64454 -30.98 50.85 1.35e-19 1.17321
63905 -159.50 78.00 1.45e-19 1.17852
64289 24.88 52.47 1.76e-19 1.18878
64295 34.25 50.90 1.64e-19 1.18524
64292 29.66 51.81 1.71e-19 1.18748
64883 50.33 63.41 1.98e-19 1.19045
64880 44.43 64.97 2.05e-19 1.18869
65498 156.21 75.54 1.42e-19 1.17671
63584 -159.50 72.00 1.13e-19 1.16018
64886 55.56 61.63 1.88e-19 1.19061
64406 -2.00 57.66 1.93e-19 1.19070
65378 113.40 65.72 1.30e-19 1.17103
64403 -7.23 56.66 1.87e-19 1.19044
64400 -12.12 55.41 1.78e-19 1.18915
64223 -3.10 47.99 1.50e-19 1.18040
64220 -7.26 46.89 1.41e-19 1.17629
64118 -154.30 82.50 1.69e-19 1.18695
64121 -154.30 81.50 1.64e-19 1.18552
64226 1.25 48.86 1.57e-19 1.18318
64124 -154.30 80.50 1.59e-19 1.18386
63161 -58.62 69.66 1.76e-19 1.18871
