65006 73.24 61.42 1.45e-19 1.03854
65000 64.69 66.09 1.60e-19 0.99347
65003 69.32 63.82 1.53e-19 1.01117
63197 -35.09 66.19 1.60e-19 0.99362
64142 -154.30 75.50 1.28e-19 1.13243
63191 -39.22 67.15 1.59e-19 0.99577
65213 -57.99 77.44 1.62e-19 0.99002
65210 -61.92 74.59 1.57e-19 1.00050
65294 86.94 86.84 1.66e-19 0.98559
65291 15.00 89.00 1.67e-19 0.98513
65288 -56.94 86.84 1.66e-19 0.98559
65075 -57.47 61.57 1.35e-19 1.08783
62987 15.00 -74.00 -2.01e-19 -0.20111
65072 81.77 60.39 1.37e-19 1.07913
65486 -149.69 78.56 1.37e-19 1.07910
65069 78.69 63.02 1.45e-19 1.04092
65420 135.13 79.58 1.48e-19 1.02850
62981 15.00 -90.00 -2.05e-19 -0.20462
65483 -136.50 77.35 1.35e-19 1.08789
65156 -25.98 80.83 1.75e-19 0.98862
65426 125.59 73.95 1.39e-19 1.06571
65480 -126.21 75.54 1.33e-19 1.10275
63281 -2.95 47.55 1.36e-19 1.08504
63287 -1.51 45.84 1.31e-19 1.10979
65150 -45.89 76.23 1.67e-19 0.98522
65390 -91.61 68.04 1.28e-19 1.13407
63227 -18.77 60.10 1.59e-19 0.99651
65393 -93.21 71.02 1.34e-19 1.09539
65396 -95.59 73.95 1.39e-19 1.06571
63221 -21.51 61.46 1.60e-19 0.99410
63443 45.48 49.24 1.35e-19 1.09090
64046 20.50 70.00 1.87e-19 1.03079
64082 20.50 48.00 1.40e-19 1.06402
64043 20.50 72.00 1.90e-19 1.05085
64040 20.50 74.00 1.91e-19 1.06458
64781 -30.59 55.29 1.40e-19 1.06035
64778 -34.18 53.14 1.33e-19 1.10283
64784 -26.57 57.31 1.48e-19 1.02849
64079 20.50 50.00 1.45e-19 1.03981
64787 -22.08 59.16 1.55e-19 1.00589
64919 -2.88 70.09 1.83e-19 1.00994
64925 15.00 71.00 1.89e-19 1.04557
64922 5.86 70.77 1.87e-19 1.03180
64439 54.68 50.43 1.32e-19 1.10487
64445 61.37 46.31 1.16e-19 1.21789
64442 58.18 48.44 1.25e-19 1.15511
63119 -95.35 67.98 1.25e-19 1.14913
63125 -90.61 68.69 1.30e-19 1.12040
63377 68.74 63.99 1.54e-19 1.00903
64544 53.49 54.84 1.44e-19 1.04379
64187 23.29 43.52 1.27e-19 1.13929
64325 -18.58 49.61 1.34e-19 1.09529
63776 -159.50 74.00 1.23e-19 1.16460
64181 15.00 44.00 1.29e-19 1.12561
64178 10.84 43.88 1.28e-19 1.12900
64184 19.16 43.88 1.28e-19 1.12900
64013 -159.50 88.00 1.60e-19 0.99347
64250 37.26 46.89 1.32e-19 1.10479
64253 41.20 45.58 1.27e-19 1.13913
64073 20.50 54.00 1.55e-19 1.00504
64070 20.50 56.00 1.60e-19 0.99408
65246 94.74 71.70 1.51e-19 1.01809
65492 179.69 78.56 1.37e-19 1.07910
65243 91.92 74.59 1.57e-19 1.00050
65495 166.50 77.35 1.35e-19 1.08789
64076 20.50 52.00 1.50e-19 1.02022
65240 87.99 77.44 1.62e-19 0.99002
64208 23.74 46.51 1.35e-19 1.08791
64457 -27.42 52.92 1.37e-19 1.07901
65177 81.53 73.61 1.61e-19 0.99188
64166 11.03 40.88 1.20e-19 1.19150
64163 15.00 38.00 1.11e-19 1.26385
65171 67.87 78.68 1.71e-19 0.98481
64094 20.50 40.00 1.17e-19 1.21377
65174 75.89 76.23 1.67e-19 0.98522
64160 15.00 35.00 1.02e-19 1.35634
65387 -90.51 65.03 1.21e-19 1.18353
63257 -9.72 54.13 1.50e-19 1.02126
65297 96.36 83.93 1.64e-19 0.98740
63251 -11.73 55.69 1.53e-19 1.01222
65381 113.36 62.69 1.19e-19 1.19486
65384 113.42 59.64 1.11e-19 1.26394
65357 139.00 86.38 1.59e-19 0.99468
65348 -94.24 83.64 1.58e-19 0.99853
65351 -109.00 86.38 1.59e-19 0.99468
64091 20.50 42.00 1.23e-19 1.16760
65354 -165.00 88.00 1.60e-19 0.99351
63179 -48.39 68.69 1.56e-19 1.00351
63185 -43.65 67.98 1.57e-19 0.99894
63323 105.02 69.92 1.41e-19 1.05586
65342 -86.22 77.76 1.51e-19 1.01803
65345 -88.82 80.73 1.55e-19 1.00596
65339 -84.82 74.77 1.46e-19 1.03609
65045 15.00 77.00 1.89e-19 1.04557
65042 1.88 76.67 1.87e-19 1.03178
65039 -10.07 75.72 1.83e-19 1.00996
63407 54.89 57.20 1.49e-19 1.02533
65423 129.24 76.82 1.44e-19 1.04385
64823 52.08 59.16 1.55e-19 1.00589
65489 -165.00 79.00 1.37e-19 1.07637
64820 47.07 60.82 1.61e-19 0.99181
64967 -29.19 68.20 1.67e-19 0.98510
64964 -34.69 66.09 1.60e-19 0.99347
63401 57.23 58.68 1.50e-19 1.01916
63095 40.40 47.00 1.31e-19 1.11147
64961 -39.32 63.82 1.53e-19 1.01117
64958 -43.24 61.42 1.45e-19 1.03854
64826 56.57 57.31 1.48e-19 1.02849
65063 70.62 68.01 1.59e-19 0.99468
65126 84.80 64.32 1.43e-19 1.04800
65060 65.21 70.32 1.66e-19 0.98561
65123 81.58 67.01 1.51e-19 1.01848
65066 75.03 65.56 1.52e-19 1.01291
65120 77.61 69.63 1.58e-19 0.99854
64592 57.42 52.92 1.37e-19 1.07901
64499 49.14 56.59 1.51e-19 1.01801
65519 -154.87 72.69 1.20e-19 1.19139
65522 -165.00 73.00 1.20e-19 1.18757
65525 -175.13 72.69 1.20e-19 1.19139
63293 -0.15 44.10 1.27e-19 1.13862
64055 20.50 64.00 1.77e-19 0.99083
64052 20.50 66.00 1.80e-19 1.00011
64466 -14.37 58.15 1.57e-19 1.00052
64049 20.50 68.00 1.84e-19 1.01348
64463 -19.14 56.59 1.51e-19 1.01801
64460 -23.49 54.84 1.44e-19 1.04379
64889 60.17 59.65 1.51e-19 1.01852
64895 67.82 55.26 1.35e-19 1.08777
64892 64.24 57.52 1.43e-19 1.04795
65225 -22.03 85.01 1.72e-19 0.98532
64376 58.87 43.83 1.11e-19 1.26394
64004 -159.50 82.00 1.45e-19 1.03829
64370 52.30 47.83 1.27e-19 1.13907
64007 -159.50 84.00 1.50e-19 1.01902
64373 55.72 45.90 1.19e-19 1.19473
64229 5.74 49.49 1.43e-19 1.04799
64235 15.00 50.00 1.45e-19 1.03856
64232 10.34 49.87 1.45e-19 1.04083
64109 -154.30 85.50 1.54e-19 1.00714
64115 -154.30 83.50 1.49e-19 1.02288
64112 -154.30 84.50 1.52e-19 1.01447
63809 -159.50 76.00 1.29e-19 1.12496
64283 15.00 53.00 1.53e-19 1.01117
64280 10.03 52.87 1.52e-19 1.01302
64286 19.97 52.87 1.52e-19 1.01302
65312 105.25 69.00 1.39e-19 1.06569
65315 106.03 66.00 1.32e-19 1.10492
65309 104.36 72.00 1.46e-19 1.03613
65306 103.29 74.99 1.52e-19 1.01479
65198 -70.10 62.89 1.29e-19 1.12472
65201 -68.64 65.84 1.37e-19 1.07896
65204 -66.90 68.78 1.44e-19 1.04386
65207 -64.74 71.70 1.51e-19 1.01809
65300 99.91 80.96 1.61e-19 0.99185
65303 101.91 77.98 1.57e-19 1.00050
65078 -54.80 64.32 1.43e-19 1.04800
65081 -51.58 67.01 1.51e-19 1.01848
65411 -165.00 85.00 1.53e-19 1.01117
65084 -47.61 69.63 1.58e-19 0.99854
65087 -42.61 72.15 1.64e-19 0.98739
64859 -7.85 66.25 1.75e-19 0.98867
64865 7.04 67.80 1.83e-19 1.00998
65417 145.34 82.12 1.51e-19 1.01854
63329 99.62 69.66 1.44e-19 1.04351
63335 94.39 69.25 1.47e-19 1.03354
63449 43.95 47.55 1.31e-19 1.11291
63455 42.51 45.84 1.27e-19 1.13884
64994 52.64 70.09 1.73e-19 0.98585
64988 35.87 72.94 1.84e-19 1.01555
64991 44.88 71.70 1.79e-19 0.99589
63215 -24.50 62.76 1.60e-19 0.99270
65153 -37.87 78.68 1.71e-19 0.98481
64997 59.19 68.20 1.67e-19 0.98510
63209 -27.74 63.99 1.61e-19 0.99223
64934 40.90 69.01 1.78e-19 0.99356
64016 14.04 90.00 1.65e-19 0.98691
64931 32.88 70.09 1.83e-19 1.00994
63431 48.85 52.53 1.41e-19 1.05673
64928 24.14 70.77 1.87e-19 1.03180
64010 -159.50 86.00 1.55e-19 1.00414
63473 -159.50 70.00 1.11e-19 1.26267
64937 48.05 67.59 1.72e-19 0.98528
63437 47.11 50.90 1.38e-19 1.07227
65132 -65.42 59.53 1.24e-19 1.15682
65135 -63.62 62.41 1.33e-19 1.10268
65129 87.47 61.57 1.35e-19 1.08783
64772 64.20 48.66 1.21e-19 1.18266
64775 -37.39 50.87 1.24e-19 1.15699
64415 15.00 59.00 1.67e-19 0.98513
64412 9.19 58.85 1.66e-19 0.98559
64409 3.49 58.40 1.64e-19 0.98742
63137 -80.38 69.66 1.38e-19 1.07381
63131 -85.61 69.25 1.34e-19 1.09530
64316 -22.30 47.83 1.27e-19 1.13907
64313 -25.72 45.90 1.19e-19 1.19473
64310 -28.87 43.83 1.11e-19 1.26394
63155 -64.02 69.92 1.48e-19 1.02790
63149 -69.50 70.00 1.45e-19 1.04043
64259 -20.22 45.15 1.21e-19 1.18354
64265 -12.75 48.42 1.34e-19 1.09528
64262 -16.62 46.88 1.28e-19 1.13416
65327 -83.36 62.69 1.19e-19 1.19486
57281 15.00 -74.00 -2.01e-19 -0.20111
64100 -154.30 88.50 1.61e-19 0.99138
64103 -154.30 87.50 1.59e-19 0.99562
65237 82.04 80.22 1.67e-19 0.98524
65234 71.87 82.83 1.70e-19 0.98438
64106 -154.30 86.50 1.57e-19 1.00086
65231 52.03 85.01 1.72e-19 0.98532
65228 15.00 86.00 1.73e-19 0.98589
65267 -76.03 66.00 1.32e-19 1.10492
64088 20.50 44.00 1.29e-19 1.12754
64193 2.01 45.89 1.33e-19 1.10267
64190 -2.11 45.05 1.29e-19 1.12484
64157 -154.30 77.50 1.34e-19 1.09745
64154 -154.30 71.50 1.16e-19 1.21991
64151 -154.30 72.50 1.19e-19 1.19570
64148 -154.30 73.50 1.22e-19 1.17309
64196 6.26 46.51 1.35e-19 1.08791
64982 15.00 74.00 1.93e-19 1.08707
64985 25.77 73.73 1.89e-19 1.04556
65369 114.82 74.77 1.46e-19 1.03609
64979 4.23 73.73 1.89e-19 1.04556
65375 113.60 68.75 1.34e-19 1.09534
65372 114.03 71.77 1.40e-19 1.06149
65366 116.22 77.76 1.51e-19 1.01803
65360 124.24 83.64 1.58e-19 0.99853
65363 118.82 80.73 1.55e-19 1.00596
65459 174.45 81.43 1.45e-19 1.04092
65462 158.42 79.90 1.43e-19 1.04797
65465 147.41 77.77 1.40e-19 1.06043
63173 -53.39 69.25 1.53e-19 1.00964
65036 -20.23 74.26 1.78e-19 0.99357
65270 -75.25 69.00 1.39e-19 1.06569
65273 -74.36 72.00 1.46e-19 1.03613
64952 71.94 57.20 1.37e-19 1.07917
65276 -73.29 74.99 1.52e-19 1.01479
65030 -35.21 70.32 1.66e-19 0.98561
65033 -28.52 72.43 1.72e-19 0.98531
64808 22.07 64.82 1.78e-19 0.99359
64811 28.94 64.29 1.75e-19 0.98867
65501 148.54 73.33 1.29e-19 1.12476
63353 80.22 67.15 1.52e-19 1.01477
64817 41.53 62.26 1.67e-19 0.98528
63389 62.51 61.46 1.53e-19 1.01135
63395 59.77 60.10 1.52e-19 1.01450
65507 -152.81 75.64 1.28e-19 1.12887
65054 50.23 74.26 1.78e-19 0.99357
65096 -16.27 78.38 1.80e-19 0.99848
65051 40.07 75.72 1.83e-19 1.00996
65048 28.12 76.67 1.87e-19 1.03178
65090 -36.13 74.51 1.70e-19 0.98437
65093 -27.58 76.63 1.75e-19 0.98863
65057 58.52 72.43 1.72e-19 0.98531
64496 44.37 58.15 1.57e-19 1.00052
64490 33.56 60.56 1.67e-19 0.98527
64493 39.17 59.48 1.62e-19 0.99001
63305 121.38 69.66 1.32e-19 1.10832
63299 126.61 69.25 1.28e-19 1.13211
64058 20.50 62.00 1.73e-19 0.98561
64061 20.50 60.00 1.69e-19 0.98442
64067 20.50 58.00 1.64e-19 0.98724
64802 7.93 64.82 1.78e-19 0.99359
64805 15.00 65.00 1.79e-19 0.99589
64799 1.06 64.29 1.75e-19 0.98867
64907 -29.72 63.95 1.59e-19 0.99470
64904 -34.39 61.83 1.52e-19 1.01292
64898 -41.94 57.20 1.37e-19 1.07917
64901 -38.43 59.57 1.45e-19 1.04081
64829 60.59 55.29 1.40e-19 1.06035
64379 -31.37 46.31 1.16e-19 1.21789
64367 48.58 49.61 1.34e-19 1.09529
64364 44.55 51.21 1.40e-19 1.06146
64361 40.23 52.61 1.46e-19 1.03609
64358 35.61 53.80 1.51e-19 1.01812
63371 72.27 65.14 1.53e-19 1.00968
63101 -146.50 74.10 1.25e-19 1.15438
63107 41.70 76.00 1.82e-19 1.00701
63968 -159.50 80.00 1.40e-19 1.06217
64343 9.65 55.86 1.59e-19 0.99472
63365 76.09 66.19 1.53e-19 1.01150
64247 33.10 47.99 1.37e-19 1.07905
64340 4.38 55.44 1.58e-19 0.99861
64244 28.75 48.86 1.40e-19 1.06046
64238 19.66 49.87 1.45e-19 1.04083
64346 15.00 56.00 1.60e-19 0.99351
64241 24.26 49.49 1.43e-19 1.04799
64268 -8.62 49.77 1.39e-19 1.06571
64271 -4.25 50.90 1.44e-19 1.04376
64274 0.34 51.81 1.48e-19 1.02851
64277 5.12 52.47 1.51e-19 1.01857
65264 -76.74 62.99 1.25e-19 1.15510
65261 -77.40 59.97 1.16e-19 1.21789
65258 101.35 59.93 1.21e-19 1.18265
65324 -83.42 59.64 1.11e-19 1.26394
65321 107.40 59.97 1.16e-19 1.21789
65318 106.74 62.99 1.25e-19 1.15510
64145 -154.30 74.50 1.25e-19 1.15202
65189 93.62 62.41 1.33e-19 1.10268
65195 -71.35 59.93 1.21e-19 1.18265
64139 -154.30 76.50 1.31e-19 1.11426
65441 -105.01 72.61 1.32e-19 1.10487
65438 -101.49 69.80 1.27e-19 1.13919
65444 -110.04 75.29 1.37e-19 1.07899
65447 -117.41 77.77 1.40e-19 1.06043
63341 89.39 68.69 1.49e-19 1.02558
63347 84.65 67.98 1.50e-19 1.01934
65018 -45.03 65.56 1.52e-19 1.01291
65027 -40.62 68.01 1.59e-19 0.99468
65159 -8.31 82.40 1.78e-19 0.99358
63239 -16.23 58.68 1.57e-19 1.00017
63245 -13.89 57.20 1.55e-19 1.00519
65165 38.31 82.40 1.78e-19 0.99358
63419 50.72 54.13 1.44e-19 1.04399
64943 59.72 63.95 1.59e-19 0.99470
64946 64.39 61.83 1.52e-19 1.01292
64847 -30.17 59.65 1.51e-19 1.01852
65141 -58.92 68.10 1.48e-19 1.02846
65138 -61.49 65.27 1.40e-19 1.06037
64838 67.39 50.87 1.24e-19 1.15699
64841 -37.82 55.26 1.35e-19 1.08777
64844 -34.24 57.52 1.43e-19 1.04795
64478 8.63 61.84 1.72e-19 0.98533
64481 15.00 62.00 1.73e-19 0.98589
64484 21.37 61.84 1.72e-19 0.98533
64487 27.59 61.35 1.70e-19 0.98439
64421 26.51 58.40 1.64e-19 0.98742
64424 32.00 57.66 1.61e-19 0.99185
64853 -20.33 63.41 1.64e-19 0.98738
64850 -25.56 61.63 1.58e-19 0.99861
64856 -14.43 64.97 1.70e-19 0.98441
63143 -74.98 69.92 1.41e-19 1.05576
64307 50.22 45.15 1.21e-19 1.18354
64298 38.62 49.77 1.39e-19 1.06571
64301 42.75 48.42 1.34e-19 1.09528
64304 46.62 46.88 1.28e-19 1.13416
64874 30.65 67.20 1.80e-19 0.99844
64868 15.00 68.00 1.84e-19 1.01554
64871 22.96 67.80 1.83e-19 1.00998
64877 37.85 66.25 1.75e-19 0.98867
64022 20.50 86.00 1.73e-19 0.98585
64025 20.50 84.00 1.77e-19 0.99134
64397 -16.66 53.94 1.46e-19 1.03618
64019 20.50 88.00 1.69e-19 0.98437
64394 -20.85 52.27 1.39e-19 1.06569
64388 -28.18 48.44 1.25e-19 1.15511
64391 -24.68 50.43 1.32e-19 1.10487
64214 32.11 45.05 1.29e-19 1.12484
64097 -154.30 89.50 1.64e-19 0.98815
64211 27.99 45.89 1.33e-19 1.10267
65219 -52.04 80.22 1.67e-19 0.98524
64217 -11.20 45.58 1.27e-19 1.13913
65222 -41.87 82.83 1.70e-19 0.98438
64427 37.23 56.66 1.57e-19 1.00054
64199 10.61 46.88 1.37e-19 1.07928
64202 15.00 47.00 1.37e-19 1.07637
64205 19.39 46.88 1.37e-19 1.07928
64976 -5.87 72.94 1.84e-19 1.01555
64973 -14.88 71.70 1.79e-19 0.99589
64970 -22.64 70.09 1.73e-19 0.98585
65450 -128.42 79.90 1.43e-19 1.04797
65453 -144.45 81.43 1.45e-19 1.04092
65162 15.00 83.00 1.79e-19 0.99589
63203 -31.27 65.14 1.61e-19 0.99254
65279 -71.91 77.98 1.57e-19 1.00050
65285 -66.36 83.93 1.64e-19 0.98740
65282 -69.91 80.96 1.61e-19 0.99185
65471 135.01 72.61 1.32e-19 1.10487
65468 140.04 75.29 1.37e-19 1.07899
65474 131.49 69.80 1.27e-19 1.13919
65477 -118.54 73.33 1.29e-19 1.12476
62993 15.00 -90.00 -2.05e-19 -0.20462
64940 54.30 65.88 1.66e-19 0.98556
65099 -1.81 79.57 1.83e-19 1.00997
65105 31.81 79.57 1.83e-19 1.00997
65102 15.00 80.00 1.84e-19 1.01554
64688 60.98 50.85 1.29e-19 1.12473
65405 -115.34 82.12 1.51e-19 1.01854
65402 -105.13 79.58 1.48e-19 1.02850
65399 -99.24 76.82 1.44e-19 1.04385
63269 -6.11 50.90 1.43e-19 1.04691
63275 -4.48 49.24 1.40e-19 1.06427
64037 20.50 76.00 1.90e-19 1.05224
64034 20.50 78.00 1.87e-19 1.03213
64028 20.50 82.00 1.81e-19 1.00091
64031 20.50 80.00 1.84e-19 1.01456
64916 -10.90 69.01 1.78e-19 0.99356
64793 -11.53 62.26 1.67e-19 0.98528
64790 -17.07 60.82 1.61e-19 0.99181
64910 -24.30 65.88 1.66e-19 0.98556
64913 -18.05 67.59 1.72e-19 0.98528
64796 -5.47 63.42 1.71e-19 0.98478
65144 -55.70 70.89 1.55e-19 1.00599
64430 42.12 55.41 1.52e-19 1.01485
64433 46.66 53.94 1.46e-19 1.03618
64349 20.35 55.86 1.59e-19 0.99472
64352 25.62 55.44 1.58e-19 0.99861
64355 30.72 54.74 1.55e-19 1.00591
63383 65.50 62.76 1.53e-19 1.00954
63113 -138.30 76.00 1.31e-19 1.11086
64436 50.85 52.27 1.39e-19 1.06569
64334 -5.61 53.80 1.51e-19 1.01812
65504 -141.78 74.62 1.27e-19 1.13911
64331 -10.23 52.61 1.46e-19 1.03609
64328 -14.55 51.21 1.40e-19 1.06146
64169 15.00 41.00 1.20e-19 1.18757
64172 18.97 40.88 1.20e-19 1.19150
64175 6.71 43.52 1.27e-19 1.13929
64337 -0.72 54.74 1.55e-19 1.00591
64814 35.47 63.42 1.71e-19 0.98478
65147 -51.53 73.61 1.61e-19 0.99188
65249 96.90 68.78 1.44e-19 1.04386
64085 20.50 46.00 1.34e-19 1.09316
65336 -84.03 71.77 1.40e-19 1.06149
65252 98.64 65.84 1.37e-19 1.07896
65255 100.10 62.89 1.29e-19 1.12472
65330 -83.40 65.72 1.27e-19 1.13917
65333 -83.60 68.75 1.34e-19 1.09534
64418 20.81 58.85 1.66e-19 0.98559
64133 -154.30 79.50 1.39e-19 1.06776
65186 91.49 65.27 1.40e-19 1.06037
64136 -154.30 78.50 1.36e-19 1.08197
65183 88.92 68.10 1.48e-19 1.02846
65180 85.70 70.89 1.55e-19 1.00599
65192 95.42 59.53 1.24e-19 1.15682
65414 164.13 84.15 1.52e-19 1.01302
65432 121.61 68.04 1.28e-19 1.13407
65435 120.51 65.03 1.21e-19 1.18353
63263 -7.85 52.53 1.47e-19 1.03268
65429 123.21 71.02 1.34e-19 1.09539
65408 -134.13 84.15 1.52e-19 1.01302
63317 110.50 70.00 1.38e-19 1.07052
63311 115.98 69.92 1.35e-19 1.08805
65009 76.59 58.92 1.37e-19 1.07627
65015 -48.69 63.02 1.45e-19 1.04092
65012 -51.77 60.39 1.37e-19 1.07913
65528 -165.00 70.00 1.11e-19 1.26385
65531 -165.00 67.00 1.02e-19 1.35634
63413 52.73 55.69 1.47e-19 1.03363
64955 -46.59 58.92 1.37e-19 1.07627
64949 68.43 59.57 1.45e-19 1.04081
65111 57.58 76.63 1.75e-19 0.98863
65168 55.98 80.83 1.75e-19 0.98862
65108 46.27 78.38 1.80e-19 0.99848
65114 66.13 74.51 1.70e-19 0.98437
65117 72.61 72.15 1.64e-19 0.98739
64862 -0.65 67.20 1.80e-19 0.99844
64835 64.18 53.14 1.33e-19 1.10283
65456 -165.00 82.00 1.45e-19 1.03856
64469 -9.17 59.48 1.62e-19 0.99001
64475 2.41 61.35 1.70e-19 0.98439
64472 -3.56 60.56 1.67e-19 0.98527
65513 -177.19 75.64 1.28e-19 1.12887
65510 -165.00 76.00 1.29e-19 1.12561
65516 171.78 74.62 1.27e-19 1.13911
64451 -34.20 48.66 1.21e-19 1.18266
64454 -30.98 50.85 1.29e-19 1.12473
63905 -159.50 78.00 1.35e-19 1.09095
64289 24.88 52.47 1.51e-19 1.01857
64295 34.25 50.90 1.44e-19 1.04376
64292 29.66 51.81 1.48e-19 1.02851
64883 50.33 63.41 1.64e-19 0.98738
64880 44.43 64.97 1.70e-19 0.98441
65498 156.21 75.54 1.33e-19 1.10275
63584 -159.50 72.00 1.17e-19 1.21033
64886 55.56 61.63 1.58e-19 0.99861
64406 -2.00 57.66 1.61e-19 0.99185
65378 113.40 65.72 1.27e-19 1.13917
64403 -7.23 56.66 1.57e-19 1.00054
64400 -12.12 55.41 1.52e-19 1.01485
64223 -3.10 47.99 1.37e-19 1.07905
64220 -7.26 46.89 1.32e-19 1.10479
64118 -154.30 82.50 1.47e-19 1.03238
64121 -154.30 81.50 1.44e-19 1.04300
64226 1.25 48.86 1.40e-19 1.06046
64124 -154.30 80.50 1.42e-19 1.05479
63161 -58.62 69.66 1.51e-19 1.01765
