65006 73.24 61.42 1.79e-19 1.28219
65000 64.69 66.09 2.04e-19 1.26820
65003 69.32 63.82 1.93e-19 1.27723
63197 -35.09 66.19 2.04e-19 1.26832
64142 -154.30 75.50 1.45e-19 1.27956
63191 -39.22 67.15 2.03e-19 1.27004
65213 -57.99 77.44 2.07e-19 1.26477
65210 -61.92 74.59 2.00e-19 1.27290
65294 86.94 86.84 2.12e-19 1.25682
65291 15.00 89.00 2.13e-19 1.25528
65288 -56.94 86.84 2.12e-19 1.25682
65075 -57.47 61.57 1.59e-19 1.28284
62987 15.00 -74.00 3.67e-20 0.03669
65072 81.77 60.39 1.63e-19 1.28300
65486 -149.69 78.56 1.63e-19 1.28294
65069 78.69 63.02 1.78e-19 1.28254
65420 135.13 79.58 1.84e-19 1.28106
62981 15.00 -90.00 1.14e-19 0.11388
65483 -136.50 77.35 1.59e-19 1.28295
65156 -25.98 80.83 2.18e-19 1.23080
65426 125.59 73.95 1.68e-19 1.28336
65480 -126.21 75.54 1.54e-19 1.28197
63281 -2.95 47.55 1.60e-19 1.28280
63287 -1.51 45.84 1.52e-19 1.28162
65150 -45.89 76.23 2.12e-19 1.25567
65390 -91.61 68.04 1.44e-19 1.27937
63227 -18.77 60.10 2.02e-19 1.27053
65393 -93.21 71.02 1.57e-19 1.28261
65396 -95.59 73.95 1.68e-19 1.28336
63221 -21.51 61.46 2.04e-19 1.26873
63443 45.48 49.24 1.58e-19 1.28258
64046 20.50 70.00 2.13e-19 1.17780
64082 20.50 48.00 1.69e-19 1.28333
64043 20.50 72.00 2.09e-19 1.16031
64040 20.50 74.00 2.06e-19 1.14942
64781 -30.59 55.29 1.70e-19 1.28320
64778 -34.18 53.14 1.54e-19 1.28213
64784 -26.57 57.31 1.84e-19 1.28103
64079 20.50 50.00 1.79e-19 1.28234
64787 -22.08 59.16 1.96e-19 1.27528
64919 -2.88 70.09 2.17e-19 1.19917
64925 15.00 71.00 2.10e-19 1.16471
64922 5.86 70.77 2.13e-19 1.17686
64439 54.68 50.43 1.53e-19 1.28188
64445 61.37 46.31 1.21e-19 1.26924
64442 58.18 48.44 1.38e-19 1.27739
63119 -95.35 67.98 1.40e-19 1.27784
63125 -90.61 68.69 1.48e-19 1.28085
63377 68.74 63.99 1.94e-19 1.27653
64544 53.49 54.84 1.77e-19 1.28255
64187 23.29 43.52 1.42e-19 1.27904
64325 -18.58 49.61 1.57e-19 1.28240
63776 -159.50 74.00 1.35e-19 1.27611
64181 15.00 44.00 1.47e-19 1.28020
64178 10.84 43.88 1.46e-19 1.27995
64184 19.16 43.88 1.46e-19 1.27995
64013 -159.50 88.00 2.04e-19 1.26823
64250 37.26 46.89 1.53e-19 1.28173
64253 41.20 45.58 1.42e-19 1.27870
64073 20.50 54.00 1.97e-19 1.27504
64070 20.50 56.00 2.04e-19 1.26873
65246 94.74 71.70 1.89e-19 1.27914
65492 179.69 78.56 1.63e-19 1.28294
65243 91.92 74.59 2.00e-19 1.27290
65495 166.50 77.35 1.59e-19 1.28295
64076 20.50 52.00 1.88e-19 1.27957
65240 87.99 77.44 2.07e-19 1.26477
64208 23.74 46.51 1.59e-19 1.28300
64457 -27.42 52.92 1.63e-19 1.28314
65177 81.53 73.61 2.06e-19 1.26677
64166 11.03 40.88 1.28e-19 1.27272
64163 15.00 38.00 1.11e-19 1.26253
65171 67.87 78.68 2.16e-19 1.24314
64094 20.50 40.00 1.22e-19 1.26978
65174 75.89 76.23 2.12e-19 1.25567
64160 15.00 35.00 9.38e-20 1.24807
65387 -90.51 65.03 1.30e-19 1.27364
63257 -9.72 54.13 1.88e-19 1.27984
65297 96.36 83.93 2.10e-19 1.26098
63251 -11.73 55.69 1.93e-19 1.27763
65381 113.36 62.69 1.27e-19 1.27250
65384 113.42 59.64 1.11e-19 1.26269
65357 139.00 86.38 2.03e-19 1.26920
65348 -94.24 83.64 2.01e-19 1.27178
65351 -109.00 86.38 2.03e-19 1.26920
64091 20.50 42.00 1.34e-19 1.27576
65354 -165.00 88.00 2.04e-19 1.26826
63179 -48.39 68.69 1.98e-19 1.27441
63185 -43.65 67.98 2.01e-19 1.27205
63323 105.02 69.92 1.72e-19 1.28333
65342 -86.22 77.76 1.89e-19 1.27904
65345 -88.82 80.73 1.96e-19 1.27541
65339 -84.82 74.77 1.81e-19 1.28194
65045 15.00 77.00 2.10e-19 1.16471
65042 1.88 76.67 2.13e-19 1.17689
65039 -10.07 75.72 2.17e-19 1.19915
63407 54.89 57.20 1.86e-19 1.28045
65423 129.24 76.82 1.77e-19 1.28266
64823 52.08 59.16 1.96e-19 1.27528
65489 -165.00 79.00 1.64e-19 1.28320
64820 47.07 60.82 2.06e-19 1.26668
64967 -29.19 68.20 2.13e-19 1.25525
64964 -34.69 66.09 2.04e-19 1.26820
63401 57.23 58.68 1.89e-19 1.27944
63095 40.40 47.00 1.51e-19 1.28137
64961 -39.32 63.82 1.93e-19 1.27723
64958 -43.24 61.42 1.79e-19 1.28219
64826 56.57 57.31 1.84e-19 1.28103
65063 70.62 68.01 2.03e-19 1.26919
65126 84.80 64.32 1.75e-19 1.28297
65060 65.21 70.32 2.12e-19 1.25684
65123 81.58 67.01 1.89e-19 1.27916
65066 75.03 65.56 1.92e-19 1.27771
65120 77.61 69.63 2.01e-19 1.27179
64592 57.42 52.92 1.63e-19 1.28314
64499 49.14 56.59 1.89e-19 1.27901
65519 -154.87 72.69 1.28e-19 1.27248
65522 -165.00 73.00 1.29e-19 1.27328
65525 -175.13 72.69 1.28e-19 1.27248
63293 -0.15 44.10 1.43e-19 1.27909
64055 20.50 64.00 2.19e-19 1.22621
64052 20.50 66.00 2.18e-19 1.21144
64466 -14.37 58.15 2.00e-19 1.27292
64049 20.50 68.00 2.17e-19 1.19521
64463 -19.14 56.59 1.89e-19 1.27901
64460 -23.49 54.84 1.77e-19 1.28255
64889 60.17 59.65 1.89e-19 1.27922
64895 67.82 55.26 1.59e-19 1.28271
64892 64.24 57.52 1.75e-19 1.28287
65225 -22.03 85.01 2.17e-19 1.24074
64376 58.87 43.83 1.11e-19 1.26270
64004 -159.50 82.00 1.80e-19 1.28220
64370 52.30 47.83 1.42e-19 1.27859
64007 -159.50 84.00 1.89e-19 1.27931
64373 55.72 45.90 1.27e-19 1.27225
64229 5.74 49.49 1.75e-19 1.28295
64235 15.00 50.00 1.79e-19 1.28222
64232 10.34 49.87 1.78e-19 1.28236
64109 -154.30 85.50 1.95e-19 1.27587
64115 -154.30 83.50 1.87e-19 1.28010
64112 -154.30 84.50 1.91e-19 1.27820
63809 -159.50 76.00 1.47e-19 1.28025
64283 15.00 53.00 1.93e-19 1.27725
64280 10.03 52.87 1.92e-19 1.27790
64286 19.97 52.87 1.92e-19 1.27790
65312 105.25 69.00 1.68e-19 1.28332
65315 106.03 66.00 1.54e-19 1.28199
65309 104.36 72.00 1.81e-19 1.28201
65306 103.29 74.99 1.91e-19 1.27824
65198 -70.10 62.89 1.47e-19 1.28010
65201 -68.64 65.84 1.63e-19 1.28305
65204 -66.90 68.78 1.77e-19 1.28269
65207 -64.74 71.70 1.89e-19 1.27914
65300 99.91 80.96 2.06e-19 1.26673
65303 101.91 77.98 2.00e-19 1.27290
65078 -54.80 64.32 1.75e-19 1.28297
65081 -51.58 67.01 1.89e-19 1.27916
65411 -165.00 85.00 1.93e-19 1.27725
65084 -47.61 69.63 2.01e-19 1.27179
65087 -42.61 72.15 2.10e-19 1.26097
64859 -7.85 66.25 2.18e-19 1.23081
64865 7.04 67.80 2.17e-19 1.19914
65417 145.34 82.12 1.89e-19 1.27926
63329 99.62 69.66 1.77e-19 1.28256
63335 94.39 69.25 1.82e-19 1.28170
63449 43.95 47.55 1.51e-19 1.28112
63455 42.51 45.84 1.43e-19 1.27907
64994 52.64 70.09 2.17e-19 1.23834
64988 35.87 72.94 2.16e-19 1.19296
64991 44.88 71.70 2.19e-19 1.21755
63215 -24.50 62.76 2.05e-19 1.26753
65153 -37.87 78.68 2.16e-19 1.24314
64997 59.19 68.20 2.13e-19 1.25525
63209 -27.74 63.99 2.05e-19 1.26711
64934 40.90 69.01 2.19e-19 1.22125
64016 14.04 90.00 2.10e-19 1.26005
64931 32.88 70.09 2.17e-19 1.19917
63431 48.85 52.53 1.71e-19 1.28317
64928 24.14 70.77 2.13e-19 1.17686
64010 -159.50 86.00 1.97e-19 1.27465
63473 -159.50 70.00 1.11e-19 1.26271
64937 48.05 67.59 2.17e-19 1.24071
63437 47.11 50.90 1.65e-19 1.28318
65132 -65.42 59.53 1.37e-19 1.27693
65135 -63.62 62.41 1.54e-19 1.28184
65129 87.47 61.57 1.59e-19 1.28284
64772 64.20 48.66 1.30e-19 1.27381
64775 -37.39 50.87 1.37e-19 1.27728
64415 15.00 59.00 2.13e-19 1.25528
64412 9.19 58.85 2.12e-19 1.25682
64409 3.49 58.40 2.10e-19 1.26100
63137 -80.38 69.66 1.65e-19 1.28307
63131 -85.61 69.25 1.57e-19 1.28236
64316 -22.30 47.83 1.42e-19 1.27859
64313 -25.72 45.90 1.27e-19 1.27225
64310 -28.87 43.83 1.11e-19 1.26270
63155 -64.02 69.92 1.84e-19 1.28104
63149 -69.50 70.00 1.79e-19 1.28239
64259 -20.22 45.15 1.30e-19 1.27367
64265 -12.75 48.42 1.57e-19 1.28238
64262 -16.62 46.88 1.44e-19 1.27955
65327 -83.36 62.69 1.27e-19 1.27250
57281 15.00 -74.00 3.67e-20 0.03669
64100 -154.30 88.50 2.06e-19 1.26628
64103 -154.30 87.50 2.03e-19 1.26990
65237 82.04 80.22 2.12e-19 1.25568
65234 71.87 82.83 2.15e-19 1.24706
64106 -154.30 86.50 1.99e-19 1.27310
65231 52.03 85.01 2.17e-19 1.24074
65228 15.00 86.00 2.17e-19 1.23836
65267 -76.03 66.00 1.54e-19 1.28199
64088 20.50 44.00 1.46e-19 1.28002
64193 2.01 45.89 1.54e-19 1.28181
64190 -2.11 45.05 1.47e-19 1.28035
64157 -154.30 77.50 1.56e-19 1.28231
64154 -154.30 71.50 1.21e-19 1.26892
64151 -154.30 72.50 1.27e-19 1.27222
64148 -154.30 73.50 1.33e-19 1.27509
64196 6.26 46.51 1.59e-19 1.28300
64982 15.00 74.00 2.01e-19 1.13292
64985 25.77 73.73 2.10e-19 1.16473
65369 114.82 74.77 1.81e-19 1.28194
64979 4.23 73.73 2.10e-19 1.16473
65375 113.60 68.75 1.57e-19 1.28249
65372 114.03 71.77 1.70e-19 1.28345
65366 116.22 77.76 1.89e-19 1.27904
65360 124.24 83.64 2.01e-19 1.27178
65363 118.82 80.73 1.96e-19 1.27541
65459 174.45 81.43 1.78e-19 1.28254
65462 158.42 79.90 1.75e-19 1.28291
65465 147.41 77.77 1.70e-19 1.28337
63173 -53.39 69.25 1.94e-19 1.27675
65036 -20.23 74.26 2.19e-19 1.22125
65270 -75.25 69.00 1.68e-19 1.28332
65273 -74.36 72.00 1.81e-19 1.28201
64952 71.94 57.20 1.63e-19 1.28307
65276 -73.29 74.99 1.91e-19 1.27824
65030 -35.21 70.32 2.12e-19 1.25684
65033 -28.52 72.43 2.17e-19 1.24073
64808 22.07 64.82 2.19e-19 1.22125
64811 28.94 64.29 2.18e-19 1.23081
65501 148.54 73.33 1.47e-19 1.28019
63353 80.22 67.15 1.91e-19 1.27834
64817 41.53 62.26 2.12e-19 1.25572
63389 62.51 61.46 1.93e-19 1.27727
63395 59.77 60.10 1.91e-19 1.27822
65507 -152.81 75.64 1.46e-19 1.27969
65054 50.23 74.26 2.19e-19 1.22125
65096 -16.27 78.38 2.19e-19 1.21372
65051 40.07 75.72 2.17e-19 1.19915
65048 28.12 76.67 2.13e-19 1.17689
65090 -36.13 74.51 2.15e-19 1.24705
65093 -27.58 76.63 2.18e-19 1.23080
65057 58.52 72.43 2.17e-19 1.24073
64496 44.37 58.15 2.00e-19 1.27292
64490 33.56 60.56 2.12e-19 1.25571
64493 39.17 59.48 2.07e-19 1.26475
63305 121.38 69.66 1.52e-19 1.28139
63299 126.61 69.25 1.45e-19 1.27951
64058 20.50 62.00 2.17e-19 1.23938
64061 20.50 60.00 2.14e-19 1.25088
64067 20.50 58.00 2.10e-19 1.26067
64802 7.93 64.82 2.19e-19 1.22125
64805 15.00 65.00 2.19e-19 1.21756
64799 1.06 64.29 2.18e-19 1.23081
64907 -29.72 63.95 2.03e-19 1.26923
64904 -34.39 61.83 1.92e-19 1.27772
64898 -41.94 57.20 1.63e-19 1.28307
64901 -38.43 59.57 1.78e-19 1.28232
64829 60.59 55.29 1.70e-19 1.28320
64379 -31.37 46.31 1.21e-19 1.26924
64367 48.58 49.61 1.57e-19 1.28240
64364 44.55 51.21 1.70e-19 1.28339
64361 40.23 52.61 1.81e-19 1.28194
64358 35.61 53.80 1.89e-19 1.27920
63371 72.27 65.14 1.94e-19 1.27677
63101 -146.50 74.10 1.38e-19 1.27728
63107 41.70 76.00 2.18e-19 1.20262
63968 -159.50 80.00 1.69e-19 1.28331
64343 9.65 55.86 2.03e-19 1.26925
63365 76.09 66.19 1.93e-19 1.27727
64247 33.10 47.99 1.63e-19 1.28322
64340 4.38 55.44 2.01e-19 1.27190
64244 28.75 48.86 1.70e-19 1.28342
64238 19.66 49.87 1.78e-19 1.28236
64346 15.00 56.00 2.04e-19 1.26826
64241 24.26 49.49 1.75e-19 1.28295
64268 -8.62 49.77 1.68e-19 1.28335
64271 -4.25 50.90 1.77e-19 1.28248
64274 0.34 51.81 1.84e-19 1.28107
64277 5.12 52.47 1.89e-19 1.27931
65264 -76.74 62.99 1.38e-19 1.27736
65261 -77.40 59.97 1.21e-19 1.26923
65258 101.35 59.93 1.30e-19 1.27380
65324 -83.42 59.64 1.11e-19 1.26269
65321 107.40 59.97 1.21e-19 1.26923
65318 106.74 62.99 1.38e-19 1.27736
64145 -154.30 74.50 1.39e-19 1.27754
65189 93.62 62.41 1.54e-19 1.28184
65195 -71.35 59.93 1.30e-19 1.27380
64139 -154.30 76.50 1.50e-19 1.28116
65441 -105.01 72.61 1.53e-19 1.28188
65438 -101.49 69.80 1.42e-19 1.27884
65444 -110.04 75.29 1.63e-19 1.28311
65447 -117.41 77.77 1.70e-19 1.28337
63341 89.39 68.69 1.86e-19 1.28064
63347 84.65 67.98 1.89e-19 1.27940
65018 -45.03 65.56 1.92e-19 1.27771
65027 -40.62 68.01 2.03e-19 1.26919
65159 -8.31 82.40 2.19e-19 1.22125
63239 -16.23 58.68 2.00e-19 1.27279
63245 -13.89 57.20 1.97e-19 1.27504
65165 38.31 82.40 2.19e-19 1.22125
63419 50.72 54.13 1.77e-19 1.28273
64943 59.72 63.95 2.03e-19 1.26923
64946 64.39 61.83 1.92e-19 1.27772
64847 -30.17 59.65 1.89e-19 1.27922
65141 -58.92 68.10 1.84e-19 1.28098
65138 -61.49 65.27 1.70e-19 1.28324
64838 67.39 50.87 1.37e-19 1.27728
64841 -37.82 55.26 1.59e-19 1.28271
64844 -34.24 57.52 1.75e-19 1.28287
64478 8.63 61.84 2.17e-19 1.24074
64481 15.00 62.00 2.17e-19 1.23836
64484 21.37 61.84 2.17e-19 1.24074
64487 27.59 61.35 2.15e-19 1.24707
64421 26.51 58.40 2.10e-19 1.26100
64424 32.00 57.66 2.06e-19 1.26674
64853 -20.33 63.41 2.10e-19 1.26096
64850 -25.56 61.63 2.01e-19 1.27191
64856 -14.43 64.97 2.15e-19 1.24709
63143 -74.98 69.92 1.72e-19 1.28334
64307 50.22 45.15 1.30e-19 1.27367
64298 38.62 49.77 1.68e-19 1.28335
64301 42.75 48.42 1.57e-19 1.28238
64304 46.62 46.88 1.44e-19 1.27955
64874 30.65 67.20 2.19e-19 1.21373
64868 15.00 68.00 2.16e-19 1.19297
64871 22.96 67.80 2.17e-19 1.19914
64877 37.85 66.25 2.18e-19 1.23081
64022 20.50 86.00 2.17e-19 1.23851
64025 20.50 84.00 2.19e-19 1.22523
64397 -16.66 53.94 1.81e-19 1.28211
64019 20.50 88.00 2.15e-19 1.25013
64394 -20.85 52.27 1.68e-19 1.28332
64388 -28.18 48.44 1.38e-19 1.27739
64391 -24.68 50.43 1.53e-19 1.28188
64214 32.11 45.05 1.47e-19 1.28035
64097 -154.30 89.50 2.09e-19 1.26223
64211 27.99 45.89 1.54e-19 1.28181
65219 -52.04 80.22 2.12e-19 1.25568
64217 -11.20 45.58 1.42e-19 1.27870
65222 -41.87 82.83 2.15e-19 1.24706
64427 37.23 56.66 2.00e-19 1.27295
64199 10.61 46.88 1.63e-19 1.28330
64202 15.00 47.00 1.64e-19 1.28320
64205 19.39 46.88 1.63e-19 1.28330
64976 -5.87 72.94 2.16e-19 1.19296
64973 -14.88 71.70 2.19e-19 1.21755
64970 -22.64 70.09 2.17e-19 1.23834
65450 -128.42 79.90 1.75e-19 1.28291
65453 -144.45 81.43 1.78e-19 1.28254
65162 15.00 83.00 2.19e-19 1.21756
63203 -31.27 65.14 2.05e-19 1.26740
65279 -71.91 77.98 2.00e-19 1.27290
65285 -66.36 83.93 2.10e-19 1.26098
65282 -69.91 80.96 2.06e-19 1.26673
65471 135.01 72.61 1.53e-19 1.28188
65468 140.04 75.29 1.63e-19 1.28311
65474 131.49 69.80 1.42e-19 1.27884
65477 -118.54 73.33 1.47e-19 1.28019
62993 15.00 -90.00 1.14e-19 0.11388
64940 54.30 65.88 2.12e-19 1.25679
65099 -1.81 79.57 2.17e-19 1.19915
65105 31.81 79.57 2.17e-19 1.19915
65102 15.00 80.00 2.16e-19 1.19297
64688 60.98 50.85 1.47e-19 1.28013
65405 -115.34 82.12 1.89e-19 1.27926
65402 -105.13 79.58 1.84e-19 1.28106
65399 -99.24 76.82 1.77e-19 1.28266
63269 -6.11 50.90 1.76e-19 1.28275
63275 -4.48 49.24 1.68e-19 1.28325
64037 20.50 76.00 2.09e-19 1.15917
64034 20.50 78.00 2.13e-19 1.17656
64028 20.50 82.00 2.18e-19 1.21035
64031 20.50 80.00 2.16e-19 1.19402
64916 -10.90 69.01 2.19e-19 1.22125
64793 -11.53 62.26 2.12e-19 1.25572
64790 -17.07 60.82 2.06e-19 1.26668
64910 -24.30 65.88 2.12e-19 1.25679
64913 -18.05 67.59 2.17e-19 1.24071
64796 -5.47 63.42 2.16e-19 1.24312
65144 -55.70 70.89 1.96e-19 1.27546
64430 42.12 55.41 1.91e-19 1.27836
64433 46.66 53.94 1.81e-19 1.28211
64349 20.35 55.86 2.03e-19 1.26925
64352 25.62 55.44 2.01e-19 1.27190
64355 30.72 54.74 1.96e-19 1.27532
63383 65.50 62.76 1.94e-19 1.27665
63113 -138.30 76.00 1.51e-19 1.28142
64436 50.85 52.27 1.68e-19 1.28332
64334 -5.61 53.80 1.89e-19 1.27920
65504 -141.78 74.62 1.42e-19 1.27866
64331 -10.23 52.61 1.81e-19 1.28194
64328 -14.55 51.21 1.70e-19 1.28339
64169 15.00 41.00 1.29e-19 1.27328
64172 18.97 40.88 1.28e-19 1.27272
64175 6.71 43.52 1.42e-19 1.27904
64337 -0.72 54.74 1.96e-19 1.27532
64814 35.47 63.42 2.16e-19 1.24312
65147 -51.53 73.61 2.06e-19 1.26677
65249 96.90 68.78 1.77e-19 1.28269
64085 20.50 46.00 1.58e-19 1.28255
65336 -84.03 71.77 1.70e-19 1.28345
65252 98.64 65.84 1.63e-19 1.28305
65255 100.10 62.89 1.47e-19 1.28010
65330 -83.40 65.72 1.42e-19 1.27880
65333 -83.60 68.75 1.57e-19 1.28249
64418 20.81 58.85 2.12e-19 1.25682
64133 -154.30 79.50 1.67e-19 1.28332
65186 91.49 65.27 1.70e-19 1.28324
64136 -154.30 78.50 1.62e-19 1.28304
65183 88.92 68.10 1.84e-19 1.28098
65180 85.70 70.89 1.96e-19 1.27546
65192 95.42 59.53 1.37e-19 1.27693
65414 164.13 84.15 1.92e-19 1.27791
65432 121.61 68.04 1.44e-19 1.27937
65435 120.51 65.03 1.30e-19 1.27364
63263 -7.85 52.53 1.82e-19 1.28155
65429 123.21 71.02 1.57e-19 1.28261
65408 -134.13 84.15 1.92e-19 1.27791
63317 110.50 70.00 1.66e-19 1.28330
63311 115.98 69.92 1.59e-19 1.28297
65009 76.59 58.92 1.64e-19 1.28300
65015 -48.69 63.02 1.78e-19 1.28254
65012 -51.77 60.39 1.63e-19 1.28300
65528 -165.00 70.00 1.11e-19 1.26253
65531 -165.00 67.00 9.38e-20 1.24807
63413 52.73 55.69 1.82e-19 1.28180
64955 -46.59 58.92 1.64e-19 1.28300
64949 68.43 59.57 1.78e-19 1.28232
65111 57.58 76.63 2.18e-19 1.23080
65168 55.98 80.83 2.18e-19 1.23080
65108 46.27 78.38 2.19e-19 1.21372
65114 66.13 74.51 2.15e-19 1.24705
65117 72.61 72.15 2.10e-19 1.26097
64862 -0.65 67.20 2.19e-19 1.21373
64835 64.18 53.14 1.54e-19 1.28213
65456 -165.00 82.00 1.79e-19 1.28222
64469 -9.17 59.48 2.07e-19 1.26475
64475 2.41 61.35 2.15e-19 1.24707
64472 -3.56 60.56 2.12e-19 1.25571
65513 -177.19 75.64 1.46e-19 1.27969
65510 -165.00 76.00 1.47e-19 1.28020
65516 171.78 74.62 1.42e-19 1.27866
64451 -34.20 48.66 1.30e-19 1.27381
64454 -30.98 50.85 1.47e-19 1.28013
63905 -159.50 78.00 1.58e-19 1.28266
64289 24.88 52.47 1.89e-19 1.27931
64295 34.25 50.90 1.77e-19 1.28248
64292 29.66 51.81 1.84e-19 1.28107
64883 50.33 63.41 2.10e-19 1.26096
64880 44.43 64.97 2.15e-19 1.24709
65498 156.21 75.54 1.54e-19 1.28197
63584 -159.50 72.00 1.23e-19 1.27025
64886 55.56 61.63 2.01e-19 1.27191
64406 -2.00 57.66 2.06e-19 1.26674
65378 113.40 65.72 1.42e-19 1.27880
64403 -7.23 56.66 2.00e-19 1.27295
64400 -12.12 55.41 1.91e-19 1.27836
64223 -3.10 47.99 1.63e-19 1.28322
64220 -7.26 46.89 1.53e-19 1.28173
64118 -154.30 82.50 1.82e-19 1.28156
64121 -154.30 81.50 1.77e-19 1.28259
64226 1.25 48.86 1.70e-19 1.28342
64124 -154.30 80.50 1.72e-19 1.28317
63161 -58.62 69.66 1.90e-19 1.27896
