65006 73.24 61.42 1.43e-19 1.01960
65000 64.69 66.09 1.66e-19 1.02891
65003 69.32 63.82 1.55e-19 1.02398
63197 -35.09 66.19 1.66e-19 1.02884
64142 -154.30 75.50 1.14e-19 1.01221
63191 -39.22 67.15 1.64e-19 1.02817
65213 -57.99 77.44 1.69e-19 1.03059
65210 -61.92 74.59 1.61e-19 1.02657
65294 86.94 86.84 1.74e-19 1.03401
65291 15.00 89.00 1.75e-19 1.03462
65288 -56.94 86.84 1.74e-19 1.03401
65075 -57.47 61.57 1.26e-19 1.01498
62987 15.00 -74.00 -2.17e-21 -0.00217
65072 81.77 60.39 1.29e-19 1.01551
65486 -149.69 78.56 1.29e-19 1.01546
65069 78.69 63.02 1.42e-19 1.01945
65420 135.13 79.58 1.47e-19 1.02101
62981 15.00 -90.00 -4.18e-21 -0.00418
65483 -136.50 77.35 1.26e-19 1.01507
65156 -25.98 80.83 1.85e-19 1.04361
65426 125.59 73.95 1.33e-19 1.01678
65480 -126.21 75.54 1.22e-19 1.01391
63281 -2.95 47.55 1.27e-19 1.01506
63287 -1.51 45.84 1.20e-19 1.01359
65150 -45.89 76.23 1.75e-19 1.03444
65390 -91.61 68.04 1.14e-19 1.01209
63227 -18.77 60.10 1.64e-19 1.02787
65393 -93.21 71.02 1.24e-19 1.01456
65396 -95.59 73.95 1.33e-19 1.01678
63221 -21.51 61.46 1.65e-19 1.02870
63443 45.48 49.24 1.25e-19 1.01466
64046 20.50 70.00 1.92e-19 1.06078
64082 20.50 48.00 1.34e-19 1.01691
64043 20.50 72.00 1.92e-19 1.06619
64040 20.50 74.00 1.92e-19 1.06954
64781 -30.59 55.29 1.35e-19 1.01717
64778 -34.18 53.14 1.22e-19 1.01404
64784 -26.57 57.31 1.47e-19 1.02099
64079 20.50 50.00 1.42e-19 1.01948
64787 -22.08 59.16 1.58e-19 1.02503
64919 -2.88 70.09 1.91e-19 1.05404
64925 15.00 71.00 1.92e-19 1.06483
64922 5.86 70.77 1.92e-19 1.06107
64439 54.68 50.43 1.21e-19 1.01382
64445 61.37 46.31 9.65e-20 1.00876
64442 58.18 48.44 1.09e-19 1.01125
63119 -95.35 67.98 1.10e-19 1.01137
63125 -90.61 68.69 1.17e-19 1.01302
63377 68.74 63.99 1.56e-19 1.02444
64544 53.49 54.84 1.41e-19 1.01891
64187 23.29 43.52 1.13e-19 1.01197
64325 -18.58 49.61 1.24e-19 1.01440
63776 -159.50 74.00 1.07e-19 1.01069
64181 15.00 44.00 1.16e-19 1.01257
64178 10.84 43.88 1.15e-19 1.01244
64184 19.16 43.88 1.15e-19 1.01244
64013 -159.50 88.00 1.66e-19 1.02899
64250 37.26 46.89 1.21e-19 1.01370
64253 41.20 45.58 1.13e-19 1.01171
64073 20.50 54.00 1.58e-19 1.02538
64070 20.50 56.00 1.65e-19 1.02874
65246 94.74 71.70 1.51e-19 1.02271
65492 179.69 78.56 1.29e-19 1.01546
65243 91.92 74.59 1.61e-19 1.02657
65495 166.50 77.35 1.26e-19 1.01507
64076 20.50 52.00 1.50e-19 1.02230
65240 87.99 77.44 1.69e-19 1.03059
64208 23.74 46.51 1.26e-19 1.01511
64457 -27.42 52.92 1.29e-19 1.01564
65177 81.53 73.61 1.67e-19 1.02969
64166 11.03 40.88 1.01e-19 1.00960
64163 15.00 38.00 8.87e-20 1.00741
65171 67.87 78.68 1.81e-19 1.03924
64094 20.50 40.00 9.72e-20 1.00887
65174 75.89 76.23 1.75e-19 1.03444
64160 15.00 35.00 7.55e-20 1.00540
65387 -90.51 65.03 1.03e-19 1.00982
63257 -9.72 54.13 1.50e-19 1.02219
65297 96.36 83.93 1.72e-19 1.03225
63251 -11.73 55.69 1.54e-19 1.02387
65381 113.36 62.69 1.01e-19 1.00964
65384 113.42 59.64 8.87e-20 1.00753
65357 139.00 86.38 1.65e-19 1.02849
65348 -94.24 83.64 1.62e-19 1.02713
65351 -109.00 86.38 1.65e-19 1.02849
64091 20.50 42.00 1.06e-19 1.01057
65354 -165.00 88.00 1.66e-19 1.02898
63179 -48.39 68.69 1.59e-19 1.02582
63185 -43.65 67.98 1.62e-19 1.02707
63323 105.02 69.92 1.36e-19 1.01781
65342 -86.22 77.76 1.51e-19 1.02262
65345 -88.82 80.73 1.58e-19 1.02515
65339 -84.82 74.77 1.44e-19 1.01990
65045 15.00 77.00 1.92e-19 1.06483
65042 1.88 76.67 1.92e-19 1.06106
65039 -10.07 75.72 1.91e-19 1.05406
63407 54.89 57.20 1.48e-19 1.02137
65423 129.24 76.82 1.41e-19 1.01900
64823 52.08 59.16 1.58e-19 1.02503
65489 -165.00 79.00 1.30e-19 1.01584
64820 47.07 60.82 1.67e-19 1.02959
64967 -29.19 68.20 1.75e-19 1.03458
64964 -34.69 66.09 1.66e-19 1.02891
63401 57.23 58.68 1.51e-19 1.02259
63095 40.40 47.00 1.20e-19 1.01338
64961 -39.32 63.82 1.55e-19 1.02398
64958 -43.24 61.42 1.43e-19 1.01960
64826 56.57 57.31 1.47e-19 1.02099
65063 70.62 68.01 1.65e-19 1.02849
65126 84.80 64.32 1.39e-19 1.01859
65060 65.21 70.32 1.74e-19 1.03404
65123 81.58 67.01 1.51e-19 1.02256
65066 75.03 65.56 1.54e-19 1.02357
65120 77.61 69.63 1.62e-19 1.02715
64592 57.42 52.92 1.29e-19 1.01564
64499 49.14 56.59 1.51e-19 1.02259
65519 -154.87 72.69 1.01e-19 1.00941
65522 -165.00 73.00 1.02e-19 1.00978
65525 -175.13 72.69 1.01e-19 1.00941
63293 -0.15 44.10 1.13e-19 1.01199
64055 20.50 64.00 1.86e-19 1.04519
64052 20.50 66.00 1.89e-19 1.05009
64466 -14.37 58.15 1.61e-19 1.02659
64049 20.50 68.00 1.91e-19 1.05531
64463 -19.14 56.59 1.51e-19 1.02259
64460 -23.49 54.84 1.41e-19 1.01891
64889 60.17 59.65 1.51e-19 1.02261
64895 67.82 55.26 1.26e-19 1.01487
64892 64.24 57.52 1.39e-19 1.01850
65225 -22.03 85.01 1.82e-19 1.04017
64376 58.87 43.83 8.87e-20 1.00754
64004 -159.50 82.00 1.43e-19 1.01967
64370 52.30 47.83 1.13e-19 1.01163
64007 -159.50 84.00 1.51e-19 1.02250
64373 55.72 45.90 1.01e-19 1.00944
64229 5.74 49.49 1.39e-19 1.01857
64235 15.00 50.00 1.43e-19 1.01963
64232 10.34 49.87 1.42e-19 1.01930
64109 -154.30 85.50 1.57e-19 1.02488
64115 -154.30 83.50 1.49e-19 1.02186
64112 -154.30 84.50 1.53e-19 1.02334
63809 -159.50 76.00 1.16e-19 1.01261
64283 15.00 53.00 1.55e-19 1.02400
64280 10.03 52.87 1.54e-19 1.02375
64286 19.97 52.87 1.54e-19 1.02375
65312 105.25 69.00 1.33e-19 1.01674
65315 106.03 66.00 1.21e-19 1.01391
65309 104.36 72.00 1.44e-19 1.01996
65306 103.29 74.99 1.53e-19 1.02323
65198 -70.10 62.89 1.16e-19 1.01248
65201 -68.64 65.84 1.29e-19 1.01557
65204 -66.90 68.78 1.41e-19 1.01903
65207 -64.74 71.70 1.51e-19 1.02271
65300 99.91 80.96 1.67e-19 1.02964
65303 101.91 77.98 1.61e-19 1.02657
65078 -54.80 64.32 1.39e-19 1.01859
65081 -51.58 67.01 1.51e-19 1.02256
65411 -165.00 85.00 1.55e-19 1.02400
65084 -47.61 69.63 1.62e-19 1.02715
65087 -42.61 72.15 1.72e-19 1.03224
64859 -7.85 66.25 1.85e-19 1.04366
64865 7.04 67.80 1.91e-19 1.05407
65417 145.34 82.12 1.51e-19 1.02265
63329 99.62 69.66 1.41e-19 1.01897
63335 94.39 69.25 1.45e-19 1.02028
63449 43.95 47.55 1.19e-19 1.01319
63455 42.51 45.84 1.13e-19 1.01198
64994 52.64 70.09 1.83e-19 1.04093
64988 35.87 72.94 1.91e-19 1.05602
64991 44.88 71.70 1.88e-19 1.04809
63215 -24.50 62.76 1.66e-19 1.02923
65153 -37.87 78.68 1.81e-19 1.03924
64997 59.19 68.20 1.75e-19 1.03458
63209 -27.74 63.99 1.67e-19 1.02950
64934 40.90 69.01 1.87e-19 1.04683
64016 14.04 90.00 1.72e-19 1.03266
64931 32.88 70.09 1.91e-19 1.05404
63431 48.85 52.53 1.36e-19 1.01756
64928 24.14 70.77 1.92e-19 1.06107
64010 -159.50 86.00 1.59e-19 1.02561
63473 -159.50 70.00 8.88e-20 1.00744
64937 48.05 67.59 1.82e-19 1.04012
63437 47.11 50.90 1.31e-19 1.01609
65132 -65.42 59.53 1.09e-19 1.01098
65135 -63.62 62.41 1.22e-19 1.01381
65129 87.47 61.57 1.26e-19 1.01498
64772 64.20 48.66 1.03e-19 1.00990
64775 -37.39 50.87 1.09e-19 1.01124
64415 15.00 59.00 1.75e-19 1.03462
64412 9.19 58.85 1.74e-19 1.03402
64409 3.49 58.40 1.72e-19 1.03228
63137 -80.38 69.66 1.30e-19 1.01590
63131 -85.61 69.25 1.24e-19 1.01437
64316 -22.30 47.83 1.13e-19 1.01163
64313 -25.72 45.90 1.01e-19 1.00944
64310 -28.87 43.83 8.87e-20 1.00754
63155 -64.02 69.92 1.47e-19 1.02118
63149 -69.50 70.00 1.42e-19 1.01940
64259 -20.22 45.15 1.03e-19 1.00984
64265 -12.75 48.42 1.24e-19 1.01438
64262 -16.62 46.88 1.14e-19 1.01224
65327 -83.36 62.69 1.01e-19 1.00964
57281 15.00 -74.00 -2.17e-21 -0.00217
64100 -154.30 88.50 1.68e-19 1.02991
64103 -154.30 87.50 1.64e-19 1.02817
65237 82.04 80.22 1.75e-19 1.03445
65234 71.87 82.83 1.79e-19 1.03780
64106 -154.30 86.50 1.61e-19 1.02649
65231 52.03 85.01 1.82e-19 1.04017
65228 15.00 86.00 1.83e-19 1.04097
65267 -76.03 66.00 1.21e-19 1.01391
64088 20.50 44.00 1.16e-19 1.01247
64193 2.01 45.89 1.22e-19 1.01379
64190 -2.11 45.05 1.16e-19 1.01268
64157 -154.30 77.50 1.23e-19 1.01428
64154 -154.30 71.50 9.61e-20 1.00867
64151 -154.30 72.50 1.01e-19 1.00948
64148 -154.30 73.50 1.05e-19 1.01034
64196 6.26 46.51 1.26e-19 1.01511
64982 15.00 74.00 1.91e-19 1.07460
64985 25.77 73.73 1.92e-19 1.06483
65369 114.82 74.77 1.44e-19 1.01990
64979 4.23 73.73 1.92e-19 1.06483
65375 113.60 68.75 1.24e-19 1.01447
65372 114.03 71.77 1.34e-19 1.01727
65366 116.22 77.76 1.51e-19 1.02262
65360 124.24 83.64 1.62e-19 1.02713
65363 118.82 80.73 1.58e-19 1.02515
65459 174.45 81.43 1.42e-19 1.01944
65462 158.42 79.90 1.39e-19 1.01854
65465 147.41 77.77 1.35e-19 1.01731
63173 -53.39 69.25 1.56e-19 1.02432
65036 -20.23 74.26 1.87e-19 1.04684
65270 -75.25 69.00 1.33e-19 1.01674
65273 -74.36 72.00 1.44e-19 1.01996
64952 71.94 57.20 1.29e-19 1.01557
65276 -73.29 74.99 1.53e-19 1.02323
65030 -35.21 70.32 1.74e-19 1.03404
65033 -28.52 72.43 1.82e-19 1.04015
64808 22.07 64.82 1.87e-19 1.04686
64811 28.94 64.29 1.85e-19 1.04365
65501 148.54 73.33 1.16e-19 1.01255
63353 80.22 67.15 1.53e-19 1.02335
64817 41.53 62.26 1.75e-19 1.03451
63389 62.51 61.46 1.55e-19 1.02392
63395 59.77 60.10 1.53e-19 1.02334
65507 -152.81 75.64 1.15e-19 1.01223
65054 50.23 74.26 1.87e-19 1.04684
65096 -16.27 78.38 1.89e-19 1.04935
65051 40.07 75.72 1.91e-19 1.05406
65048 28.12 76.67 1.92e-19 1.06106
65090 -36.13 74.51 1.79e-19 1.03778
65093 -27.58 76.63 1.85e-19 1.04362
65057 58.52 72.43 1.82e-19 1.04015
64496 44.37 58.15 1.61e-19 1.02659
64490 33.56 60.56 1.75e-19 1.03449
64493 39.17 59.48 1.69e-19 1.03057
63305 121.38 69.66 1.20e-19 1.01341
63299 126.61 69.25 1.14e-19 1.01216
64058 20.50 62.00 1.82e-19 1.04061
64061 20.50 60.00 1.78e-19 1.03634
64067 20.50 58.00 1.72e-19 1.03239
64802 7.93 64.82 1.87e-19 1.04686
64805 15.00 65.00 1.88e-19 1.04809
64799 1.06 64.29 1.85e-19 1.04365
64907 -29.72 63.95 1.65e-19 1.02852
64904 -34.39 61.83 1.54e-19 1.02359
64898 -41.94 57.20 1.29e-19 1.01557
64901 -38.43 59.57 1.42e-19 1.01926
64829 60.59 55.29 1.35e-19 1.01717
64379 -31.37 46.31 9.65e-20 1.00876
64367 48.58 49.61 1.24e-19 1.01440
64364 44.55 51.21 1.34e-19 1.01722
64361 40.23 52.61 1.44e-19 1.01990
64358 35.61 53.80 1.51e-19 1.02276
63371 72.27 65.14 1.56e-19 1.02431
63101 -146.50 74.10 1.09e-19 1.01114
63107 41.70 76.00 1.91e-19 1.05295
63968 -159.50 80.00 1.34e-19 1.01708
64343 9.65 55.86 1.65e-19 1.02855
63365 76.09 66.19 1.55e-19 1.02383
64247 33.10 47.99 1.29e-19 1.01570
64340 4.38 55.44 1.62e-19 1.02725
64244 28.75 48.86 1.35e-19 1.01735
64238 19.66 49.87 1.42e-19 1.01930
64346 15.00 56.00 1.66e-19 1.02898
64241 24.26 49.49 1.39e-19 1.01857
64268 -8.62 49.77 1.33e-19 1.01677
64271 -4.25 50.90 1.41e-19 1.01885
64274 0.34 51.81 1.47e-19 1.02103
64277 5.12 52.47 1.51e-19 1.02270
65264 -76.74 62.99 1.09e-19 1.01123
65261 -77.40 59.97 9.65e-20 1.00875
65258 101.35 59.93 1.03e-19 1.00989
65324 -83.42 59.64 8.87e-20 1.00753
65321 107.40 59.97 9.65e-20 1.00875
65318 106.74 62.99 1.09e-19 1.01123
64145 -154.30 74.50 1.10e-19 1.01125
65189 93.62 62.41 1.22e-19 1.01381
65195 -71.35 59.93 1.03e-19 1.00989
64139 -154.30 76.50 1.19e-19 1.01322
65441 -105.01 72.61 1.21e-19 1.01382
65438 -101.49 69.80 1.13e-19 1.01182
65444 -110.04 75.29 1.29e-19 1.01562
65447 -117.41 77.77 1.35e-19 1.01731
63341 89.39 68.69 1.48e-19 1.02149
63347 84.65 67.98 1.51e-19 1.02246
65018 -45.03 65.56 1.54e-19 1.02357
65027 -40.62 68.01 1.65e-19 1.02849
65159 -8.31 82.40 1.87e-19 1.04685
63239 -16.23 58.68 1.61e-19 1.02679
63245 -13.89 57.20 1.58e-19 1.02525
65165 38.31 82.40 1.87e-19 1.04685
63419 50.72 54.13 1.41e-19 1.01904
64943 59.72 63.95 1.65e-19 1.02852
64946 64.39 61.83 1.54e-19 1.02359
64847 -30.17 59.65 1.51e-19 1.02261
65141 -58.92 68.10 1.47e-19 1.02095
65138 -61.49 65.27 1.35e-19 1.01720
64838 67.39 50.87 1.09e-19 1.01124
64841 -37.82 55.26 1.26e-19 1.01487
64844 -34.24 57.52 1.39e-19 1.01850
64478 8.63 61.84 1.82e-19 1.04017
64481 15.00 62.00 1.83e-19 1.04097
64484 21.37 61.84 1.82e-19 1.04017
64487 27.59 61.35 1.79e-19 1.03780
64421 26.51 58.40 1.72e-19 1.03228
64424 32.00 57.66 1.67e-19 1.02965
64853 -20.33 63.41 1.72e-19 1.03223
64850 -25.56 61.63 1.62e-19 1.02726
64856 -14.43 64.97 1.79e-19 1.03783
63143 -74.98 69.92 1.36e-19 1.01782
64307 50.22 45.15 1.03e-19 1.00984
64298 38.62 49.77 1.33e-19 1.01677
64301 42.75 48.42 1.24e-19 1.01438
64304 46.62 46.88 1.14e-19 1.01224
64874 30.65 67.20 1.89e-19 1.04933
64868 15.00 68.00 1.91e-19 1.05602
64871 22.96 67.80 1.91e-19 1.05407
64877 37.85 66.25 1.85e-19 1.04366
64022 20.50 86.00 1.83e-19 1.04092
64025 20.50 84.00 1.87e-19 1.04552
64397 -16.66 53.94 1.44e-19 1.02005
64019 20.50 88.00 1.78e-19 1.03663
64394 -20.85 52.27 1.33e-19 1.01674
64388 -28.18 48.44 1.09e-19 1.01125
64391 -24.68 50.43 1.21e-19 1.01382
64214 32.11 45.05 1.16e-19 1.01268
64097 -154.30 89.50 1.71e-19 1.03173
64211 27.99 45.89 1.22e-19 1.01379
65219 -52.04 80.22 1.75e-19 1.03445
64217 -11.20 45.58 1.13e-19 1.01171
65222 -41.87 82.83 1.79e-19 1.03780
64427 37.23 56.66 1.61e-19 1.02662
64199 10.61 46.88 1.29e-19 1.01576
64202 15.00 47.00 1.30e-19 1.01584
64205 19.39 46.88 1.29e-19 1.01576
64976 -5.87 72.94 1.91e-19 1.05602
64973 -14.88 71.70 1.88e-19 1.04809
64970 -22.64 70.09 1.83e-19 1.04093
65450 -128.42 79.90 1.39e-19 1.01854
65453 -144.45 81.43 1.42e-19 1.01944
65162 15.00 83.00 1.88e-19 1.04809
63203 -31.27 65.14 1.67e-19 1.02939
65279 -71.91 77.98 1.61e-19 1.02657
65285 -66.36 83.93 1.72e-19 1.03225
65282 -69.91 80.96 1.67e-19 1.02964
65471 135.01 72.61 1.21e-19 1.01382
65468 140.04 75.29 1.29e-19 1.01562
65474 131.49 69.80 1.13e-19 1.01182
65477 -118.54 73.33 1.16e-19 1.01255
62993 15.00 -90.00 -4.18e-21 -0.00418
64940 54.30 65.88 1.74e-19 1.03398
65099 -1.81 79.57 1.91e-19 1.05406
65105 31.81 79.57 1.91e-19 1.05406
65102 15.00 80.00 1.91e-19 1.05602
64688 60.98 50.85 1.16e-19 1.01251
65405 -115.34 82.12 1.51e-19 1.02265
65402 -105.13 79.58 1.47e-19 1.02101
65399 -99.24 76.82 1.41e-19 1.01900
63269 -6.11 50.90 1.39e-19 1.01856
63275 -4.48 49.24 1.33e-19 1.01682
64037 20.50 76.00 1.92e-19 1.06654
64034 20.50 78.00 1.92e-19 1.06117
64028 20.50 82.00 1.89e-19 1.05045
64031 20.50 80.00 1.91e-19 1.05569
64916 -10.90 69.01 1.87e-19 1.04683
64793 -11.53 62.26 1.75e-19 1.03451
64790 -17.07 60.82 1.67e-19 1.02959
64910 -24.30 65.88 1.74e-19 1.03398
64913 -18.05 67.59 1.82e-19 1.04012
64796 -5.47 63.42 1.81e-19 1.03921
65144 -55.70 70.89 1.58e-19 1.02520
64430 42.12 55.41 1.53e-19 1.02333
64433 46.66 53.94 1.44e-19 1.02005
64349 20.35 55.86 1.65e-19 1.02855
64352 25.62 55.44 1.62e-19 1.02725
64355 30.72 54.74 1.58e-19 1.02506
63383 65.50 62.76 1.56e-19 1.02426
63113 -138.30 76.00 1.20e-19 1.01342
64436 50.85 52.27 1.33e-19 1.01674
64334 -5.61 53.80 1.51e-19 1.02276
65504 -141.78 74.62 1.13e-19 1.01168
64331 -10.23 52.61 1.44e-19 1.01990
64328 -14.55 51.21 1.34e-19 1.01722
64169 15.00 41.00 1.02e-19 1.00978
64172 18.97 40.88 1.01e-19 1.00960
64175 6.71 43.52 1.13e-19 1.01197
64337 -0.72 54.74 1.58e-19 1.02506
64814 35.47 63.42 1.81e-19 1.03921
65147 -51.53 73.61 1.67e-19 1.02969
65249 96.90 68.78 1.41e-19 1.01903
64085 20.50 46.00 1.25e-19 1.01457
65336 -84.03 71.77 1.34e-19 1.01727
65252 98.64 65.84 1.29e-19 1.01557
65255 100.10 62.89 1.16e-19 1.01248
65330 -83.40 65.72 1.13e-19 1.01179
65333 -83.60 68.75 1.24e-19 1.01447
64418 20.81 58.85 1.74e-19 1.03402
64133 -154.30 79.50 1.32e-19 1.01657
65186 91.49 65.27 1.35e-19 1.01720
64136 -154.30 78.50 1.28e-19 1.01539
65183 88.92 68.10 1.47e-19 1.02095
65180 85.70 70.89 1.58e-19 1.02520
65192 95.42 59.53 1.09e-19 1.01098
65414 164.13 84.15 1.54e-19 1.02375
65432 121.61 68.04 1.14e-19 1.01209
65435 120.51 65.03 1.03e-19 1.00982
63263 -7.85 52.53 1.45e-19 1.02035
65429 123.21 71.02 1.24e-19 1.01456
65408 -134.13 84.15 1.54e-19 1.02375
63317 110.50 70.00 1.31e-19 1.01633
63311 115.98 69.92 1.26e-19 1.01508
65009 76.59 58.92 1.30e-19 1.01568
65015 -48.69 63.02 1.42e-19 1.01945
65012 -51.77 60.39 1.29e-19 1.01551
65528 -165.00 70.00 8.87e-20 1.00741
65531 -165.00 67.00 7.55e-20 1.00540
63413 52.73 55.69 1.45e-19 1.02036
64955 -46.59 58.92 1.30e-19 1.01568
64949 68.43 59.57 1.42e-19 1.01926
65111 57.58 76.63 1.85e-19 1.04362
65168 55.98 80.83 1.85e-19 1.04361
65108 46.27 78.38 1.89e-19 1.04935
65114 66.13 74.51 1.79e-19 1.03778
65117 72.61 72.15 1.72e-19 1.03224
64862 -0.65 67.20 1.89e-19 1.04933
64835 64.18 53.14 1.22e-19 1.01404
65456 -165.00 82.00 1.43e-19 1.01963
64469 -9.17 59.48 1.69e-19 1.03057
64475 2.41 61.35 1.79e-19 1.03780
64472 -3.56 60.56 1.75e-19 1.03449
65513 -177.19 75.64 1.15e-19 1.01223
65510 -165.00 76.00 1.16e-19 1.01257
65516 171.78 74.62 1.13e-19 1.01168
64451 -34.20 48.66 1.03e-19 1.00990
64454 -30.98 50.85 1.16e-19 1.01251
63905 -159.50 78.00 1.25e-19 1.01473
64289 24.88 52.47 1.51e-19 1.02270
64295 34.25 50.90 1.41e-19 1.01885
64292 29.66 51.81 1.47e-19 1.02103
64883 50.33 63.41 1.72e-19 1.03223
64880 44.43 64.97 1.79e-19 1.03783
65498 156.21 75.54 1.22e-19 1.01391
63584 -159.50 72.00 9.79e-20 1.00898
64886 55.56 61.63 1.62e-19 1.02726
64406 -2.00 57.66 1.67e-19 1.02965
65378 113.40 65.72 1.13e-19 1.01179
64403 -7.23 56.66 1.61e-19 1.02662
64400 -12.12 55.41 1.53e-19 1.02333
64223 -3.10 47.99 1.29e-19 1.01570
64220 -7.26 46.89 1.21e-19 1.01370
64118 -154.30 82.50 1.45e-19 1.02044
64121 -154.30 81.50 1.41e-19 1.01909
64226 1.25 48.86 1.35e-19 1.01735
64124 -154.30 80.50 1.37e-19 1.01780
63161 -58.62 69.66 1.52e-19 1.02270
