65006 73.24 61.42 2.33e-19 1.73308
65000 64.69 66.09 2.90e-19 1.92809
65003 69.32 63.82 2.64e-19 1.84819
63197 -35.09 66.19 2.90e-19 1.92731
64142 -154.30 75.50 1.61e-19 1.40417
63191 -39.22 67.15 2.87e-19 1.91796
65213 -57.99 77.44 2.97e-19 1.94463
65210 -61.92 74.59 2.79e-19 1.89583
65294 86.94 86.84 3.08e-19 1.96634
65291 15.00 89.00 3.10e-19 1.96856
65288 -56.94 86.84 3.08e-19 1.96634
65075 -57.47 61.57 1.91e-19 1.54925
62987 15.00 -74.00 -1.01e-20 -0.01010
65072 81.77 60.39 1.97e-19 1.57922
65486 -149.69 78.56 1.97e-19 1.57909
65069 78.69 63.02 2.31e-19 1.72420
65420 135.13 79.58 2.44e-19 1.77435
62981 15.00 -90.00 -7.87e-20 -0.07868
65483 -136.50 77.35 1.91e-19 1.54949
65156 -25.98 80.83 3.22e-19 1.95485
65426 125.59 73.95 2.08e-19 1.62852
65480 -126.21 75.54 1.80e-19 1.49850
63281 -2.95 47.55 1.93e-19 1.55838
63287 -1.51 45.84 1.75e-19 1.47588
65150 -45.89 76.23 3.09e-19 1.96798
65390 -91.61 68.04 1.60e-19 1.39905
63227 -18.77 60.10 2.85e-19 1.91434
65393 -93.21 71.02 1.85e-19 1.52386
65396 -95.59 73.95 2.08e-19 1.62852
63221 -21.51 61.46 2.89e-19 1.92532
63443 45.48 49.24 1.88e-19 1.53823
64046 20.50 70.00 3.06e-19 1.77867
64082 20.50 48.00 2.10e-19 1.63465
64043 20.50 72.00 2.94e-19 1.70243
64040 20.50 74.00 2.86e-19 1.65290
64781 -30.59 55.29 2.13e-19 1.64803
64778 -34.18 53.14 1.80e-19 1.49883
64784 -26.57 57.31 2.44e-19 1.77429
64079 20.50 50.00 2.32e-19 1.72815
64787 -22.08 59.16 2.71e-19 1.87097
64919 -2.88 70.09 3.17e-19 1.86308
64925 15.00 71.00 2.97e-19 1.72206
64922 5.86 70.77 3.05e-19 1.77473
64439 54.68 50.43 1.79e-19 1.49167
64445 61.37 46.31 1.19e-19 1.17222
64442 58.18 48.44 1.48e-19 1.33775
63119 -95.35 67.98 1.52e-19 1.35437
63125 -90.61 68.69 1.69e-19 1.44212
63377 68.74 63.99 2.67e-19 1.85762
64544 53.49 54.84 2.28e-19 1.71188
64187 23.29 43.52 1.57e-19 1.38391
64325 -18.58 49.61 1.85e-19 1.52344
63776 -159.50 74.00 1.43e-19 1.31039
64181 15.00 44.00 1.65e-19 1.42514
64178 10.84 43.88 1.63e-19 1.41486
64184 19.16 43.88 1.63e-19 1.41486
64013 -159.50 88.00 2.90e-19 1.92840
64250 37.26 46.89 1.79e-19 1.49137
64253 41.20 45.58 1.57e-19 1.38329
64073 20.50 54.00 2.73e-19 1.87543
64070 20.50 56.00 2.89e-19 1.92554
65246 94.74 71.70 2.56e-19 1.81842
65492 179.69 78.56 1.97e-19 1.57909
65243 91.92 74.59 2.79e-19 1.89583
65495 166.50 77.35 1.91e-19 1.54949
64076 20.50 52.00 2.53e-19 1.80908
65240 87.99 77.44 2.97e-19 1.94463
64208 23.74 46.51 1.91e-19 1.54959
64457 -27.42 52.92 1.97e-19 1.58018
65177 81.53 73.61 2.93e-19 1.93593
64166 11.03 40.88 1.31e-19 1.23797
64163 15.00 38.00 1.02e-19 1.06758
65171 67.87 78.68 3.18e-19 1.97136
64094 20.50 40.00 1.21e-19 1.18214
65174 75.89 76.23 3.09e-19 1.96798
64160 15.00 35.00 7.63e-20 0.89053
65387 -90.51 65.03 1.34e-19 1.25855
63257 -9.72 54.13 2.52e-19 1.80499
65297 96.36 83.93 3.03e-19 1.95728
63251 -11.73 55.69 2.63e-19 1.84403
65381 113.36 62.69 1.29e-19 1.22995
65384 113.42 59.64 1.02e-19 1.06781
65357 139.00 86.38 2.88e-19 1.92267
65348 -94.24 83.64 2.82e-19 1.90470
65351 -109.00 86.38 2.88e-19 1.92267
64091 20.50 42.00 1.42e-19 1.30208
65354 -165.00 88.00 2.90e-19 1.92823
63179 -48.39 68.69 2.75e-19 1.88254
63185 -43.65 67.98 2.81e-19 1.90314
63323 105.02 69.92 2.17e-19 1.66595
65342 -86.22 77.76 2.56e-19 1.81818
65345 -88.82 80.73 2.71e-19 1.87127
65339 -84.82 74.77 2.36e-19 1.74292
65045 15.00 77.00 2.97e-19 1.72206
65042 1.88 76.67 3.05e-19 1.77481
65039 -10.07 75.72 3.17e-19 1.86302
63407 54.89 57.20 2.47e-19 1.78702
65423 129.24 76.82 2.28e-19 1.71213
64823 52.08 59.16 2.71e-19 1.87097
65489 -165.00 79.00 2.00e-19 1.58954
64820 47.07 60.82 2.93e-19 1.93571
64967 -29.19 68.20 3.10e-19 1.96849
64964 -34.69 66.09 2.90e-19 1.92809
63401 57.23 58.68 2.55e-19 1.81412
63095 40.40 47.00 1.74e-19 1.46997
64961 -39.32 63.82 2.64e-19 1.84819
64958 -43.24 61.42 2.33e-19 1.73308
64826 56.57 57.31 2.44e-19 1.77429
65063 70.62 68.01 2.88e-19 1.92265
65126 84.80 64.32 2.24e-19 1.69607
65060 65.21 70.32 3.08e-19 1.96640
65123 81.58 67.01 2.55e-19 1.81632
65066 75.03 65.56 2.62e-19 1.84029
65120 77.61 69.63 2.82e-19 1.90474
64592 57.42 52.92 1.97e-19 1.58018
64499 49.14 56.59 2.56e-19 1.81810
65519 -154.87 72.69 1.30e-19 1.23757
65522 -165.00 73.00 1.32e-19 1.24836
65525 -175.13 72.69 1.30e-19 1.23757
63293 -0.15 44.10 1.58e-19 1.38586
64055 20.50 64.00 3.22e-19 1.94522
64052 20.50 66.00 3.21e-19 1.90484
64466 -14.37 58.15 2.79e-19 1.89588
64049 20.50 68.00 3.15e-19 1.84841
64463 -19.14 56.59 2.56e-19 1.81810
64460 -23.49 54.84 2.28e-19 1.71188
64889 60.17 59.65 2.55e-19 1.81646
64895 67.82 55.26 1.91e-19 1.54898
64892 64.24 57.52 2.24e-19 1.69583
65225 -22.03 85.01 3.20e-19 1.96944
64376 58.87 43.83 1.02e-19 1.06783
64004 -159.50 82.00 2.34e-19 1.73424
64370 52.30 47.83 1.57e-19 1.38309
64007 -159.50 84.00 2.55e-19 1.81422
64373 55.72 45.90 1.29e-19 1.22952
64229 5.74 49.49 2.24e-19 1.69601
64235 15.00 50.00 2.33e-19 1.73316
64232 10.34 49.87 2.31e-19 1.72379
64109 -154.30 85.50 2.70e-19 1.86603
64115 -154.30 83.50 2.50e-19 1.79782
64112 -154.30 84.50 2.60e-19 1.83381
63809 -159.50 76.00 1.66e-19 1.42716
64283 15.00 53.00 2.64e-19 1.84822
64280 10.03 52.87 2.62e-19 1.84074
64286 19.97 52.87 2.62e-19 1.84074
65312 105.25 69.00 2.08e-19 1.62842
65315 106.03 66.00 1.79e-19 1.49189
65309 104.36 72.00 2.36e-19 1.74307
65306 103.29 74.99 2.60e-19 1.83222
65198 -70.10 62.89 1.66e-19 1.42734
65201 -68.64 65.84 1.97e-19 1.58000
65204 -66.90 68.78 2.28e-19 1.71219
65207 -64.74 71.70 2.56e-19 1.81842
65300 99.91 80.96 2.93e-19 1.93583
65303 101.91 77.98 2.79e-19 1.89584
65078 -54.80 64.32 2.24e-19 1.69607
65081 -51.58 67.01 2.55e-19 1.81632
65411 -165.00 85.00 2.64e-19 1.84822
65084 -47.61 69.63 2.82e-19 1.90474
65087 -42.61 72.15 3.03e-19 1.95726
64859 -7.85 66.25 3.22e-19 1.95488
64865 7.04 67.80 3.17e-19 1.86299
65417 145.34 82.12 2.55e-19 1.81655
63329 99.62 69.66 2.28e-19 1.71309
63335 94.39 69.25 2.38e-19 1.75348
63449 43.95 47.55 1.73e-19 1.46486
63455 42.51 45.84 1.57e-19 1.38523
64994 52.64 70.09 3.20e-19 1.96677
64988 35.87 72.94 3.14e-19 1.83988
64991 44.88 71.70 3.22e-19 1.92308
63215 -24.50 62.76 2.92e-19 1.93166
65153 -37.87 78.68 3.18e-19 1.97136
64997 59.19 68.20 3.10e-19 1.96849
63209 -27.74 63.99 2.93e-19 1.93415
64934 40.90 69.01 3.22e-19 1.93312
64016 14.04 90.00 3.04e-19 1.95972
64931 32.88 70.09 3.17e-19 1.86308
63431 48.85 52.53 2.16e-19 1.66186
64928 24.14 70.77 3.05e-19 1.77473
64010 -159.50 86.00 2.74e-19 1.87948
63473 -159.50 70.00 1.03e-19 1.07012
64937 48.05 67.59 3.20e-19 1.96938
63437 47.11 50.90 2.03e-19 1.60396
65132 -65.42 59.53 1.47e-19 1.33207
65135 -63.62 62.41 1.80e-19 1.49824
65129 87.47 61.57 1.91e-19 1.54925
64772 64.20 48.66 1.35e-19 1.26104
64775 -37.39 50.87 1.48e-19 1.33269
64415 15.00 59.00 3.10e-19 1.96856
64412 9.19 58.85 3.08e-19 1.96635
64409 3.49 58.40 3.03e-19 1.95734
63137 -80.38 69.66 2.01e-19 1.59809
63131 -85.61 69.25 1.85e-19 1.52328
64316 -22.30 47.83 1.57e-19 1.38309
64313 -25.72 45.90 1.29e-19 1.22952
64310 -28.87 43.83 1.02e-19 1.06783
63155 -64.02 69.92 2.45e-19 1.77722
63149 -69.50 70.00 2.31e-19 1.72567
64259 -20.22 45.15 1.34e-19 1.25859
64265 -12.75 48.42 1.85e-19 1.52339
64262 -16.62 46.88 1.60e-19 1.39940
65327 -83.36 62.69 1.29e-19 1.22995
57281 15.00 -74.00 -1.01e-20 -0.01010
64100 -154.30 88.50 2.94e-19 1.93823
64103 -154.30 87.50 2.87e-19 1.91840
65237 82.04 80.22 3.09e-19 1.96801
65234 71.87 82.83 3.16e-19 1.97298
64106 -154.30 86.50 2.79e-19 1.89428
65231 52.03 85.01 3.20e-19 1.96944
65228 15.00 86.00 3.20e-19 1.96682
65267 -76.03 66.00 1.79e-19 1.49189
64088 20.50 44.00 1.64e-19 1.41914
64193 2.01 45.89 1.80e-19 1.49818
64190 -2.11 45.05 1.66e-19 1.42782
64157 -154.30 77.50 1.84e-19 1.51626
64154 -154.30 71.50 1.18e-19 1.16727
64151 -154.30 72.50 1.29e-19 1.22731
64148 -154.30 73.50 1.39e-19 1.28701
64196 6.26 46.51 1.91e-19 1.54959
64982 15.00 74.00 2.73e-19 1.57616
64985 25.77 73.73 2.97e-19 1.72210
65369 114.82 74.77 2.36e-19 1.74292
64979 4.23 73.73 2.97e-19 1.72210
65375 113.60 68.75 1.85e-19 1.52363
65372 114.03 71.77 2.12e-19 1.64469
65366 116.22 77.76 2.56e-19 1.81818
65360 124.24 83.64 2.82e-19 1.90470
65363 118.82 80.73 2.71e-19 1.87127
65459 174.45 81.43 2.31e-19 1.72419
65462 158.42 79.90 2.24e-19 1.69593
65465 147.41 77.77 2.13e-19 1.64839
63173 -53.39 69.25 2.66e-19 1.85496
65036 -20.23 74.26 3.22e-19 1.93312
65270 -75.25 69.00 2.08e-19 1.62842
65273 -74.36 72.00 2.36e-19 1.74307
64952 71.94 57.20 1.97e-19 1.57937
65276 -73.29 74.99 2.60e-19 1.83222
65030 -35.21 70.32 3.08e-19 1.96640
65033 -28.52 72.43 3.20e-19 1.96942
64808 22.07 64.82 3.22e-19 1.93311
64811 28.94 64.29 3.22e-19 1.95487
65501 148.54 73.33 1.66e-19 1.42750
63353 80.22 67.15 2.60e-19 1.83288
64817 41.53 62.26 3.09e-19 1.96812
63389 62.51 61.46 2.64e-19 1.84726
63395 59.77 60.10 2.60e-19 1.83374
65507 -152.81 75.64 1.63e-19 1.41436
65054 50.23 74.26 3.22e-19 1.93312
65096 -16.27 78.38 3.21e-19 1.91187
65051 40.07 75.72 3.17e-19 1.86302
65048 28.12 76.67 3.05e-19 1.77481
65090 -36.13 74.51 3.16e-19 1.97295
65093 -27.58 76.63 3.22e-19 1.95486
65057 58.52 72.43 3.20e-19 1.96942
64496 44.37 58.15 2.79e-19 1.89588
64490 33.56 60.56 3.09e-19 1.96809
64493 39.17 59.48 2.97e-19 1.94460
63305 121.38 69.66 1.76e-19 1.47949
63299 126.61 69.25 1.61e-19 1.40486
64058 20.50 62.00 3.20e-19 1.96800
64061 20.50 60.00 3.14e-19 1.97238
64067 20.50 58.00 3.03e-19 1.95812
64802 7.93 64.82 3.22e-19 1.93311
64805 15.00 65.00 3.22e-19 1.92308
64799 1.06 64.29 3.22e-19 1.95487
64907 -29.72 63.95 2.88e-19 1.92274
64904 -34.39 61.83 2.62e-19 1.84032
64898 -41.94 57.20 1.97e-19 1.57937
64901 -38.43 59.57 2.31e-19 1.72370
64829 60.59 55.29 2.13e-19 1.64803
64379 -31.37 46.31 1.19e-19 1.17222
64367 48.58 49.61 1.85e-19 1.52344
64364 44.55 51.21 2.12e-19 1.64456
64361 40.23 52.61 2.36e-19 1.74292
64358 35.61 53.80 2.56e-19 1.81856
63371 72.27 65.14 2.66e-19 1.85480
63101 -146.50 74.10 1.49e-19 1.33928
63107 41.70 76.00 3.18e-19 1.87542
63968 -159.50 80.00 2.11e-19 1.64155
64343 9.65 55.86 2.88e-19 1.92279
63365 76.09 66.19 2.64e-19 1.84632
64247 33.10 47.99 1.97e-19 1.58036
64340 4.38 55.44 2.82e-19 1.90499
64244 28.75 48.86 2.13e-19 1.64850
64238 19.66 49.87 2.31e-19 1.72379
64346 15.00 56.00 2.90e-19 1.92823
64241 24.26 49.49 2.24e-19 1.69601
64268 -8.62 49.77 2.08e-19 1.62851
64271 -4.25 50.90 2.28e-19 1.71172
64274 0.34 51.81 2.44e-19 1.77439
64277 5.12 52.47 2.55e-19 1.81669
65264 -76.74 62.99 1.48e-19 1.33770
65261 -77.40 59.97 1.19e-19 1.17220
65258 101.35 59.93 1.35e-19 1.26102
65324 -83.42 59.64 1.02e-19 1.06781
65321 107.40 59.97 1.19e-19 1.17220
65318 106.74 62.99 1.48e-19 1.33770
64145 -154.30 74.50 1.50e-19 1.34607
65189 93.62 62.41 1.80e-19 1.49824
65195 -71.35 59.93 1.35e-19 1.26102
64139 -154.30 76.50 1.72e-19 1.46100
65441 -105.01 72.61 1.79e-19 1.49168
65438 -101.49 69.80 1.57e-19 1.38355
65444 -110.04 75.29 1.97e-19 1.58013
65447 -117.41 77.77 2.13e-19 1.64839
63341 89.39 68.69 2.47e-19 1.78675
63347 84.65 67.98 2.54e-19 1.81290
65018 -45.03 65.56 2.62e-19 1.84029
65027 -40.62 68.01 2.88e-19 1.92265
65159 -8.31 82.40 3.22e-19 1.93311
63239 -16.23 58.68 2.80e-19 1.89788
63245 -13.89 57.20 2.72e-19 1.87430
65165 38.31 82.40 3.22e-19 1.93311
63419 50.72 54.13 2.28e-19 1.71185
64943 59.72 63.95 2.88e-19 1.92274
64946 64.39 61.83 2.62e-19 1.84032
64847 -30.17 59.65 2.55e-19 1.81646
65141 -58.92 68.10 2.44e-19 1.77418
65138 -61.49 65.27 2.13e-19 1.64811
64838 67.39 50.87 1.48e-19 1.33269
64841 -37.82 55.26 1.91e-19 1.54898
64844 -34.24 57.52 2.24e-19 1.69583
64478 8.63 61.84 3.20e-19 1.96944
64481 15.00 62.00 3.20e-19 1.96682
64484 21.37 61.84 3.20e-19 1.96944
64487 27.59 61.35 3.16e-19 1.97298
64421 26.51 58.40 3.03e-19 1.95734
64424 32.00 57.66 2.93e-19 1.93585
64853 -20.33 63.41 3.03e-19 1.95724
64850 -25.56 61.63 2.82e-19 1.90502
64856 -14.43 64.97 3.16e-19 1.97303
63143 -74.98 69.92 2.17e-19 1.66637
64307 50.22 45.15 1.34e-19 1.25859
64298 38.62 49.77 2.08e-19 1.62851
64301 42.75 48.42 1.85e-19 1.52339
64304 46.62 46.88 1.60e-19 1.39940
64874 30.65 67.20 3.21e-19 1.91191
64868 15.00 68.00 3.14e-19 1.83990
64871 22.96 67.80 3.17e-19 1.86299
64877 37.85 66.25 3.22e-19 1.95488
64022 20.50 86.00 3.20e-19 1.96700
64025 20.50 84.00 3.22e-19 1.94295
64397 -16.66 53.94 2.36e-19 1.74332
64019 20.50 88.00 3.14e-19 1.97268
64394 -20.85 52.27 2.08e-19 1.62842
64388 -28.18 48.44 1.48e-19 1.33775
64391 -24.68 50.43 1.79e-19 1.49167
64214 32.11 45.05 1.66e-19 1.42782
64097 -154.30 89.50 3.01e-19 1.95368
64211 27.99 45.89 1.80e-19 1.49818
65219 -52.04 80.22 3.09e-19 1.96801
64217 -11.20 45.58 1.57e-19 1.38329
65222 -41.87 82.83 3.16e-19 1.97298
64427 37.23 56.66 2.79e-19 1.89597
64199 10.61 46.88 1.97e-19 1.57986
64202 15.00 47.00 2.00e-19 1.58954
64205 19.39 46.88 1.97e-19 1.57986
64976 -5.87 72.94 3.14e-19 1.83988
64973 -14.88 71.70 3.22e-19 1.92308
64970 -22.64 70.09 3.20e-19 1.96677
65450 -128.42 79.90 2.24e-19 1.69593
65453 -144.45 81.43 2.31e-19 1.72419
65162 15.00 83.00 3.22e-19 1.92308
63203 -31.27 65.14 2.92e-19 1.93278
65279 -71.91 77.98 2.79e-19 1.89584
65285 -66.36 83.93 3.03e-19 1.95728
65282 -69.91 80.96 2.93e-19 1.93583
65471 135.01 72.61 1.79e-19 1.49168
65468 140.04 75.29 1.97e-19 1.58013
65474 131.49 69.80 1.57e-19 1.38355
65477 -118.54 73.33 1.66e-19 1.42750
62993 15.00 -90.00 -7.87e-20 -0.07868
64940 54.30 65.88 3.08e-19 1.96626
65099 -1.81 79.57 3.17e-19 1.86301
65105 31.81 79.57 3.17e-19 1.86301
65102 15.00 80.00 3.14e-19 1.83990
64688 60.98 50.85 1.66e-19 1.42740
65405 -115.34 82.12 2.55e-19 1.81655
65402 -105.13 79.58 2.44e-19 1.77435
65399 -99.24 76.82 2.28e-19 1.71213
63269 -6.11 50.90 2.25e-19 1.69963
63275 -4.48 49.24 2.09e-19 1.63344
64037 20.50 76.00 2.93e-19 1.69732
64034 20.50 78.00 3.05e-19 1.77342
64028 20.50 82.00 3.20e-19 1.90139
64031 20.50 80.00 3.14e-19 1.84392
64916 -10.90 69.01 3.22e-19 1.93312
64793 -11.53 62.26 3.09e-19 1.96812
64790 -17.07 60.82 2.93e-19 1.93571
64910 -24.30 65.88 3.08e-19 1.96626
64913 -18.05 67.59 3.20e-19 1.96938
64796 -5.47 63.42 3.18e-19 1.97132
65144 -55.70 70.89 2.71e-19 1.87140
64430 42.12 55.41 2.60e-19 1.83250
64433 46.66 53.94 2.36e-19 1.74332
64349 20.35 55.86 2.88e-19 1.92279
64352 25.62 55.44 2.82e-19 1.90499
64355 30.72 54.74 2.71e-19 1.87105
63383 65.50 62.76 2.66e-19 1.85502
63113 -138.30 76.00 1.75e-19 1.47195
64436 50.85 52.27 2.08e-19 1.62842
64334 -5.61 53.80 2.56e-19 1.81856
65504 -141.78 74.62 1.57e-19 1.38321
64331 -10.23 52.61 2.36e-19 1.74292
64328 -14.55 51.21 2.12e-19 1.64456
64169 15.00 41.00 1.32e-19 1.24836
64172 18.97 40.88 1.31e-19 1.23797
64175 6.71 43.52 1.57e-19 1.38391
64337 -0.72 54.74 2.71e-19 1.87105
64814 35.47 63.42 3.18e-19 1.97132
65147 -51.53 73.61 2.93e-19 1.93593
65249 96.90 68.78 2.28e-19 1.71219
64085 20.50 46.00 1.87e-19 1.53084
65336 -84.03 71.77 2.12e-19 1.64469
65252 98.64 65.84 1.97e-19 1.58000
65255 100.10 62.89 1.66e-19 1.42734
65330 -83.40 65.72 1.57e-19 1.38347
65333 -83.60 68.75 1.85e-19 1.52363
64418 20.81 58.85 3.08e-19 1.96635
64133 -154.30 79.50 2.07e-19 1.62082
65186 91.49 65.27 2.13e-19 1.64811
64136 -154.30 78.50 1.95e-19 1.56964
65183 88.92 68.10 2.44e-19 1.77418
65180 85.70 70.89 2.71e-19 1.87140
65192 95.42 59.53 1.47e-19 1.33207
65414 164.13 84.15 2.62e-19 1.84076
65432 121.61 68.04 1.60e-19 1.39905
65435 120.51 65.03 1.34e-19 1.25855
63263 -7.85 52.53 2.39e-19 1.75681
65429 123.21 71.02 1.85e-19 1.52386
65408 -134.13 84.15 2.62e-19 1.84076
63317 110.50 70.00 2.04e-19 1.61073
63311 115.98 69.92 1.91e-19 1.54902
65009 76.59 58.92 1.99e-19 1.58912
65015 -48.69 63.02 2.31e-19 1.72420
65012 -51.77 60.39 1.97e-19 1.57922
65528 -165.00 70.00 1.02e-19 1.06758
65531 -165.00 67.00 7.63e-20 0.89053
63413 52.73 55.69 2.38e-19 1.75355
64955 -46.59 58.92 1.99e-19 1.58912
64949 68.43 59.57 2.31e-19 1.72370
65111 57.58 76.63 3.22e-19 1.95486
65168 55.98 80.83 3.22e-19 1.95485
65108 46.27 78.38 3.21e-19 1.91187
65114 66.13 74.51 3.16e-19 1.97295
65117 72.61 72.15 3.03e-19 1.95726
64862 -0.65 67.20 3.21e-19 1.91191
64835 64.18 53.14 1.80e-19 1.49883
65456 -165.00 82.00 2.33e-19 1.73316
64469 -9.17 59.48 2.97e-19 1.94460
64475 2.41 61.35 3.16e-19 1.97298
64472 -3.56 60.56 3.09e-19 1.96809
65513 -177.19 75.64 1.63e-19 1.41436
65510 -165.00 76.00 1.65e-19 1.42514
65516 171.78 74.62 1.57e-19 1.38321
64451 -34.20 48.66 1.35e-19 1.26104
64454 -30.98 50.85 1.66e-19 1.42740
63905 -159.50 78.00 1.88e-19 1.53838
64289 24.88 52.47 2.55e-19 1.81669
64295 34.25 50.90 2.28e-19 1.71172
64292 29.66 51.81 2.44e-19 1.77439
64883 50.33 63.41 3.03e-19 1.95724
64880 44.43 64.97 3.16e-19 1.97303
65498 156.21 75.54 1.80e-19 1.49850
63584 -159.50 72.00 1.22e-19 1.19057
64886 55.56 61.63 2.82e-19 1.90502
64406 -2.00 57.66 2.93e-19 1.93585
65378 113.40 65.72 1.57e-19 1.38347
64403 -7.23 56.66 2.79e-19 1.89597
64400 -12.12 55.41 2.60e-19 1.83250
64223 -3.10 47.99 1.97e-19 1.58036
64220 -7.26 46.89 1.79e-19 1.49137
64118 -154.30 82.50 2.40e-19 1.75827
64121 -154.30 81.50 2.29e-19 1.71542
64226 1.25 48.86 2.13e-19 1.64850
64124 -154.30 80.50 2.18e-19 1.66951
63161 -58.62 69.66 2.56e-19 1.81987
