63095   40.40   47.00 1.153395e-019
63101 -146.50   74.10 1.103105e-019
63107   41.70   76.00 1.476782e-019
63113 -138.30   76.00 1.154160e-019
63119  -95.35   67.98 1.108923e-019
63125  -90.61   68.69 1.142508e-019
63131  -85.61   69.25 1.174127e-019
63137  -80.38   69.66 1.203662e-019
63143  -74.98   69.92 1.231008e-019
63149  -69.50   70.00 1.256062e-019
63155  -64.02   69.92 1.278731e-019
63161  -58.62   69.66 1.298927e-019
63173  -53.39   69.25 1.316571e-019
63179  -48.39   68.69 1.331591e-019
63185  -43.65   67.98 1.343922e-019
63191  -39.22   67.15 1.353505e-019
63197  -35.09   66.19 1.360291e-019
63203  -31.27   65.14 1.364240e-019
63209  -27.74   63.99 1.365317e-019
63215  -24.50   62.76 1.363499e-019
63221  -21.51   61.46 1.358771e-019
63227  -18.77   60.10 1.351128e-019
63239  -16.23   58.68 1.340574e-019
63245  -13.89   57.20 1.327124e-019
63251  -11.73   55.69 1.310805e-019
63257   -9.72   54.13 1.291654e-019
63263   -7.85   52.53 1.269720e-019
63269   -6.11   50.90 1.245065e-019
63275   -4.48   49.24 1.217763e-019
63281   -2.95   47.55 1.187903e-019
63287   -1.51   45.84 1.155585e-019
63293   -0.15   44.10 1.120923e-019
63299  126.61   69.25 1.128375e-019
63305  121.38   69.66 1.157231e-019
63311  115.98   69.92 1.183992e-019
63317  110.50   70.00 1.208558e-019
63323  105.02   69.92 1.230838e-019
63329   99.62   69.66 1.250745e-019
63335   94.39   69.25 1.268203e-019
63341   89.39   68.69 1.283138e-019
63347   84.65   67.98 1.295486e-019
63353   80.22   67.15 1.305191e-019
63365   76.09   66.19 1.312202e-019
63371   72.27   65.14 1.316479e-019
63377   68.74   63.99 1.317987e-019
63383   65.50   62.76 1.316701e-019
63389   62.51   61.46 1.312606e-019
63395   59.77   60.10 1.305693e-019
63401   57.23   58.68 1.295966e-019
63407   54.89   57.20 1.283437e-019
63413   52.73   55.69 1.268129e-019
63419   50.72   54.13 1.250078e-019
63431   48.85   52.53 1.229328e-019
63437   47.11   50.90 1.205937e-019
63443   45.48   49.24 1.179974e-019
63449   43.95   47.55 1.151524e-019
63455   42.51   45.84 1.120680e-019
63473 -159.50   70.00 9.974356e-020
63584 -159.50   72.00 1.045418e-019
63776 -159.50   74.00 1.091976e-019
63809 -159.50   76.00 1.136893e-019
63905 -159.50   78.00 1.179963e-019
63968 -159.50   80.00 1.220984e-019
64004 -159.50   82.00 1.259768e-019
64007 -159.50   84.00 1.296134e-019
64010 -159.50   86.00 1.329916e-019
64013 -159.50   88.00 1.360956e-019
64016   14.04   90.00 1.389113e-019
64019   20.50   88.00 1.414255e-019
64022   20.50   86.00 1.436267e-019
64025   20.50   84.00 1.455047e-019
64028   20.50   82.00 1.470510e-019
64031   20.50   80.00 1.482583e-019
64034   20.50   78.00 1.491211e-019
64037   20.50   76.00 1.496355e-019
64040   20.50   74.00 1.497990e-019
64043   20.50   72.00 1.496109e-019
64046   20.50   70.00 1.490721e-019
64049   20.50   68.00 1.481850e-019
64052   20.50   66.00 1.469538e-019
64055   20.50   64.00 1.453841e-019
64058   20.50   62.00 1.434832e-019
64061   20.50   60.00 1.412598e-019
64067   20.50   58.00 1.387241e-019
64070   20.50   56.00 1.358878e-019
64073   20.50   54.00 1.327641e-019
64076   20.50   52.00 1.293674e-019
64079   20.50   50.00 1.257133e-019
64082   20.50   48.00 1.218187e-019
64085   20.50   46.00 1.177016e-019
64088   20.50   44.00 1.133811e-019
64091   20.50   42.00 1.088772e-019
64094   20.50   40.00 1.042107e-019
64097 -154.30   89.50 1.382437e-019
64100 -154.30   88.50 1.368526e-019
64103 -154.30   87.50 1.353884e-019
64106 -154.30   86.50 1.338527e-019
64109 -154.30   85.50 1.322473e-019
64112 -154.30   84.50 1.305741e-019
64115 -154.30   83.50 1.288350e-019
64118 -154.30   82.50 1.270319e-019
64121 -154.30   81.50 1.251671e-019
64124 -154.30   80.50 1.232425e-019
64133 -154.30   79.50 1.212606e-019
64136 -154.30   78.50 1.192234e-019
64139 -154.30   76.50 1.149933e-019
64142 -154.30   75.50 1.128051e-019
64145 -154.30   74.50 1.105716e-019
64148 -154.30   73.50 1.082953e-019
64151 -154.30   72.50 1.059788e-019
64154 -154.30   71.50 1.036250e-019
64157 -154.30   77.50 1.171335e-019
64160   15.00   35.00 9.221469e-020
64163   15.00   38.00 9.964053e-020
64166   11.03   40.88 1.063971e-019
64169   15.00   41.00 1.067978e-019
64172   18.97   40.88 1.063971e-019
64175    6.71   43.52 1.120166e-019
64178   10.84   43.88 1.132119e-019
64181   15.00   44.00 1.136117e-019
64184   19.16   43.88 1.132119e-019
64187   23.29   43.52 1.120166e-019
64190   -2.11   45.05 1.137088e-019
64193    2.01   45.89 1.164449e-019
64196    6.26   46.51 1.184195e-019
64199   10.61   46.88 1.196123e-019
64202   15.00   47.00 1.200113e-019
64205   19.39   46.88 1.196123e-019
64208   23.74   46.51 1.184195e-019
64211   27.99   45.89 1.164449e-019
64214   32.11   45.05 1.137088e-019
64217  -11.20   45.58 1.120166e-019
64220   -7.26   46.89 1.161762e-019
64223   -3.10   47.99 1.196392e-019
64226    1.25   48.86 1.223701e-019
64229    5.74   49.49 1.243410e-019
64232   10.34   49.87 1.255316e-019
64235   15.00   50.00 1.259298e-019
64238   19.66   49.87 1.255316e-019
64241   24.26   49.49 1.243410e-019
64244   28.75   48.86 1.223701e-019
64247   33.10   47.99 1.196392e-019
64250   37.26   46.89 1.161762e-019
64253   41.20   45.58 1.120166e-019
64259  -20.22   45.15 1.072029e-019
64262  -16.62   46.88 1.126110e-019
64265  -12.75   48.42 1.174159e-019
64268   -8.62   49.77 1.215683e-019
64271   -4.25   50.90 1.250254e-019
64274    0.34   51.81 1.277518e-019
64277    5.12   52.47 1.297195e-019
64280   10.03   52.87 1.309082e-019
64283   15.00   53.00 1.313058e-019
64286   19.97   52.87 1.309082e-019
64289   24.88   52.47 1.297195e-019
64292   29.66   51.81 1.277518e-019
64295   34.25   50.90 1.250254e-019
64298   38.62   49.77 1.215683e-019
64301   42.75   48.42 1.174159e-019
64304   46.62   46.88 1.126110e-019
64307   50.22   45.15 1.072029e-019
64310  -28.87   43.83 9.964053e-020
64313  -25.72   45.90 1.060710e-019
64316  -22.30   47.83 1.120166e-019
64325  -18.58   49.61 1.174159e-019
64328  -14.55   51.21 1.222134e-019
64331  -10.23   52.61 1.263596e-019
64334   -5.61   53.80 1.298117e-019
64337   -0.72   54.74 1.325343e-019
64340    4.38   55.44 1.344992e-019
64343    9.65   55.86 1.356864e-019
64346   15.00   56.00 1.360834e-019
64349   20.35   55.86 1.356864e-019
64352   25.62   55.44 1.344992e-019
64355   30.72   54.74 1.325343e-019
64358   35.61   53.80 1.298117e-019
64361   40.23   52.61 1.263596e-019
64364   44.55   51.21 1.222134e-019
64367   48.58   49.61 1.174159e-019
64370   52.30   47.83 1.120166e-019
64373   55.72   45.90 1.060710e-019
64376   58.87   43.83 9.964053e-020
64379  -31.37   46.31 1.038183e-019
64388  -28.18   48.44 1.102391e-019
64391  -24.68   50.43 1.161762e-019
64394  -20.85   52.27 1.215683e-019
64397  -16.66   53.94 1.263596e-019
64400  -12.12   55.41 1.305006e-019
64403   -7.23   56.66 1.339485e-019
64406   -2.00   57.66 1.366679e-019
64409    3.49   58.40 1.386306e-019
64412    9.19   58.85 1.398164e-019
64415   15.00   59.00 1.402130e-019
64418   20.81   58.85 1.398164e-019
64421   26.51   58.40 1.386306e-019
64424   32.00   57.66 1.366679e-019
64427   37.23   56.66 1.339485e-019
64430   42.12   55.41 1.305006e-019
64433   46.66   53.94 1.263596e-019
64436   50.85   52.27 1.215683e-019
64439   54.68   50.43 1.161762e-019
64442   58.18   48.44 1.102391e-019
64445   61.37   46.31 1.038183e-019
64451  -34.20   48.66 1.072958e-019
64454  -30.98   50.85 1.137088e-019
64457  -27.42   52.92 1.196392e-019
64460  -23.49   54.84 1.250254e-019
64463  -19.14   56.59 1.298117e-019
64466  -14.37   58.15 1.339485e-019
64469   -9.17   59.48 1.373932e-019
64472   -3.56   60.56 1.401099e-019
64475    2.41   61.35 1.420708e-019
64478    8.63   61.84 1.432555e-019
64481   15.00   62.00 1.436517e-019
64484   21.37   61.84 1.432555e-019
64487   27.59   61.35 1.420708e-019
64490   33.56   60.56 1.401099e-019
64493   39.17   59.48 1.373932e-019
64496   44.37   58.15 1.339485e-019
64499   49.14   56.59 1.298117e-019
64544   53.49   54.84 1.250254e-019
64592   57.42   52.92 1.196392e-019
64688   60.98   50.85 1.137088e-019
64772   64.20   48.66 1.072958e-019
64775  -37.39   50.87 1.100378e-019
64778  -34.18   53.14 1.164449e-019
64781  -30.59   55.29 1.223701e-019
64784  -26.57   57.31 1.277518e-019
64787  -22.08   59.16 1.325343e-019
64790  -17.07   60.82 1.366679e-019
64793  -11.53   62.26 1.401099e-019
64796   -5.47   63.42 1.428247e-019
64799    1.06   64.29 1.447842e-019
64802    7.93   64.82 1.459680e-019
64805   15.00   65.00 1.463640e-019
64808   22.07   64.82 1.459680e-019
64811   28.94   64.29 1.447842e-019
64814   35.47   63.42 1.428247e-019
64817   41.53   62.26 1.401099e-019
64820   47.07   60.82 1.366679e-019
64823   52.08   59.16 1.325343e-019
64826   56.57   57.31 1.277518e-019
64829   60.59   55.29 1.223701e-019
64835   64.18   53.14 1.164449e-019
64838   67.39   50.87 1.100378e-019
64841  -37.82   55.26 1.184195e-019
64844  -34.24   57.52 1.243410e-019
64847  -30.17   59.65 1.297195e-019
64850  -25.56   61.63 1.344992e-019
64853  -20.33   63.41 1.386306e-019
64856  -14.43   64.97 1.420708e-019
64859   -7.85   66.25 1.447842e-019
64862   -0.65   67.20 1.467426e-019
64865    7.04   67.80 1.479259e-019
64868   15.00   68.00 1.483216e-019
64871   22.96   67.80 1.479259e-019
64874   30.65   67.20 1.467426e-019
64877   37.85   66.25 1.447842e-019
64880   44.43   64.97 1.420708e-019
64883   50.33   63.41 1.386306e-019
64886   55.56   61.63 1.344992e-019
64889   60.17   59.65 1.297195e-019
64892   64.24   57.52 1.243410e-019
64895   67.82   55.26 1.184195e-019
64898  -41.94   57.20 1.196123e-019
64901  -38.43   59.57 1.255316e-019
64904  -34.39   61.83 1.309082e-019
64907  -29.72   63.95 1.356864e-019
64910  -24.30   65.88 1.398164e-019
64913  -18.05   67.59 1.432555e-019
64916  -10.90   69.01 1.459680e-019
64919   -2.88   70.09 1.479259e-019
64922    5.86   70.77 1.491087e-019
64925   15.00   71.00 1.495044e-019
64928   24.14   70.77 1.491087e-019
64931   32.88   70.09 1.479259e-019
64934   40.90   69.01 1.459680e-019
64937   48.05   67.59 1.432555e-019
64940   54.30   65.88 1.398164e-019
64943   59.72   63.95 1.356864e-019
64946   64.39   61.83 1.309082e-019
64949   68.43   59.57 1.255316e-019
64952   71.94   57.20 1.196123e-019
64955  -46.59   58.92 1.200113e-019
64958  -43.24   61.42 1.259298e-019
64961  -39.32   63.82 1.313058e-019
64964  -34.69   66.09 1.360834e-019
64967  -29.19   68.20 1.402130e-019
64970  -22.64   70.09 1.436517e-019
64973  -14.88   71.70 1.463640e-019
64976   -5.87   72.94 1.483216e-019
64979    4.23   73.73 1.495044e-019
64982   15.00   74.00 1.499000e-019
64985   25.77   73.73 1.495044e-019
64988   35.87   72.94 1.483216e-019
64991   44.88   71.70 1.463640e-019
64994   52.64   70.09 1.436517e-019
64997   59.19   68.20 1.402130e-019
65000   64.69   66.09 1.360834e-019
65003   69.32   63.82 1.313058e-019
65006   73.24   61.42 1.259298e-019
65009   76.59   58.92 1.200113e-019
65012  -51.77   60.39 1.196123e-019
65015  -48.69   63.02 1.255316e-019
65018  -45.03   65.56 1.309082e-019
65027  -40.62   68.01 1.356864e-019
65030  -35.21   70.32 1.398164e-019
65033  -28.52   72.43 1.432555e-019
65036  -20.23   74.26 1.459680e-019
65039  -10.07   75.72 1.479259e-019
65042    1.88   76.67 1.491087e-019
65045   15.00   77.00 1.495044e-019
65048   28.12   76.67 1.491087e-019
65051   40.07   75.72 1.479259e-019
65054   50.23   74.26 1.459680e-019
65057   58.52   72.43 1.432555e-019
65060   65.21   70.32 1.398164e-019
65063   70.62   68.01 1.356864e-019
65066   75.03   65.56 1.309082e-019
65069   78.69   63.02 1.255316e-019
65072   81.77   60.39 1.196123e-019
65075  -57.47   61.57 1.184195e-019
65078  -54.80   64.32 1.243410e-019
65081  -51.58   67.01 1.297195e-019
65084  -47.61   69.63 1.344992e-019
65087  -42.61   72.15 1.386306e-019
65090  -36.13   74.51 1.420708e-019
65093  -27.58   76.63 1.447842e-019
65096  -16.27   78.38 1.467426e-019
65099   -1.81   79.57 1.479259e-019
65102   15.00   80.00 1.483216e-019
65105   31.81   79.57 1.479259e-019
65108   46.27   78.38 1.467426e-019
65111   57.58   76.63 1.447842e-019
65114   66.13   74.51 1.420708e-019
65117   72.61   72.15 1.386306e-019
65120   77.61   69.63 1.344992e-019
65123   81.58   67.01 1.297195e-019
65126   84.80   64.32 1.243410e-019
65129   87.47   61.57 1.184195e-019
65132  -65.42   59.53 1.100378e-019
65135  -63.62   62.41 1.164449e-019
65138  -61.49   65.27 1.223701e-019
65141  -58.92   68.10 1.277518e-019
65144  -55.70   70.89 1.325343e-019
65147  -51.53   73.61 1.366679e-019
65150  -45.89   76.23 1.401099e-019
65153  -37.87   78.68 1.428247e-019
65156  -25.98   80.83 1.447842e-019
65159   -8.31   82.40 1.459680e-019
65162   15.00   83.00 1.463640e-019
65165   38.31   82.40 1.459680e-019
65168   55.98   80.83 1.447842e-019
65171   67.87   78.68 1.428247e-019
65174   75.89   76.23 1.401099e-019
65177   81.53   73.61 1.366679e-019
65180   85.70   70.89 1.325343e-019
65183   88.92   68.10 1.277518e-019
65186   91.49   65.27 1.223701e-019
65189   93.62   62.41 1.164449e-019
65192   95.42   59.53 1.100378e-019
65195  -71.35   59.93 1.072958e-019
65198  -70.10   62.89 1.137088e-019
65201  -68.64   65.84 1.196392e-019
65204  -66.90   68.78 1.250254e-019
65207  -64.74   71.70 1.298117e-019
65210  -61.92   74.59 1.339485e-019
65213  -57.99   77.44 1.373932e-019
65219  -52.04   80.22 1.401099e-019
65222  -41.87   82.83 1.420708e-019
65225  -22.03   85.01 1.432555e-019
65228   15.00   86.00 1.436517e-019
65231   52.03   85.01 1.432555e-019
65234   71.87   82.83 1.420708e-019
65237   82.04   80.22 1.401099e-019
65240   87.99   77.44 1.373932e-019
65243   91.92   74.59 1.339485e-019
65246   94.74   71.70 1.298117e-019
65249   96.90   68.78 1.250254e-019
65252   98.64   65.84 1.196392e-019
65255  100.10   62.89 1.137088e-019
65258  101.35   59.93 1.072958e-019
65261  -77.40   59.97 1.038183e-019
65264  -76.74   62.99 1.102391e-019
65267  -76.03   66.00 1.161762e-019
65270  -75.25   69.00 1.215683e-019
65273  -74.36   72.00 1.263596e-019
65276  -73.29   74.99 1.305006e-019
65279  -71.91   77.98 1.339485e-019
65282  -69.91   80.96 1.366679e-019
65285  -66.36   83.93 1.386306e-019
65288  -56.94   86.84 1.398164e-019
65291   15.00   89.00 1.402130e-019
65294   86.94   86.84 1.398164e-019
65297   96.36   83.93 1.386306e-019
65300   99.91   80.96 1.366679e-019
65303  101.91   77.98 1.339485e-019
65306  103.29   74.99 1.305006e-019
65309  104.36   72.00 1.263596e-019
65312  105.25   69.00 1.215683e-019
65315  106.03   66.00 1.161762e-019
65318  106.74   62.99 1.102391e-019
65321  107.40   59.97 1.038183e-019
65324  -83.42   59.64 9.964053e-020
65327  -83.36   62.69 1.060710e-019
65330  -83.40   65.72 1.120166e-019
65333  -83.60   68.75 1.174159e-019
65336  -84.03   71.77 1.222134e-019
65339  -84.82   74.77 1.263596e-019
65342  -86.22   77.76 1.298117e-019
65345  -88.82   80.73 1.325343e-019
65348  -94.24   83.64 1.344992e-019
65351 -109.00   86.38 1.356864e-019
65354 -165.00   88.00 1.360834e-019
65357  139.00   86.38 1.356864e-019
65360  124.24   83.64 1.344992e-019
65363  118.82   80.73 1.325343e-019
65366  116.22   77.76 1.298117e-019
65369  114.82   74.77 1.263596e-019
65372  114.03   71.77 1.222134e-019
65375  113.60   68.75 1.174159e-019
65378  113.40   65.72 1.120166e-019
65381  113.36   62.69 1.060710e-019
65384  113.42   59.64 9.964053e-020
65387  -90.51   65.03 1.072029e-019
65390  -91.61   68.04 1.126110e-019
65393  -93.21   71.02 1.174159e-019
65396  -95.59   73.95 1.215683e-019
65399  -99.24   76.82 1.250254e-019
65402 -105.13   79.58 1.277518e-019
65405 -115.34   82.12 1.297195e-019
65408 -134.13   84.15 1.309082e-019
65411 -165.00   85.00 1.313058e-019
65414  164.13   84.15 1.309082e-019
65417  145.34   82.12 1.297195e-019
65420  135.13   79.58 1.277518e-019
65423  129.24   76.82 1.250254e-019
65426  125.59   73.95 1.215683e-019
65429  123.21   71.02 1.174159e-019
65432  121.61   68.04 1.126110e-019
65435  120.51   65.03 1.072029e-019
65438 -101.49   69.80 1.120166e-019
65441 -105.01   72.61 1.161762e-019
65444 -110.04   75.29 1.196392e-019
65447 -117.41   77.77 1.223701e-019
65450 -128.42   79.90 1.243410e-019
65453 -144.45   81.43 1.255316e-019
65456 -165.00   82.00 1.259298e-019
65459  174.45   81.43 1.255316e-019
65462  158.42   79.90 1.243410e-019
65465  147.41   77.77 1.223701e-019
65468  140.04   75.29 1.196392e-019
65471  135.01   72.61 1.161762e-019
65474  131.49   69.80 1.120166e-019
65477 -118.54   73.33 1.137088e-019
65480 -126.21   75.54 1.164449e-019
65483 -136.50   77.35 1.184195e-019
65486 -149.69   78.56 1.196123e-019
65489 -165.00   79.00 1.200113e-019
65492  179.69   78.56 1.196123e-019
65495  166.50   77.35 1.184195e-019
65498  156.21   75.54 1.164449e-019
65501  148.54   73.33 1.137088e-019
65504 -141.78   74.62 1.120166e-019
65507 -152.81   75.64 1.132119e-019
65510 -165.00   76.00 1.136117e-019
65513 -177.19   75.64 1.132119e-019
65516  171.78   74.62 1.120166e-019
65519 -154.87   72.69 1.063971e-019
65522 -165.00   73.00 1.067978e-019
65525 -175.13   72.69 1.063971e-019
65528 -165.00   70.00 9.964053e-020
65531 -165.00   67.00 9.221469e-020
