65006 73.24 61.42 1.52e-19 1.08669
65000 64.69 66.09 1.77e-19 1.09690
65003 69.32 63.82 1.65e-19 1.09357
63197 -35.09 66.19 1.77e-19 1.09687
64142 -154.30 75.50 1.20e-19 1.06081
63191 -39.22 67.15 1.75e-19 1.09670
65213 -57.99 77.44 1.80e-19 1.09728
65210 -61.92 74.59 1.72e-19 1.09581
65294 86.94 86.84 1.85e-19 1.09702
65291 15.00 89.00 1.86e-19 1.09683
65288 -56.94 86.84 1.85e-19 1.09702
65075 -57.47 61.57 1.33e-19 1.07326
62987 15.00 -74.00 4.10e-20 0.04099
65072 81.77 60.39 1.36e-19 1.07552
65486 -149.69 78.56 1.36e-19 1.07546
65069 78.69 63.02 1.51e-19 1.08622
65420 135.13 79.58 1.57e-19 1.08937
62981 15.00 -90.00 1.16e-19 0.11588
65483 -136.50 77.35 1.33e-19 1.07336
65156 -25.98 80.83 1.93e-19 1.09084
65426 125.59 73.95 1.41e-19 1.07939
65480 -126.21 75.54 1.29e-19 1.06905
63281 -2.95 47.55 1.34e-19 1.07387
63287 -1.51 45.84 1.26e-19 1.06723
65150 -45.89 76.23 1.86e-19 1.09686
65390 -91.61 68.04 1.19e-19 1.06032
63227 -18.77 60.10 1.75e-19 1.09655
65393 -93.21 71.02 1.31e-19 1.07130
65396 -95.59 73.95 1.41e-19 1.07939
63221 -21.51 61.46 1.76e-19 1.09685
63443 45.48 49.24 1.32e-19 1.07228
64046 20.50 70.00 1.94e-19 1.06809
64082 20.50 48.00 1.42e-19 1.07982
64043 20.50 72.00 1.91e-19 1.05908
64040 20.50 74.00 1.89e-19 1.05320
64781 -30.59 55.29 1.43e-19 1.08074
64778 -34.18 53.14 1.29e-19 1.06920
64784 -26.57 57.31 1.57e-19 1.08934
64079 20.50 50.00 1.52e-19 1.08639
64787 -22.08 59.16 1.68e-19 1.09461
64919 -2.88 70.09 1.95e-19 1.07827
64925 15.00 71.00 1.92e-19 1.06140
64922 5.86 70.77 1.93e-19 1.06762
64439 54.68 50.43 1.28e-19 1.06851
64445 61.37 46.31 9.92e-20 1.03754
64442 58.18 48.44 1.14e-19 1.05472
63119 -95.35 67.98 1.15e-19 1.05617
63125 -90.61 68.69 1.23e-19 1.06435
63377 68.74 63.99 1.67e-19 1.09405
64544 53.49 54.84 1.50e-19 1.08523
64187 23.29 43.52 1.18e-19 1.05905
64325 -18.58 49.61 1.31e-19 1.07111
63776 -159.50 74.00 1.11e-19 1.05193
64181 15.00 44.00 1.22e-19 1.06270
64178 10.84 43.88 1.21e-19 1.06182
64184 19.16 43.88 1.21e-19 1.06182
64013 -159.50 88.00 1.77e-19 1.09697
64250 37.26 46.89 1.28e-19 1.06838
64253 41.20 45.58 1.18e-19 1.05875
64073 20.50 54.00 1.69e-19 1.09493
64070 20.50 56.00 1.76e-19 1.09689
65246 94.74 71.70 1.62e-19 1.09200
65492 179.69 78.56 1.36e-19 1.07546
65243 91.92 74.59 1.72e-19 1.09581
65495 166.50 77.35 1.33e-19 1.07336
64076 20.50 52.00 1.61e-19 1.09143
65240 87.99 77.44 1.80e-19 1.09728
64208 23.74 46.51 1.33e-19 1.07341
64457 -27.42 52.92 1.36e-19 1.07569
65177 81.53 73.61 1.78e-19 1.09715
64166 11.03 40.88 1.05e-19 1.04455
64163 15.00 38.00 9.02e-20 1.02540
65171 67.87 78.68 1.91e-19 1.09447
64094 20.50 40.00 1.00e-19 1.03861
65174 75.89 76.23 1.86e-19 1.09686
64160 15.00 35.00 7.53e-20 1.00199
65387 -90.51 65.03 1.07e-19 1.04662
63257 -9.72 54.13 1.60e-19 1.09125
65297 96.36 83.93 1.82e-19 1.09730
63251 -11.73 55.69 1.65e-19 1.09344
65381 113.36 62.69 1.04e-19 1.04386
65384 113.42 59.64 9.03e-20 1.02553
65357 139.00 86.38 1.76e-19 1.09679
65348 -94.24 83.64 1.73e-19 1.09614
65351 -109.00 86.38 1.76e-19 1.09679
64091 20.50 42.00 1.11e-19 1.05111
65354 -165.00 88.00 1.77e-19 1.09696
63179 -48.39 68.69 1.70e-19 1.09530
63185 -43.65 67.98 1.73e-19 1.09613
63323 105.02 69.92 1.45e-19 1.08220
65342 -86.22 77.76 1.62e-19 1.09190
65345 -88.82 80.73 1.68e-19 1.09473
65339 -84.82 74.77 1.53e-19 1.08732
65045 15.00 77.00 1.92e-19 1.06140
65042 1.88 76.67 1.93e-19 1.06764
65039 -10.07 75.72 1.95e-19 1.07827
63407 54.89 57.20 1.58e-19 1.09005
65423 129.24 76.82 1.50e-19 1.08533
64823 52.08 59.16 1.68e-19 1.09461
65489 -165.00 79.00 1.37e-19 1.07641
64820 47.07 60.82 1.78e-19 1.09706
64967 -29.19 68.20 1.86e-19 1.09679
64964 -34.69 66.09 1.77e-19 1.09690
63401 57.23 58.68 1.61e-19 1.09181
63095 40.40 47.00 1.26e-19 1.06664
64961 -39.32 63.82 1.65e-19 1.09357
64958 -43.24 61.42 1.52e-19 1.08669
64826 56.57 57.31 1.57e-19 1.08934
65063 70.62 68.01 1.76e-19 1.09678
65126 84.80 64.32 1.48e-19 1.08428
65060 65.21 70.32 1.85e-19 1.09705
65123 81.58 67.01 1.61e-19 1.09181
65066 75.03 65.56 1.64e-19 1.09311
65120 77.61 69.63 1.73e-19 1.09616
64592 57.42 52.92 1.36e-19 1.07569
64499 49.14 56.59 1.62e-19 1.09187
65519 -154.87 72.69 1.05e-19 1.04434
65522 -165.00 73.00 1.06e-19 1.04567
65525 -175.13 72.69 1.05e-19 1.04434
63293 -0.15 44.10 1.18e-19 1.05922
64055 20.50 64.00 1.94e-19 1.08927
64052 20.50 66.00 1.95e-19 1.08358
64466 -14.37 58.15 1.72e-19 1.09584
64049 20.50 68.00 1.95e-19 1.07647
64463 -19.14 56.59 1.62e-19 1.09187
64460 -23.49 54.84 1.50e-19 1.08523
64889 60.17 59.65 1.61e-19 1.09187
64895 67.82 55.26 1.33e-19 1.07314
64892 64.24 57.52 1.48e-19 1.08418
65225 -22.03 85.01 1.91e-19 1.09387
64376 58.87 43.83 9.03e-20 1.02555
64004 -159.50 82.00 1.52e-19 1.08679
64370 52.30 47.83 1.18e-19 1.05865
64007 -159.50 84.00 1.61e-19 1.09173
64373 55.72 45.90 1.04e-19 1.04363
64229 5.74 49.49 1.48e-19 1.08426
64235 15.00 50.00 1.52e-19 1.08672
64232 10.34 49.87 1.51e-19 1.08605
64109 -154.30 85.50 1.68e-19 1.09448
64115 -154.30 83.50 1.59e-19 1.09077
64112 -154.30 84.50 1.64e-19 1.09282
63809 -159.50 76.00 1.22e-19 1.06288
64283 15.00 53.00 1.65e-19 1.09359
64280 10.03 52.87 1.64e-19 1.09330
64286 19.97 52.87 1.64e-19 1.09330
65312 105.25 69.00 1.41e-19 1.07935
65315 106.03 66.00 1.28e-19 1.06862
65309 104.36 72.00 1.53e-19 1.08739
65306 103.29 74.99 1.63e-19 1.09269
65198 -70.10 62.89 1.22e-19 1.06277
65201 -68.64 65.84 1.36e-19 1.07561
65204 -66.90 68.78 1.50e-19 1.08536
65207 -64.74 71.70 1.62e-19 1.09200
65300 99.91 80.96 1.78e-19 1.09711
65303 101.91 77.98 1.72e-19 1.09582
65078 -54.80 64.32 1.48e-19 1.08428
65081 -51.58 67.01 1.61e-19 1.09181
65411 -165.00 85.00 1.65e-19 1.09359
65084 -47.61 69.63 1.73e-19 1.09616
65087 -42.61 72.15 1.82e-19 1.09729
64859 -7.85 66.25 1.93e-19 1.09087
64865 7.04 67.80 1.95e-19 1.07826
65417 145.34 82.12 1.61e-19 1.09191
63329 99.62 69.66 1.50e-19 1.08533
63335 94.39 69.25 1.54e-19 1.08804
63449 43.95 47.55 1.25e-19 1.06609
63455 42.51 45.84 1.18e-19 1.05917
64994 52.64 70.09 1.92e-19 1.09315
64988 35.87 72.94 1.95e-19 1.07543
64991 44.88 71.70 1.95e-19 1.08604
63215 -24.50 62.76 1.77e-19 1.09699
65153 -37.87 78.68 1.91e-19 1.09447
64997 59.19 68.20 1.86e-19 1.09679
63209 -27.74 63.99 1.78e-19 1.09710
64934 40.90 69.01 1.95e-19 1.08745
64016 14.04 90.00 1.83e-19 1.09726
64931 32.88 70.09 1.95e-19 1.07827
63431 48.85 52.53 1.45e-19 1.08177
64928 24.14 70.77 1.93e-19 1.06762
64010 -159.50 86.00 1.69e-19 1.09512
63473 -159.50 70.00 9.05e-20 1.02570
64937 48.05 67.59 1.91e-19 1.09384
63437 47.11 50.90 1.39e-19 1.07744
65132 -65.42 59.53 1.13e-19 1.05400
65135 -63.62 62.41 1.29e-19 1.06893
65129 87.47 61.57 1.33e-19 1.07326
64772 64.20 48.66 1.07e-19 1.04691
64775 -37.39 50.87 1.13e-19 1.05430
64415 15.00 59.00 1.86e-19 1.09683
64412 9.19 58.85 1.85e-19 1.09702
64409 3.49 58.40 1.82e-19 1.09732
63137 -80.38 69.66 1.38e-19 1.07693
63131 -85.61 69.25 1.31e-19 1.07107
64316 -22.30 47.83 1.18e-19 1.05865
64313 -25.72 45.90 1.04e-19 1.04363
64310 -28.87 43.83 9.03e-20 1.02555
63155 -64.02 69.92 1.57e-19 1.08961
63149 -69.50 70.00 1.51e-19 1.08623
64259 -20.22 45.15 1.07e-19 1.04664
64265 -12.75 48.42 1.31e-19 1.07109
64262 -16.62 46.88 1.19e-19 1.06048
65327 -83.36 62.69 1.04e-19 1.04386
57281 15.00 -74.00 4.10e-20 0.04099
64100 -154.30 88.50 1.79e-19 1.09719
64103 -154.30 87.50 1.75e-19 1.09667
65237 82.04 80.22 1.86e-19 1.09688
65234 71.87 82.83 1.89e-19 1.09540
64106 -154.30 86.50 1.72e-19 1.09577
65231 52.03 85.01 1.91e-19 1.09387
65228 15.00 86.00 1.92e-19 1.09318
65267 -76.03 66.00 1.28e-19 1.06862
64088 20.50 44.00 1.21e-19 1.06216
64193 2.01 45.89 1.29e-19 1.06890
64190 -2.11 45.05 1.22e-19 1.06300
64157 -154.30 77.50 1.30e-19 1.07054
64154 -154.30 71.50 9.88e-20 1.03697
64151 -154.30 72.50 1.04e-19 1.04347
64148 -154.30 73.50 1.09e-19 1.04961
64196 6.26 46.51 1.33e-19 1.07341
64982 15.00 74.00 1.85e-19 1.04400
64985 25.77 73.73 1.92e-19 1.06141
65369 114.82 74.77 1.53e-19 1.08732
64979 4.23 73.73 1.92e-19 1.06141
65375 113.60 68.75 1.31e-19 1.07119
65372 114.03 71.77 1.43e-19 1.08067
65366 116.22 77.76 1.62e-19 1.09190
65360 124.24 83.64 1.73e-19 1.09614
65363 118.82 80.73 1.68e-19 1.09473
65459 174.45 81.43 1.51e-19 1.08622
65462 158.42 79.90 1.48e-19 1.08422
65465 147.41 77.77 1.43e-19 1.08089
63173 -53.39 69.25 1.66e-19 1.09393
65036 -20.23 74.26 1.95e-19 1.08745
65270 -75.25 69.00 1.41e-19 1.07935
65273 -74.36 72.00 1.53e-19 1.08739
64952 71.94 57.20 1.36e-19 1.07558
65276 -73.29 74.99 1.63e-19 1.09269
65030 -35.21 70.32 1.85e-19 1.09705
65033 -28.52 72.43 1.91e-19 1.09386
64808 22.07 64.82 1.95e-19 1.08746
64811 28.94 64.29 1.93e-19 1.09087
65501 148.54 73.33 1.22e-19 1.06285
63353 80.22 67.15 1.63e-19 1.09283
64817 41.53 62.26 1.86e-19 1.09693
63005 15.00 -90.00 1.16e-19 0.11588
63389 62.51 61.46 1.65e-19 1.09351
62999 15.00 -74.00 4.10e-20 0.04099
63395 59.77 60.10 1.64e-19 1.09282
65507 -152.81 75.64 1.21e-19 1.06159
65054 50.23 74.26 1.95e-19 1.08745
65096 -16.27 78.38 1.95e-19 1.08452
65051 40.07 75.72 1.95e-19 1.07827
65048 28.12 76.67 1.93e-19 1.06764
65090 -36.13 74.51 1.89e-19 1.09538
65093 -27.58 76.63 1.93e-19 1.09085
65057 58.52 72.43 1.91e-19 1.09386
64496 44.37 58.15 1.72e-19 1.09584
64490 33.56 60.56 1.86e-19 1.09691
64493 39.17 59.48 1.80e-19 1.09726
63017 15.00 -90.00 1.16e-19 0.11588
63305 121.38 69.66 1.27e-19 1.06730
63011 15.00 -74.00 4.10e-20 0.04099
63299 126.61 69.25 1.20e-19 1.06081
64058 20.50 62.00 1.92e-19 1.09347
64061 20.50 60.00 1.88e-19 1.09615
64067 20.50 58.00 1.83e-19 1.09729
64802 7.93 64.82 1.95e-19 1.08746
64805 15.00 65.00 1.95e-19 1.08604
64799 1.06 64.29 1.93e-19 1.09087
64907 -29.72 63.95 1.76e-19 1.09682
64904 -34.39 61.83 1.64e-19 1.09312
64898 -41.94 57.20 1.36e-19 1.07558
64901 -38.43 59.57 1.51e-19 1.08601
64829 60.59 55.29 1.43e-19 1.08074
64379 -31.37 46.31 9.92e-20 1.03754
64367 48.58 49.61 1.31e-19 1.07111
64364 44.55 51.21 1.43e-19 1.08062
64361 40.23 52.61 1.53e-19 1.08732
64358 35.61 53.80 1.62e-19 1.09206
63371 72.27 65.14 1.66e-19 1.09393
63101 -146.50 74.10 1.14e-19 1.05474
63107 41.70 76.00 1.95e-19 1.07981
63968 -159.50 80.00 1.43e-19 1.08033
64343 9.65 55.86 1.76e-19 1.09684
63365 76.09 66.19 1.65e-19 1.09340
64247 33.10 47.99 1.36e-19 1.07577
64340 4.38 55.44 1.73e-19 1.09626
64244 28.75 48.86 1.43e-19 1.08094
64238 19.66 49.87 1.51e-19 1.08605
64346 15.00 56.00 1.77e-19 1.09696
64241 24.26 49.49 1.48e-19 1.08426
64268 -8.62 49.77 1.41e-19 1.07939
64271 -4.25 50.90 1.50e-19 1.08516
64274 0.34 51.81 1.57e-19 1.08939
64277 5.12 52.47 1.61e-19 1.09196
65264 -76.74 62.99 1.14e-19 1.05470
65261 -77.40 59.97 9.92e-20 1.03753
65258 101.35 59.93 1.07e-19 1.04690
65324 -83.42 59.64 9.03e-20 1.02553
65321 107.40 59.97 9.92e-20 1.03753
65318 106.74 62.99 1.14e-19 1.05470
64145 -154.30 74.50 1.15e-19 1.05539
65189 93.62 62.41 1.29e-19 1.06893
65195 -71.35 59.93 1.07e-19 1.04690
64139 -154.30 76.50 1.25e-19 1.06586
65441 -105.01 72.61 1.28e-19 1.06852
65438 -101.49 69.80 1.18e-19 1.05888
65444 -110.04 75.29 1.36e-19 1.07567
65447 -117.41 77.77 1.43e-19 1.08089
63341 89.39 68.69 1.58e-19 1.09016
63347 84.65 67.98 1.61e-19 1.09166
65018 -45.03 65.56 1.64e-19 1.09311
65027 -40.62 68.01 1.76e-19 1.09678
65159 -8.31 82.40 1.95e-19 1.08746
63239 -16.23 58.68 1.72e-19 1.09599
63245 -13.89 57.20 1.69e-19 1.09480
65165 38.31 82.40 1.95e-19 1.08746
63419 50.72 54.13 1.50e-19 1.08536
64943 59.72 63.95 1.76e-19 1.09682
64946 64.39 61.83 1.64e-19 1.09312
64847 -30.17 59.65 1.61e-19 1.09187
65141 -58.92 68.10 1.57e-19 1.08930
65138 -61.49 65.27 1.43e-19 1.08077
64838 67.39 50.87 1.13e-19 1.05430
64841 -37.82 55.26 1.33e-19 1.07314
64844 -34.24 57.52 1.48e-19 1.08418
64478 8.63 61.84 1.91e-19 1.09388
64481 15.00 62.00 1.92e-19 1.09318
64484 21.37 61.84 1.91e-19 1.09388
64487 27.59 61.35 1.89e-19 1.09540
64421 26.51 58.40 1.82e-19 1.09732
64424 32.00 57.66 1.78e-19 1.09711
64853 -20.33 63.41 1.82e-19 1.09728
64850 -25.56 61.63 1.73e-19 1.09627
64856 -14.43 64.97 1.89e-19 1.09542
63143 -74.98 69.92 1.45e-19 1.08224
64307 50.22 45.15 1.07e-19 1.04664
64298 38.62 49.77 1.41e-19 1.07939
64301 42.75 48.42 1.31e-19 1.07109
64304 46.62 46.88 1.19e-19 1.06048
64874 30.65 67.20 1.95e-19 1.08451
64868 15.00 68.00 1.95e-19 1.07543
64871 22.96 67.80 1.95e-19 1.07826
64877 37.85 66.25 1.93e-19 1.09087
64022 20.50 86.00 1.92e-19 1.09323
64025 20.50 84.00 1.94e-19 1.08892
64397 -16.66 53.94 1.53e-19 1.08749
64019 20.50 88.00 1.88e-19 1.09601
64394 -20.85 52.27 1.41e-19 1.07935
64388 -28.18 48.44 1.14e-19 1.05472
64391 -24.68 50.43 1.28e-19 1.06851
64214 32.11 45.05 1.22e-19 1.06300
64097 -154.30 89.50 1.82e-19 1.09733
64211 27.99 45.89 1.29e-19 1.06890
65219 -52.04 80.22 1.86e-19 1.09688
64217 -11.20 45.58 1.18e-19 1.05875
65222 -41.87 82.83 1.89e-19 1.09540
64427 37.23 56.66 1.72e-19 1.09587
64199 10.61 46.88 1.36e-19 1.07579
64202 15.00 47.00 1.37e-19 1.07641
64205 19.39 46.88 1.36e-19 1.07579
64976 -5.87 72.94 1.95e-19 1.07543
64973 -14.88 71.70 1.95e-19 1.08604
64970 -22.64 70.09 1.92e-19 1.09315
65450 -128.42 79.90 1.48e-19 1.08422
65453 -144.45 81.43 1.51e-19 1.08622
65162 15.00 83.00 1.95e-19 1.08604
63203 -31.27 65.14 1.78e-19 1.09708
65279 -71.91 77.98 1.72e-19 1.09582
65285 -66.36 83.93 1.82e-19 1.09730
65282 -69.91 80.96 1.78e-19 1.09711
65471 135.01 72.61 1.28e-19 1.06852
65468 140.04 75.29 1.36e-19 1.07567
65474 131.49 69.80 1.18e-19 1.05888
65477 -118.54 73.33 1.22e-19 1.06285
62993 15.00 -90.00 1.16e-19 0.11588
64940 54.30 65.88 1.85e-19 1.09698
65099 -1.81 79.57 1.95e-19 1.07826
65105 31.81 79.57 1.95e-19 1.07826
65102 15.00 80.00 1.95e-19 1.07543
64688 60.98 50.85 1.22e-19 1.06280
65405 -115.34 82.12 1.61e-19 1.09191
65402 -105.13 79.58 1.57e-19 1.08937
65399 -99.24 76.82 1.50e-19 1.08533
63269 -6.11 50.90 1.48e-19 1.08440
63275 -4.48 49.24 1.42e-19 1.07968
64037 20.50 76.00 1.91e-19 1.05847
64034 20.50 78.00 1.93e-19 1.06747
64028 20.50 82.00 1.95e-19 1.08313
64031 20.50 80.00 1.95e-19 1.07592
64916 -10.90 69.01 1.95e-19 1.08745
64793 -11.53 62.26 1.86e-19 1.09693
64790 -17.07 60.82 1.78e-19 1.09706
64910 -24.30 65.88 1.85e-19 1.09698
64913 -18.05 67.59 1.91e-19 1.09384
64796 -5.47 63.42 1.91e-19 1.09445
65144 -55.70 70.89 1.68e-19 1.09478
64430 42.12 55.41 1.63e-19 1.09280
64433 46.66 53.94 1.53e-19 1.08749
64349 20.35 55.86 1.76e-19 1.09684
64352 25.62 55.44 1.73e-19 1.09626
64355 30.72 54.74 1.68e-19 1.09464
63383 65.50 62.76 1.66e-19 1.09387
63113 -138.30 76.00 1.26e-19 1.06681
64436 50.85 52.27 1.41e-19 1.07935
64334 -5.61 53.80 1.62e-19 1.09206
65504 -141.78 74.62 1.18e-19 1.05871
64331 -10.23 52.61 1.53e-19 1.08732
64328 -14.55 51.21 1.43e-19 1.08062
64169 15.00 41.00 1.06e-19 1.04567
64172 18.97 40.88 1.05e-19 1.04455
64175 6.71 43.52 1.18e-19 1.05905
64337 -0.72 54.74 1.68e-19 1.09464
64814 35.47 63.42 1.91e-19 1.09445
65147 -51.53 73.61 1.78e-19 1.09715
65249 96.90 68.78 1.50e-19 1.08536
64085 20.50 46.00 1.32e-19 1.07174
65336 -84.03 71.77 1.43e-19 1.08067
65252 98.64 65.84 1.36e-19 1.07561
65255 100.10 62.89 1.22e-19 1.06277
65330 -83.40 65.72 1.18e-19 1.05884
65333 -83.60 68.75 1.31e-19 1.07119
64418 20.81 58.85 1.85e-19 1.09702
64133 -154.30 79.50 1.40e-19 1.07879
65186 91.49 65.27 1.43e-19 1.08077
64136 -154.30 78.50 1.35e-19 1.07486
65183 88.92 68.10 1.57e-19 1.08930
65180 85.70 70.89 1.68e-19 1.09478
65192 95.42 59.53 1.13e-19 1.05400
65414 164.13 84.15 1.64e-19 1.09330
65432 121.61 68.04 1.19e-19 1.06032
65435 120.51 65.03 1.07e-19 1.04662
63263 -7.85 52.53 1.55e-19 1.08821
65429 123.21 71.02 1.31e-19 1.07130
65408 -134.13 84.15 1.64e-19 1.09330
63317 110.50 70.00 1.39e-19 1.07803
63311 115.98 69.92 1.33e-19 1.07334
65009 76.59 58.92 1.37e-19 1.07623
65015 -48.69 63.02 1.51e-19 1.08622
65012 -51.77 60.39 1.36e-19 1.07552
65528 -165.00 70.00 9.02e-20 1.02540
65531 -165.00 67.00 7.53e-20 1.00199
63413 52.73 55.69 1.54e-19 1.08812
64955 -46.59 58.92 1.37e-19 1.07623
64949 68.43 59.57 1.51e-19 1.08601
65111 57.58 76.63 1.93e-19 1.09085
65168 55.98 80.83 1.93e-19 1.09084
65108 46.27 78.38 1.95e-19 1.08452
65114 66.13 74.51 1.89e-19 1.09538
65117 72.61 72.15 1.82e-19 1.09729
64862 -0.65 67.20 1.95e-19 1.08451
64835 64.18 53.14 1.29e-19 1.06920
65456 -165.00 82.00 1.52e-19 1.08672
64469 -9.17 59.48 1.80e-19 1.09726
64475 2.41 61.35 1.89e-19 1.09540
64472 -3.56 60.56 1.86e-19 1.09691
65513 -177.19 75.64 1.21e-19 1.06159
65510 -165.00 76.00 1.22e-19 1.06270
65516 171.78 74.62 1.18e-19 1.05871
64451 -34.20 48.66 1.07e-19 1.04691
64454 -30.98 50.85 1.22e-19 1.06280
63905 -159.50 78.00 1.32e-19 1.07236
64289 24.88 52.47 1.61e-19 1.09196
64295 34.25 50.90 1.50e-19 1.08516
64292 29.66 51.81 1.57e-19 1.08939
64883 50.33 63.41 1.82e-19 1.09728
64880 44.43 64.97 1.89e-19 1.09542
65498 156.21 75.54 1.29e-19 1.06905
63584 -159.50 72.00 1.01e-19 1.03953
64886 55.56 61.63 1.73e-19 1.09627
64406 -2.00 57.66 1.78e-19 1.09711
65378 113.40 65.72 1.18e-19 1.05884
64403 -7.23 56.66 1.72e-19 1.09587
64400 -12.12 55.41 1.63e-19 1.09280
64223 -3.10 47.99 1.36e-19 1.07577
64220 -7.26 46.89 1.28e-19 1.06838
64118 -154.30 82.50 1.55e-19 1.08835
64121 -154.30 81.50 1.50e-19 1.08554
64226 1.25 48.86 1.43e-19 1.08094
64124 -154.30 80.50 1.45e-19 1.08236
63161 -58.62 69.66 1.62e-19 1.09201
