65006 73.24 61.42 2.33e-19 1.66325
65000 64.69 66.09 2.58e-19 1.59939
65003 69.32 63.82 2.46e-19 1.62388
63197 -35.09 66.19 2.58e-19 1.59958
64142 -154.30 75.50 2.03e-19 1.80114
63191 -39.22 67.15 2.56e-19 1.60249
65213 -57.99 77.44 2.61e-19 1.59493
65210 -61.92 74.59 2.52e-19 1.60894
65294 86.94 86.84 2.68e-19 1.58982
65291 15.00 89.00 2.69e-19 1.58942
65288 -56.94 86.84 2.68e-19 1.58982
65075 -57.47 61.57 2.16e-19 1.73540
62987 15.00 -74.00 -2.99e-19 -0.29928
65072 81.77 60.39 2.18e-19 1.72260
65486 -149.69 78.56 2.18e-19 1.72254
65069 78.69 63.02 2.32e-19 1.66673
65420 135.13 79.58 2.37e-19 1.64871
62981 15.00 -90.00 -3.07e-19 -0.30660
65483 -136.50 77.35 2.16e-19 1.73550
65156 -25.98 80.83 2.84e-19 1.59912
65426 125.59 73.95 2.23e-19 1.70291
65480 -126.21 75.54 2.11e-19 1.75736
63281 -2.95 47.55 2.17e-19 1.73128
63287 -1.51 45.84 2.09e-19 1.76775
65150 -45.89 76.23 2.69e-19 1.58948
65390 -91.61 68.04 2.03e-19 1.80356
63227 -18.77 60.10 2.55e-19 1.60348
65393 -93.21 71.02 2.14e-19 1.74654
65396 -95.59 73.95 2.23e-19 1.70291
63221 -21.51 61.46 2.57e-19 1.60023
63443 45.48 49.24 2.15e-19 1.73991
64046 20.50 70.00 3.03e-19 1.67228
64082 20.50 48.00 2.23e-19 1.70044
64043 20.50 72.00 3.08e-19 1.70584
64040 20.50 74.00 3.10e-19 1.72868
64781 -30.59 55.29 2.25e-19 1.69505
64778 -34.18 53.14 2.11e-19 1.75749
64784 -26.57 57.31 2.37e-19 1.64869
64079 20.50 50.00 2.32e-19 1.66509
64787 -22.08 59.16 2.49e-19 1.61642
64919 -2.88 70.09 2.96e-19 1.63690
64925 15.00 71.00 3.07e-19 1.69703
64922 5.86 70.77 3.03e-19 1.67397
64439 54.68 50.43 2.11e-19 1.76049
64445 61.37 46.31 1.84e-19 1.92748
64442 58.18 48.44 1.98e-19 1.83468
63119 -95.35 67.98 1.99e-19 1.82581
63125 -90.61 68.69 2.07e-19 1.78341
63377 68.74 63.99 2.47e-19 1.62085
64544 53.49 54.84 2.31e-19 1.67088
64187 23.29 43.52 2.02e-19 1.81129
64325 -18.58 49.61 2.14e-19 1.74638
63776 -159.50 74.00 1.96e-19 1.84868
64181 15.00 44.00 2.05e-19 1.79108
64178 10.84 43.88 2.04e-19 1.79609
64184 19.16 43.88 2.04e-19 1.79609
64013 -159.50 88.00 2.58e-19 1.59941
64250 37.26 46.89 2.11e-19 1.76036
64253 41.20 45.58 2.02e-19 1.81102
64073 20.50 54.00 2.49e-19 1.61525
64070 20.50 56.00 2.57e-19 1.60022
65246 94.74 71.70 2.42e-19 1.63375
65492 179.69 78.56 2.18e-19 1.72254
65243 91.92 74.59 2.52e-19 1.60894
65495 166.50 77.35 2.16e-19 1.73550
64076 20.50 52.00 2.41e-19 1.63680
65240 87.99 77.44 2.61e-19 1.59493
64208 23.74 46.51 2.16e-19 1.73554
64457 -27.42 52.92 2.18e-19 1.72243
65177 81.53 73.61 2.59e-19 1.59732
64166 11.03 40.88 1.90e-19 1.88845
64163 15.00 38.00 1.76e-19 1.99543
65171 67.87 78.68 2.77e-19 1.59116
64094 20.50 40.00 1.85e-19 1.92138
65174 75.89 76.23 2.69e-19 1.58948
64160 15.00 35.00 1.60e-19 2.13199
65387 -90.51 65.03 1.91e-19 1.87665
63257 -9.72 54.13 2.40e-19 1.63830
65297 96.36 83.93 2.65e-19 1.59174
63251 -11.73 55.69 2.45e-19 1.62540
65381 113.36 62.69 1.89e-19 1.89343
65384 113.42 59.64 1.76e-19 1.99556
65357 139.00 86.38 2.57e-19 1.60101
65348 -94.24 83.64 2.54e-19 1.60622
65351 -109.00 86.38 2.57e-19 1.60101
64091 20.50 42.00 1.95e-19 1.85311
65354 -165.00 88.00 2.58e-19 1.59946
63179 -48.39 68.69 2.50e-19 1.61313
63185 -43.65 67.98 2.53e-19 1.60680
63323 105.02 69.92 2.26e-19 1.68851
65342 -86.22 77.76 2.42e-19 1.63365
65345 -88.82 80.73 2.49e-19 1.61655
65339 -84.82 74.77 2.34e-19 1.65969
65045 15.00 77.00 3.07e-19 1.69703
65042 1.88 76.67 3.03e-19 1.67393
65039 -10.07 75.72 2.96e-19 1.63695
63407 54.89 57.20 2.38e-19 1.64413
65423 129.24 76.82 2.31e-19 1.67097
64823 52.08 59.16 2.49e-19 1.61642
65489 -165.00 79.00 2.19e-19 1.71856
64820 47.07 60.82 2.59e-19 1.59720
64967 -29.19 68.20 2.69e-19 1.58937
64964 -34.69 66.09 2.58e-19 1.59939
63401 57.23 58.68 2.41e-19 1.63530
63095 40.40 47.00 2.09e-19 1.77022
64961 -39.32 63.82 2.46e-19 1.62388
64958 -43.24 61.42 2.33e-19 1.66325
64826 56.57 57.31 2.37e-19 1.64869
65063 70.62 68.01 2.57e-19 1.60101
65126 84.80 64.32 2.29e-19 1.67703
65060 65.21 70.32 2.68e-19 1.58985
65123 81.58 67.01 2.42e-19 1.63430
65066 75.03 65.56 2.45e-19 1.62635
65120 77.61 69.63 2.54e-19 1.60624
64592 57.42 52.92 2.18e-19 1.72243
64499 49.14 56.59 2.42e-19 1.63362
65519 -154.87 72.69 1.90e-19 1.88826
65522 -165.00 73.00 1.91e-19 1.88264
65525 -175.13 72.69 1.90e-19 1.88826
63293 -0.15 44.10 2.02e-19 1.81031
64055 20.50 64.00 2.86e-19 1.60326
64052 20.50 66.00 2.92e-19 1.61988
64466 -14.37 58.15 2.52e-19 1.60896
64049 20.50 68.00 2.98e-19 1.64296
64463 -19.14 56.59 2.42e-19 1.63362
64460 -23.49 54.84 2.31e-19 1.67088
64889 60.17 59.65 2.42e-19 1.63436
64895 67.82 55.26 2.16e-19 1.73530
64892 64.24 57.52 2.29e-19 1.67694
65225 -22.03 85.01 2.78e-19 1.59238
64376 58.87 43.83 1.76e-19 1.99558
64004 -159.50 82.00 2.33e-19 1.66289
64370 52.30 47.83 2.02e-19 1.81093
64007 -159.50 84.00 2.41e-19 1.63508
64373 55.72 45.90 1.89e-19 1.89322
64229 5.74 49.49 2.29e-19 1.67701
64235 15.00 50.00 2.33e-19 1.66328
64232 10.34 49.87 2.32e-19 1.66657
64109 -154.30 85.50 2.48e-19 1.61821
64115 -154.30 83.50 2.40e-19 1.64061
64112 -154.30 84.50 2.44e-19 1.62858
63809 -159.50 76.00 2.05e-19 1.79012
64283 15.00 53.00 2.46e-19 1.62390
64280 10.03 52.87 2.45e-19 1.62653
64286 19.97 52.87 2.45e-19 1.62653
65312 105.25 69.00 2.23e-19 1.70288
65315 106.03 66.00 2.11e-19 1.76058
65309 104.36 72.00 2.34e-19 1.65975
65306 103.29 74.99 2.44e-19 1.62902
65198 -70.10 62.89 2.05e-19 1.78974
65201 -68.64 65.84 2.18e-19 1.72235
65204 -66.90 68.78 2.31e-19 1.67100
65207 -64.74 71.70 2.42e-19 1.63375
65300 99.91 80.96 2.59e-19 1.59726
65303 101.91 77.98 2.52e-19 1.60894
65078 -54.80 64.32 2.29e-19 1.67703
65081 -51.58 67.01 2.42e-19 1.63430
65411 -165.00 85.00 2.46e-19 1.62390
65084 -47.61 69.63 2.54e-19 1.60624
65087 -42.61 72.15 2.65e-19 1.59172
64859 -7.85 66.25 2.84e-19 1.59920
64865 7.04 67.80 2.96e-19 1.63697
65417 145.34 82.12 2.42e-19 1.63440
63329 99.62 69.66 2.31e-19 1.67048
63335 94.39 69.25 2.35e-19 1.65600
63449 43.95 47.55 2.09e-19 1.77232
63455 42.51 45.84 2.02e-19 1.81062
64994 52.64 70.09 2.80e-19 1.59359
64988 35.87 72.94 2.99e-19 1.64649
64991 44.88 71.70 2.90e-19 1.61244
63215 -24.50 62.76 2.58e-19 1.59838
65153 -37.87 78.68 2.77e-19 1.59116
64997 59.19 68.20 2.69e-19 1.58937
63209 -27.74 63.99 2.59e-19 1.59778
64934 40.90 69.01 2.88e-19 1.60826
64016 14.04 90.00 2.65e-19 1.59118
64931 32.88 70.09 2.96e-19 1.63690
63431 48.85 52.53 2.26e-19 1.68976
64928 24.14 70.77 3.03e-19 1.67397
64010 -159.50 86.00 2.50e-19 1.61399
63473 -159.50 70.00 1.76e-19 1.99368
64937 48.05 67.59 2.78e-19 1.59232
63437 47.11 50.90 2.21e-19 1.71252
65132 -65.42 59.53 1.98e-19 1.83718
65135 -63.62 62.41 2.11e-19 1.75725
65129 87.47 61.57 2.16e-19 1.73540
64772 64.20 48.66 1.92e-19 1.87537
64775 -37.39 50.87 1.98e-19 1.83746
64415 15.00 59.00 2.69e-19 1.58942
64412 9.19 58.85 2.68e-19 1.58982
64409 3.49 58.40 2.65e-19 1.59177
63137 -80.38 69.66 2.20e-19 1.71477
63131 -85.61 69.25 2.13e-19 1.74638
64316 -22.30 47.83 2.02e-19 1.81093
64313 -25.72 45.90 1.89e-19 1.89322
64310 -28.87 43.83 1.76e-19 1.99558
63155 -64.02 69.92 2.37e-19 1.64786
63149 -69.50 70.00 2.32e-19 1.66600
64259 -20.22 45.15 1.91e-19 1.87668
64265 -12.75 48.42 2.14e-19 1.74636
64262 -16.62 46.88 2.03e-19 1.80372
65327 -83.36 62.69 1.89e-19 1.89343
57281 15.00 -74.00 -2.99e-19 -0.29928
64100 -154.30 88.50 2.60e-19 1.59667
64103 -154.30 87.50 2.56e-19 1.60227
65237 82.04 80.22 2.69e-19 1.58950
65234 71.87 82.83 2.75e-19 1.58981
64106 -154.30 86.50 2.52e-19 1.60944
65231 52.03 85.01 2.78e-19 1.59238
65228 15.00 86.00 2.80e-19 1.59365
65267 -76.03 66.00 2.11e-19 1.76058
64088 20.50 44.00 2.05e-19 1.79394
64193 2.01 45.89 2.11e-19 1.75723
64190 -2.11 45.05 2.05e-19 1.78995
64157 -154.30 77.50 2.13e-19 1.74956
64154 -154.30 71.50 1.84e-19 1.93047
64151 -154.30 72.50 1.89e-19 1.89466
64148 -154.30 73.50 1.94e-19 1.86123
64196 6.26 46.51 2.16e-19 1.73554
64982 15.00 74.00 3.14e-19 1.76589
64985 25.77 73.73 3.07e-19 1.69701
65369 114.82 74.77 2.34e-19 1.65969
64979 4.23 73.73 3.07e-19 1.69701
65375 113.60 68.75 2.14e-19 1.74645
65372 114.03 71.77 2.24e-19 1.69675
65366 116.22 77.76 2.42e-19 1.63365
65360 124.24 83.64 2.54e-19 1.60622
65363 118.82 80.73 2.49e-19 1.61655
65459 174.45 81.43 2.32e-19 1.66673
65462 158.42 79.90 2.29e-19 1.67698
65465 147.41 77.77 2.25e-19 1.69519
63173 -53.39 69.25 2.46e-19 1.62172
65036 -20.23 74.26 2.88e-19 1.60827
65270 -75.25 69.00 2.23e-19 1.70288
65273 -74.36 72.00 2.34e-19 1.65975
64952 71.94 57.20 2.18e-19 1.72265
65276 -73.29 74.99 2.44e-19 1.62902
65030 -35.21 70.32 2.68e-19 1.58985
65033 -28.52 72.43 2.78e-19 1.59236
64808 22.07 64.82 2.88e-19 1.60830
64811 28.94 64.29 2.84e-19 1.59919
65501 148.54 73.33 2.05e-19 1.78981
63353 80.22 67.15 2.44e-19 1.62901
64817 41.53 62.26 2.69e-19 1.58957
63389 62.51 61.46 2.45e-19 1.62415
63395 59.77 60.10 2.44e-19 1.62863
65507 -152.81 75.64 2.04e-19 1.79588
65054 50.23 74.26 2.88e-19 1.60827
65096 -16.27 78.38 2.91e-19 1.61701
65051 40.07 75.72 2.96e-19 1.63695
65048 28.12 76.67 3.03e-19 1.67393
65090 -36.13 74.51 2.75e-19 1.58979
65093 -27.58 76.63 2.84e-19 1.59913
65057 58.52 72.43 2.78e-19 1.59236
64496 44.37 58.15 2.52e-19 1.60896
64490 33.56 60.56 2.69e-19 1.58955
64493 39.17 59.48 2.61e-19 1.59491
63305 121.38 69.66 2.10e-19 1.76555
63299 126.61 69.25 2.04e-19 1.80067
64058 20.50 62.00 2.79e-19 1.59305
64061 20.50 60.00 2.72e-19 1.58917
64067 20.50 58.00 2.65e-19 1.59155
64802 7.93 64.82 2.88e-19 1.60830
64805 15.00 65.00 2.90e-19 1.61243
64799 1.06 64.29 2.84e-19 1.59919
64907 -29.72 63.95 2.57e-19 1.60105
64904 -34.39 61.83 2.45e-19 1.62636
64898 -41.94 57.20 2.18e-19 1.72265
64901 -38.43 59.57 2.32e-19 1.66654
64829 60.59 55.29 2.25e-19 1.69505
64379 -31.37 46.31 1.84e-19 1.92748
64367 48.58 49.61 2.14e-19 1.74638
64364 44.55 51.21 2.24e-19 1.69670
64361 40.23 52.61 2.34e-19 1.65969
64358 35.61 53.80 2.42e-19 1.63380
63371 72.27 65.14 2.46e-19 1.62179
63101 -146.50 74.10 1.98e-19 1.83357
63107 41.70 76.00 2.95e-19 1.63187
63968 -159.50 80.00 2.24e-19 1.69773
64343 9.65 55.86 2.57e-19 1.60107
63365 76.09 66.19 2.45e-19 1.62434
64247 33.10 47.99 2.18e-19 1.72249
64340 4.38 55.44 2.54e-19 1.60635
64244 28.75 48.86 2.25e-19 1.69523
64238 19.66 49.87 2.32e-19 1.66657
64346 15.00 56.00 2.58e-19 1.59946
64241 24.26 49.49 2.29e-19 1.67701
64268 -8.62 49.77 2.23e-19 1.70291
64271 -4.25 50.90 2.31e-19 1.67082
64274 0.34 51.81 2.37e-19 1.64873
64277 5.12 52.47 2.42e-19 1.63445
65264 -76.74 62.99 1.98e-19 1.83466
65261 -77.40 59.97 1.84e-19 1.92747
65258 101.35 59.93 1.92e-19 1.87535
65324 -83.42 59.64 1.76e-19 1.99556
65321 107.40 59.97 1.84e-19 1.92747
65318 106.74 62.99 1.98e-19 1.83466
64145 -154.30 74.50 1.99e-19 1.83008
65189 93.62 62.41 2.11e-19 1.75725
65195 -71.35 59.93 1.92e-19 1.87535
64139 -154.30 76.50 2.08e-19 1.77433
65441 -105.01 72.61 2.11e-19 1.76049
65438 -101.49 69.80 2.02e-19 1.81113
65444 -110.04 75.29 2.18e-19 1.72240
65447 -117.41 77.77 2.25e-19 1.69519
63341 89.39 68.69 2.38e-19 1.64450
63347 84.65 67.98 2.41e-19 1.63554
65018 -45.03 65.56 2.45e-19 1.62635
65027 -40.62 68.01 2.57e-19 1.60101
65159 -8.31 82.40 2.88e-19 1.60828
63239 -16.23 58.68 2.52e-19 1.60851
63245 -13.89 57.20 2.49e-19 1.61545
65165 38.31 82.40 2.88e-19 1.60828
63419 50.72 54.13 2.31e-19 1.67118
64943 59.72 63.95 2.57e-19 1.60105
64946 64.39 61.83 2.45e-19 1.62636
64847 -30.17 59.65 2.42e-19 1.63436
65141 -58.92 68.10 2.37e-19 1.64865
65138 -61.49 65.27 2.25e-19 1.69508
64838 67.39 50.87 1.98e-19 1.83746
64841 -37.82 55.26 2.16e-19 1.73530
64844 -34.24 57.52 2.29e-19 1.67694
64478 8.63 61.84 2.78e-19 1.59239
64481 15.00 62.00 2.80e-19 1.59365
64484 21.37 61.84 2.78e-19 1.59239
64487 27.59 61.35 2.75e-19 1.58982
64421 26.51 58.40 2.65e-19 1.59177
64424 32.00 57.66 2.59e-19 1.59727
64853 -20.33 63.41 2.65e-19 1.59171
64850 -25.56 61.63 2.54e-19 1.60636
64856 -14.43 64.97 2.75e-19 1.58986
63143 -74.98 69.92 2.26e-19 1.68836
64307 50.22 45.15 1.91e-19 1.87668
64298 38.62 49.77 2.23e-19 1.70291
64301 42.75 48.42 2.14e-19 1.74636
64304 46.62 46.88 2.03e-19 1.80372
64874 30.65 67.20 2.91e-19 1.61696
64868 15.00 68.00 2.99e-19 1.64648
64871 22.96 67.80 2.96e-19 1.63697
64877 37.85 66.25 2.84e-19 1.59920
64022 20.50 86.00 2.80e-19 1.59356
64025 20.50 84.00 2.86e-19 1.60421
64397 -16.66 53.94 2.34e-19 1.65985
64019 20.50 88.00 2.73e-19 1.58923
64394 -20.85 52.27 2.23e-19 1.70288
64388 -28.18 48.44 1.98e-19 1.83468
64391 -24.68 50.43 2.11e-19 1.76049
64214 32.11 45.05 2.05e-19 1.78995
64097 -154.30 89.50 2.64e-19 1.59263
64211 27.99 45.89 2.11e-19 1.75723
65219 -52.04 80.22 2.69e-19 1.58950
64217 -11.20 45.58 2.02e-19 1.81102
65222 -41.87 82.83 2.75e-19 1.58981
64427 37.23 56.66 2.52e-19 1.60900
64199 10.61 46.88 2.18e-19 1.72285
64202 15.00 47.00 2.19e-19 1.71856
64205 19.39 46.88 2.18e-19 1.72285
64976 -5.87 72.94 2.99e-19 1.64649
64973 -14.88 71.70 2.90e-19 1.61244
64970 -22.64 70.09 2.80e-19 1.59359
65450 -128.42 79.90 2.29e-19 1.67698
65453 -144.45 81.43 2.32e-19 1.66673
65162 15.00 83.00 2.90e-19 1.61243
63203 -31.27 65.14 2.59e-19 1.59818
65279 -71.91 77.98 2.52e-19 1.60894
65285 -66.36 83.93 2.65e-19 1.59174
65282 -69.91 80.96 2.59e-19 1.59726
65471 135.01 72.61 2.11e-19 1.76049
65468 140.04 75.29 2.18e-19 1.72240
65474 131.49 69.80 2.02e-19 1.81113
65477 -118.54 73.33 2.05e-19 1.78981
62993 15.00 -90.00 -3.07e-19 -0.30660
64940 54.30 65.88 2.68e-19 1.58976
65099 -1.81 79.57 2.96e-19 1.63696
65105 31.81 79.57 2.96e-19 1.63696
65102 15.00 80.00 2.99e-19 1.64648
64688 60.98 50.85 2.05e-19 1.78977
65405 -115.34 82.12 2.42e-19 1.63440
65402 -105.13 79.58 2.37e-19 1.64871
65399 -99.24 76.82 2.31e-19 1.67097
63269 -6.11 50.90 2.29e-19 1.67542
63275 -4.48 49.24 2.23e-19 1.70079
64037 20.50 76.00 3.08e-19 1.70816
64034 20.50 78.00 3.03e-19 1.67453
64028 20.50 82.00 2.92e-19 1.62128
64031 20.50 80.00 2.98e-19 1.64482
64916 -10.90 69.01 2.88e-19 1.60826
64793 -11.53 62.26 2.69e-19 1.58957
64790 -17.07 60.82 2.59e-19 1.59720
64910 -24.30 65.88 2.68e-19 1.58976
64913 -18.05 67.59 2.78e-19 1.59232
64796 -5.47 63.42 2.77e-19 1.59112
65144 -55.70 70.89 2.49e-19 1.61660
64430 42.12 55.41 2.44e-19 1.62913
64433 46.66 53.94 2.34e-19 1.65985
64349 20.35 55.86 2.57e-19 1.60107
64352 25.62 55.44 2.54e-19 1.60635
64355 30.72 54.74 2.49e-19 1.61645
63383 65.50 62.76 2.46e-19 1.62157
63113 -138.30 76.00 2.09e-19 1.76932
64436 50.85 52.27 2.23e-19 1.70288
64334 -5.61 53.80 2.42e-19 1.63380
65504 -141.78 74.62 2.02e-19 1.81099
64331 -10.23 52.61 2.34e-19 1.65969
64328 -14.55 51.21 2.24e-19 1.69670
64169 15.00 41.00 1.91e-19 1.88264
64172 18.97 40.88 1.90e-19 1.88845
64175 6.71 43.52 2.02e-19 1.81129
64337 -0.72 54.74 2.49e-19 1.61645
64814 35.47 63.42 2.77e-19 1.59112
65147 -51.53 73.61 2.59e-19 1.59732
65249 96.90 68.78 2.31e-19 1.67100
64085 20.50 46.00 2.14e-19 1.74323
65336 -84.03 71.77 2.24e-19 1.69675
65252 98.64 65.84 2.18e-19 1.72235
65255 100.10 62.89 2.05e-19 1.78974
65330 -83.40 65.72 2.02e-19 1.81110
65333 -83.60 68.75 2.14e-19 1.74645
64418 20.81 58.85 2.68e-19 1.58982
64133 -154.30 79.50 2.22e-19 1.70592
65186 91.49 65.27 2.25e-19 1.69508
64136 -154.30 78.50 2.18e-19 1.72678
65183 88.92 68.10 2.37e-19 1.64865
65180 85.70 70.89 2.49e-19 1.61660
65192 95.42 59.53 1.98e-19 1.83718
65414 164.13 84.15 2.45e-19 1.62654
65432 121.61 68.04 2.03e-19 1.80356
65435 120.51 65.03 1.91e-19 1.87665
63263 -7.85 52.53 2.35e-19 1.65475
65429 123.21 71.02 2.14e-19 1.74654
65408 -134.13 84.15 2.45e-19 1.62654
63317 110.50 70.00 2.21e-19 1.70996
63311 115.98 69.92 2.16e-19 1.73574
65009 76.59 58.92 2.19e-19 1.71839
65015 -48.69 63.02 2.32e-19 1.66673
65012 -51.77 60.39 2.18e-19 1.72260
65528 -165.00 70.00 1.76e-19 1.99543
65531 -165.00 67.00 1.60e-19 2.13199
63413 52.73 55.69 2.35e-19 1.65615
64955 -46.59 58.92 2.19e-19 1.71839
64949 68.43 59.57 2.32e-19 1.66654
65111 57.58 76.63 2.84e-19 1.59913
65168 55.98 80.83 2.84e-19 1.59912
65108 46.27 78.38 2.91e-19 1.61701
65114 66.13 74.51 2.75e-19 1.58979
65117 72.61 72.15 2.65e-19 1.59172
64862 -0.65 67.20 2.91e-19 1.61696
64835 64.18 53.14 2.11e-19 1.75749
65456 -165.00 82.00 2.33e-19 1.66328
64469 -9.17 59.48 2.61e-19 1.59491
64475 2.41 61.35 2.75e-19 1.58982
64472 -3.56 60.56 2.69e-19 1.58955
65513 -177.19 75.64 2.04e-19 1.79588
65510 -165.00 76.00 2.05e-19 1.79108
65516 171.78 74.62 2.02e-19 1.81099
64451 -34.20 48.66 1.92e-19 1.87537
64454 -30.98 50.85 2.05e-19 1.78977
63905 -159.50 78.00 2.15e-19 1.73999
64289 24.88 52.47 2.42e-19 1.63445
64295 34.25 50.90 2.31e-19 1.67082
64292 29.66 51.81 2.37e-19 1.64873
64883 50.33 63.41 2.65e-19 1.59171
64880 44.43 64.97 2.75e-19 1.58986
65498 156.21 75.54 2.11e-19 1.75736
63584 -159.50 72.00 1.86e-19 1.91630
64886 55.56 61.63 2.54e-19 1.60636
64406 -2.00 57.66 2.59e-19 1.59727
65378 113.40 65.72 2.02e-19 1.81110
64403 -7.23 56.66 2.52e-19 1.60900
64400 -12.12 55.41 2.44e-19 1.62913
64223 -3.10 47.99 2.18e-19 1.72249
64220 -7.26 46.89 2.11e-19 1.76036
64118 -154.30 82.50 2.35e-19 1.65432
64121 -154.30 81.50 2.31e-19 1.66974
64226 1.25 48.86 2.25e-19 1.69523
64124 -154.30 80.50 2.27e-19 1.68693
63161 -58.62 69.66 2.42e-19 1.63311
