65006 73.24 61.42 1.63e-19 1.16682
65000 64.69 66.09 1.85e-19 1.14860
65003 69.32 63.82 1.75e-19 1.15986
63197 -35.09 66.19 1.85e-19 1.14875
64142 -154.30 75.50 1.32e-19 1.16761
63191 -39.22 67.15 1.84e-19 1.15080
65213 -57.99 77.44 1.87e-19 1.14445
65210 -61.92 74.59 1.81e-19 1.15435
65294 86.94 86.84 1.91e-19 1.13504
65291 15.00 89.00 1.92e-19 1.13324
65288 -56.94 86.84 1.91e-19 1.13504
65075 -57.47 61.57 1.45e-19 1.16962
62987 15.00 -74.00 1.69e-20 0.01686
65072 81.77 60.39 1.48e-19 1.16950
65486 -149.69 78.56 1.48e-19 1.16944
65069 78.69 63.02 1.62e-19 1.16728
65420 135.13 79.58 1.67e-19 1.16505
62981 15.00 -90.00 5.66e-20 0.05658
65483 -136.50 77.35 1.45e-19 1.16972
65156 -25.98 80.83 1.96e-19 1.10513
65426 125.59 73.95 1.53e-19 1.16931
65480 -126.21 75.54 1.41e-19 1.16923
63281 -2.95 47.55 1.46e-19 1.16950
63287 -1.51 45.84 1.39e-19 1.16907
65150 -45.89 76.23 1.92e-19 1.13370
65390 -91.61 68.04 1.31e-19 1.16746
63227 -18.77 60.10 1.83e-19 1.15142
65393 -93.21 71.02 1.43e-19 1.16962
65396 -95.59 73.95 1.53e-19 1.16931
63221 -21.51 61.46 1.85e-19 1.14924
63443 45.48 49.24 1.44e-19 1.16948
64046 20.50 70.00 1.90e-19 1.04611
64082 20.50 48.00 1.54e-19 1.16921
64043 20.50 72.00 1.85e-19 1.02697
64040 20.50 74.00 1.82e-19 1.01511
64781 -30.59 55.29 1.55e-19 1.16894
64778 -34.18 53.14 1.41e-19 1.16938
64784 -26.57 57.31 1.67e-19 1.16502
64079 20.50 50.00 1.63e-19 1.16703
64787 -22.08 59.16 1.78e-19 1.15740
64919 -2.88 70.09 1.94e-19 1.06970
64925 15.00 71.00 1.86e-19 1.03178
64922 5.86 70.77 1.89e-19 1.04508
64439 54.68 50.43 1.40e-19 1.16920
64445 61.37 46.31 1.11e-19 1.15882
64442 58.18 48.44 1.26e-19 1.16591
63119 -95.35 67.98 1.27e-19 1.16626
63125 -90.61 68.69 1.35e-19 1.16858
63377 68.74 63.99 1.76e-19 1.15895
64544 53.49 54.84 1.61e-19 1.16748
64187 23.29 43.52 1.30e-19 1.16723
64325 -18.58 49.61 1.43e-19 1.16944
63776 -159.50 74.00 1.23e-19 1.16484
64181 15.00 44.00 1.34e-19 1.16808
64178 10.84 43.88 1.33e-19 1.16791
64184 19.16 43.88 1.33e-19 1.16791
64013 -159.50 88.00 1.85e-19 1.14862
64250 37.26 46.89 1.40e-19 1.16906
64253 41.20 45.58 1.30e-19 1.16692
64073 20.50 54.00 1.78e-19 1.15703
64070 20.50 56.00 1.85e-19 1.14923
65246 94.74 71.70 1.72e-19 1.16236
65492 179.69 78.56 1.48e-19 1.16944
65243 91.92 74.59 1.81e-19 1.15435
65495 166.50 77.35 1.45e-19 1.16972
64076 20.50 52.00 1.71e-19 1.16297
65240 87.99 77.44 1.87e-19 1.14445
64208 23.74 46.51 1.45e-19 1.16977
64457 -27.42 52.92 1.48e-19 1.16962
65177 81.53 73.61 1.86e-19 1.14686
64166 11.03 40.88 1.17e-19 1.16192
64163 15.00 38.00 1.01e-19 1.15267
65171 67.87 78.68 1.95e-19 1.11920
64094 20.50 40.00 1.12e-19 1.15931
65174 75.89 76.23 1.92e-19 1.13370
64160 15.00 35.00 8.56e-20 1.13899
65387 -90.51 65.03 1.19e-19 1.16272
63257 -9.72 54.13 1.71e-19 1.16331
65297 96.36 83.93 1.90e-19 1.13994
63251 -11.73 55.69 1.75e-19 1.16034
65381 113.36 62.69 1.16e-19 1.16173
65384 113.42 59.64 1.01e-19 1.15281
65357 139.00 86.38 1.84e-19 1.14980
65348 -94.24 83.64 1.82e-19 1.15298
65351 -109.00 86.38 1.84e-19 1.14980
64091 20.50 42.00 1.23e-19 1.16454
65354 -165.00 88.00 1.85e-19 1.14865
63179 -48.39 68.69 1.79e-19 1.15622
63185 -43.65 67.98 1.82e-19 1.15330
63323 105.02 69.92 1.57e-19 1.16884
65342 -86.22 77.76 1.72e-19 1.16227
65345 -88.82 80.73 1.78e-19 1.15751
65339 -84.82 74.77 1.64e-19 1.16642
65045 15.00 77.00 1.86e-19 1.03178
65042 1.88 76.67 1.89e-19 1.04511
65039 -10.07 75.72 1.94e-19 1.06968
63407 54.89 57.20 1.69e-19 1.16424
65423 129.24 76.82 1.61e-19 1.16758
64823 52.08 59.16 1.78e-19 1.15740
65489 -165.00 79.00 1.49e-19 1.16958
64820 47.07 60.82 1.86e-19 1.14678
64967 -29.19 68.20 1.92e-19 1.13322
64964 -34.69 66.09 1.85e-19 1.14860
63401 57.23 58.68 1.72e-19 1.16273
63095 40.40 47.00 1.38e-19 1.16888
64961 -39.32 63.82 1.75e-19 1.15986
64958 -43.24 61.42 1.63e-19 1.16682
64826 56.57 57.31 1.67e-19 1.16502
65063 70.62 68.01 1.84e-19 1.14980
65126 84.80 64.32 1.60e-19 1.16810
65060 65.21 70.32 1.91e-19 1.13506
65123 81.58 67.01 1.72e-19 1.16242
65066 75.03 65.56 1.75e-19 1.16051
65120 77.61 69.63 1.82e-19 1.15299
64592 57.42 52.92 1.48e-19 1.16962
64499 49.14 56.59 1.72e-19 1.16224
65519 -154.87 72.69 1.17e-19 1.16170
65522 -165.00 73.00 1.18e-19 1.16241
65525 -175.13 72.69 1.17e-19 1.16170
63293 -0.15 44.10 1.30e-19 1.16727
64055 20.50 64.00 1.96e-19 1.09994
64052 20.50 66.00 1.95e-19 1.08336
64466 -14.37 58.15 1.81e-19 1.15437
64049 20.50 68.00 1.93e-19 1.06531
64463 -19.14 56.59 1.72e-19 1.16224
64460 -23.49 54.84 1.61e-19 1.16748
64889 60.17 59.65 1.72e-19 1.16248
64895 67.82 55.26 1.45e-19 1.16950
64892 64.24 57.52 1.60e-19 1.16801
65225 -22.03 85.01 1.95e-19 1.11644
64376 58.87 43.83 1.01e-19 1.15282
64004 -159.50 82.00 1.63e-19 1.16681
64370 52.30 47.83 1.30e-19 1.16682
64007 -159.50 84.00 1.72e-19 1.16262
64373 55.72 45.90 1.16e-19 1.16150
64229 5.74 49.49 1.60e-19 1.16808
64235 15.00 50.00 1.63e-19 1.16685
64232 10.34 49.87 1.62e-19 1.16712
64109 -154.30 85.50 1.77e-19 1.15809
64115 -154.30 83.50 1.70e-19 1.16370
64112 -154.30 84.50 1.74e-19 1.16112
63809 -159.50 76.00 1.34e-19 1.16812
64283 15.00 53.00 1.75e-19 1.15987
64280 10.03 52.87 1.75e-19 1.16067
64286 19.97 52.87 1.75e-19 1.16067
65312 105.25 69.00 1.53e-19 1.16927
65315 106.03 66.00 1.40e-19 1.16930
65309 104.36 72.00 1.64e-19 1.16648
65306 103.29 74.99 1.74e-19 1.16120
65198 -70.10 62.89 1.34e-19 1.16798
65201 -68.64 65.84 1.48e-19 1.16954
65204 -66.90 68.78 1.61e-19 1.16760
65207 -64.74 71.70 1.72e-19 1.16236
65300 99.91 80.96 1.86e-19 1.14682
65303 101.91 77.98 1.81e-19 1.15436
65078 -54.80 64.32 1.60e-19 1.16810
65081 -51.58 67.01 1.72e-19 1.16242
65411 -165.00 85.00 1.75e-19 1.15987
65084 -47.61 69.63 1.82e-19 1.15299
65087 -42.61 72.15 1.90e-19 1.13994
64859 -7.85 66.25 1.96e-19 1.10514
64865 7.04 67.80 1.94e-19 1.06967
65417 145.34 82.12 1.72e-19 1.16251
63329 99.62 69.66 1.61e-19 1.16747
63335 94.39 69.25 1.65e-19 1.16602
63449 43.95 47.55 1.38e-19 1.16868
63455 42.51 45.84 1.30e-19 1.16725
64994 52.64 70.09 1.96e-19 1.11371
64988 35.87 72.94 1.93e-19 1.06283
64991 44.88 71.70 1.96e-19 1.09021
63215 -24.50 62.76 1.86e-19 1.14779
65153 -37.87 78.68 1.95e-19 1.11920
64997 59.19 68.20 1.92e-19 1.13322
63209 -27.74 63.99 1.86e-19 1.14727
64934 40.90 69.01 1.96e-19 1.09436
64016 14.04 90.00 1.90e-19 1.13884
64931 32.88 70.09 1.94e-19 1.06970
63431 48.85 52.53 1.56e-19 1.16874
64928 24.14 70.77 1.89e-19 1.04508
64010 -159.50 86.00 1.79e-19 1.15655
63473 -159.50 70.00 1.02e-19 1.15283
64937 48.05 67.59 1.95e-19 1.11642
63437 47.11 50.90 1.51e-19 1.16941
65132 -65.42 59.53 1.25e-19 1.16552
65135 -63.62 62.41 1.41e-19 1.16911
65129 87.47 61.57 1.45e-19 1.16962
64772 64.20 48.66 1.19e-19 1.16287
64775 -37.39 50.87 1.25e-19 1.16583
64415 15.00 59.00 1.92e-19 1.13324
64412 9.19 58.85 1.91e-19 1.13505
64409 3.49 58.40 1.90e-19 1.13996
63137 -80.38 69.66 1.50e-19 1.16938
63131 -85.61 69.25 1.43e-19 1.16940
64316 -22.30 47.83 1.30e-19 1.16682
64313 -25.72 45.90 1.16e-19 1.16150
64310 -28.87 43.83 1.01e-19 1.15282
63155 -64.02 69.92 1.68e-19 1.16498
63149 -69.50 70.00 1.63e-19 1.16712
64259 -20.22 45.15 1.19e-19 1.16274
64265 -12.75 48.42 1.43e-19 1.16941
64262 -16.62 46.88 1.31e-19 1.16762
65327 -83.36 62.69 1.16e-19 1.16173
57281 15.00 -74.00 1.69e-20 0.01686
64100 -154.30 88.50 1.86e-19 1.14626
64103 -154.30 87.50 1.84e-19 1.15065
65237 82.04 80.22 1.92e-19 1.13371
65234 71.87 82.83 1.94e-19 1.12371
64106 -154.30 86.50 1.81e-19 1.15460
65231 52.03 85.01 1.95e-19 1.11644
65228 15.00 86.00 1.96e-19 1.11372
65267 -76.03 66.00 1.40e-19 1.16930
64088 20.50 44.00 1.33e-19 1.16795
64193 2.01 45.89 1.41e-19 1.16908
64190 -2.11 45.05 1.34e-19 1.16821
64157 -154.30 77.50 1.42e-19 1.16941
64154 -154.30 71.50 1.10e-19 1.15854
64151 -154.30 72.50 1.16e-19 1.16148
64148 -154.30 73.50 1.21e-19 1.16398
64196 6.26 46.51 1.45e-19 1.16977
64982 15.00 74.00 1.77e-19 0.99724
64985 25.77 73.73 1.86e-19 1.03179
65369 114.82 74.77 1.64e-19 1.16642
64979 4.23 73.73 1.86e-19 1.03179
65375 113.60 68.75 1.43e-19 1.16952
65372 114.03 71.77 1.55e-19 1.16921
65366 116.22 77.76 1.72e-19 1.16227
65360 124.24 83.64 1.82e-19 1.15298
65363 118.82 80.73 1.78e-19 1.15751
65459 174.45 81.43 1.62e-19 1.16728
65462 158.42 79.90 1.60e-19 1.16805
65465 147.41 77.77 1.55e-19 1.16909
63173 -53.39 69.25 1.76e-19 1.15922
65036 -20.23 74.26 1.96e-19 1.09436
65270 -75.25 69.00 1.53e-19 1.16927
65273 -74.36 72.00 1.64e-19 1.16648
64952 71.94 57.20 1.48e-19 1.16956
65276 -73.29 74.99 1.74e-19 1.16120
65030 -35.21 70.32 1.91e-19 1.13506
65033 -28.52 72.43 1.95e-19 1.11643
64808 22.07 64.82 1.96e-19 1.09436
64811 28.94 64.29 1.96e-19 1.10514
65501 148.54 73.33 1.34e-19 1.16805
63353 80.22 67.15 1.74e-19 1.16127
64817 41.53 62.26 1.92e-19 1.13375
63005 15.00 -90.00 5.66e-20 0.05658
63389 62.51 61.46 1.75e-19 1.15992
62999 15.00 -74.00 1.69e-20 0.01686
63395 59.77 60.10 1.74e-19 1.16114
65507 -152.81 75.64 1.33e-19 1.16767
65054 50.23 74.26 1.96e-19 1.09436
65096 -16.27 78.38 1.95e-19 1.08592
65051 40.07 75.72 1.94e-19 1.06968
65048 28.12 76.67 1.89e-19 1.04511
65090 -36.13 74.51 1.94e-19 1.12370
65093 -27.58 76.63 1.96e-19 1.10513
65057 58.52 72.43 1.95e-19 1.11643
64496 44.37 58.15 1.81e-19 1.15437
64490 33.56 60.56 1.92e-19 1.13374
64493 39.17 59.48 1.87e-19 1.14444
63017 15.00 -90.00 5.66e-20 0.05658
63305 121.38 69.66 1.39e-19 1.16884
63011 15.00 -74.00 1.69e-20 0.01686
63299 126.61 69.25 1.32e-19 1.16756
64058 20.50 62.00 1.95e-19 1.11489
64061 20.50 60.00 1.93e-19 1.12812
64067 20.50 58.00 1.90e-19 1.13958
64802 7.93 64.82 1.96e-19 1.09436
64805 15.00 65.00 1.96e-19 1.09021
64799 1.06 64.29 1.96e-19 1.10514
64907 -29.72 63.95 1.84e-19 1.14983
64904 -34.39 61.83 1.75e-19 1.16052
64898 -41.94 57.20 1.48e-19 1.16956
64901 -38.43 59.57 1.62e-19 1.16709
64829 60.59 55.29 1.55e-19 1.16894
64379 -31.37 46.31 1.11e-19 1.15882
64367 48.58 49.61 1.43e-19 1.16944
64364 44.55 51.21 1.55e-19 1.16916
64361 40.23 52.61 1.64e-19 1.16642
64358 35.61 53.80 1.72e-19 1.16241
63371 72.27 65.14 1.76e-19 1.15925
63101 -146.50 74.10 1.26e-19 1.16581
63107 41.70 76.00 1.94e-19 1.07353
63968 -159.50 80.00 1.54e-19 1.16912
64343 9.65 55.86 1.84e-19 1.14984
63365 76.09 66.19 1.75e-19 1.15994
64247 33.10 47.99 1.48e-19 1.16969
64340 4.38 55.44 1.82e-19 1.15308
64244 28.75 48.86 1.55e-19 1.16913
64238 19.66 49.87 1.62e-19 1.16712
64346 15.00 56.00 1.85e-19 1.14865
64241 24.26 49.49 1.60e-19 1.16808
64268 -8.62 49.77 1.53e-19 1.16931
64271 -4.25 50.90 1.61e-19 1.16742
64274 0.34 51.81 1.67e-19 1.16506
64277 5.12 52.47 1.72e-19 1.16256
65264 -76.74 62.99 1.26e-19 1.16589
65261 -77.40 59.97 1.11e-19 1.15881
65258 101.35 59.93 1.19e-19 1.16286
65324 -83.42 59.64 1.01e-19 1.15281
65321 107.40 59.97 1.11e-19 1.15881
65318 106.74 62.99 1.26e-19 1.16589
64145 -154.30 74.50 1.27e-19 1.16602
65189 93.62 62.41 1.41e-19 1.16911
65195 -71.35 59.93 1.19e-19 1.16286
64139 -154.30 76.50 1.37e-19 1.16874
65441 -105.01 72.61 1.40e-19 1.16920
65438 -101.49 69.80 1.30e-19 1.16705
65444 -110.04 75.29 1.48e-19 1.16959
65447 -117.41 77.77 1.55e-19 1.16909
63341 89.39 68.69 1.69e-19 1.16442
63347 84.65 67.98 1.72e-19 1.16272
65018 -45.03 65.56 1.75e-19 1.16051
65027 -40.62 68.01 1.84e-19 1.14980
65159 -8.31 82.40 1.96e-19 1.09436
63239 -16.23 58.68 1.81e-19 1.15418
63245 -13.89 57.20 1.78e-19 1.15707
65165 38.31 82.40 1.96e-19 1.09436
63419 50.72 54.13 1.61e-19 1.16765
64943 59.72 63.95 1.84e-19 1.14983
64946 64.39 61.83 1.75e-19 1.16052
64847 -30.17 59.65 1.72e-19 1.16248
65141 -58.92 68.10 1.67e-19 1.16498
65138 -61.49 65.27 1.55e-19 1.16897
64838 67.39 50.87 1.25e-19 1.16583
64841 -37.82 55.26 1.45e-19 1.16950
64844 -34.24 57.52 1.60e-19 1.16801
64478 8.63 61.84 1.95e-19 1.11644
64481 15.00 62.00 1.96e-19 1.11372
64484 21.37 61.84 1.95e-19 1.11644
64487 27.59 61.35 1.94e-19 1.12371
64421 26.51 58.40 1.90e-19 1.13996
64424 32.00 57.66 1.86e-19 1.14683
64853 -20.33 63.41 1.90e-19 1.13993
64850 -25.56 61.63 1.82e-19 1.15308
64856 -14.43 64.97 1.94e-19 1.12373
63143 -74.98 69.92 1.57e-19 1.16884
64307 50.22 45.15 1.19e-19 1.16274
64298 38.62 49.77 1.53e-19 1.16931
64301 42.75 48.42 1.43e-19 1.16941
64304 46.62 46.88 1.31e-19 1.16762
64874 30.65 67.20 1.96e-19 1.08593
64868 15.00 68.00 1.93e-19 1.06283
64871 22.96 67.80 1.94e-19 1.06967
64877 37.85 66.25 1.96e-19 1.10514
64022 20.50 86.00 1.95e-19 1.11390
64025 20.50 84.00 1.96e-19 1.09883
64397 -16.66 53.94 1.64e-19 1.16658
64019 20.50 88.00 1.93e-19 1.12725
64394 -20.85 52.27 1.53e-19 1.16927
64388 -28.18 48.44 1.26e-19 1.16591
64391 -24.68 50.43 1.40e-19 1.16920
64214 32.11 45.05 1.34e-19 1.16821
64097 -154.30 89.50 1.89e-19 1.14142
64211 27.99 45.89 1.41e-19 1.16908
65219 -52.04 80.22 1.92e-19 1.13371
64217 -11.20 45.58 1.30e-19 1.16692
65222 -41.87 82.83 1.94e-19 1.12371
64427 37.23 56.66 1.81e-19 1.15440
64199 10.61 46.88 1.48e-19 1.16977
64202 15.00 47.00 1.49e-19 1.16958
64205 19.39 46.88 1.48e-19 1.16977
64976 -5.87 72.94 1.93e-19 1.06283
64973 -14.88 71.70 1.96e-19 1.09021
64970 -22.64 70.09 1.96e-19 1.11371
65450 -128.42 79.90 1.60e-19 1.16805
65453 -144.45 81.43 1.62e-19 1.16728
65162 15.00 83.00 1.96e-19 1.09021
63203 -31.27 65.14 1.86e-19 1.14762
65279 -71.91 77.98 1.81e-19 1.15436
65285 -66.36 83.93 1.90e-19 1.13994
65282 -69.91 80.96 1.86e-19 1.14682
65471 135.01 72.61 1.40e-19 1.16920
65468 140.04 75.29 1.48e-19 1.16959
65474 131.49 69.80 1.30e-19 1.16705
65477 -118.54 73.33 1.34e-19 1.16805
62993 15.00 -90.00 5.66e-20 0.05658
64940 54.30 65.88 1.91e-19 1.13502
65099 -1.81 79.57 1.94e-19 1.06967
65105 31.81 79.57 1.94e-19 1.06967
65102 15.00 80.00 1.93e-19 1.06283
64688 60.98 50.85 1.34e-19 1.16800
65405 -115.34 82.12 1.72e-19 1.16251
65402 -105.13 79.58 1.67e-19 1.16505
65399 -99.24 76.82 1.61e-19 1.16758
63269 -6.11 50.90 1.60e-19 1.16785
63275 -4.48 49.24 1.53e-19 1.16916
64037 20.50 76.00 1.85e-19 1.02573
64034 20.50 78.00 1.89e-19 1.04475
64028 20.50 82.00 1.95e-19 1.08215
64031 20.50 80.00 1.93e-19 1.06400
64916 -10.90 69.01 1.96e-19 1.09436
64793 -11.53 62.26 1.92e-19 1.13375
64790 -17.07 60.82 1.86e-19 1.14678
64910 -24.30 65.88 1.91e-19 1.13502
64913 -18.05 67.59 1.95e-19 1.11642
64796 -5.47 63.42 1.95e-19 1.11919
65144 -55.70 70.89 1.78e-19 1.15755
64430 42.12 55.41 1.74e-19 1.16130
64433 46.66 53.94 1.64e-19 1.16658
64349 20.35 55.86 1.84e-19 1.14984
64352 25.62 55.44 1.82e-19 1.15308
64355 30.72 54.74 1.78e-19 1.15743
63383 65.50 62.76 1.76e-19 1.15913
63113 -138.30 76.00 1.38e-19 1.16891
64436 50.85 52.27 1.53e-19 1.16927
64334 -5.61 53.80 1.72e-19 1.16241
65504 -141.78 74.62 1.30e-19 1.16688
64331 -10.23 52.61 1.64e-19 1.16642
64328 -14.55 51.21 1.55e-19 1.16916
64169 15.00 41.00 1.18e-19 1.16241
64172 18.97 40.88 1.17e-19 1.16192
64175 6.71 43.52 1.30e-19 1.16723
64337 -0.72 54.74 1.78e-19 1.15743
64814 35.47 63.42 1.95e-19 1.11919
65147 -51.53 73.61 1.86e-19 1.14686
65249 96.90 68.78 1.61e-19 1.16760
64085 20.50 46.00 1.44e-19 1.16951
65336 -84.03 71.77 1.55e-19 1.16921
65252 98.64 65.84 1.48e-19 1.16954
65255 100.10 62.89 1.34e-19 1.16798
65330 -83.40 65.72 1.30e-19 1.16701
65333 -83.60 68.75 1.43e-19 1.16952
64418 20.81 58.85 1.91e-19 1.13505
64133 -154.30 79.50 1.52e-19 1.16937
65186 91.49 65.27 1.55e-19 1.16897
64136 -154.30 78.50 1.47e-19 1.16962
65183 88.92 68.10 1.67e-19 1.16498
65180 85.70 70.89 1.78e-19 1.15755
65192 95.42 59.53 1.25e-19 1.16552
65414 164.13 84.15 1.75e-19 1.16068
65432 121.61 68.04 1.31e-19 1.16746
65435 120.51 65.03 1.19e-19 1.16272
63263 -7.85 52.53 1.66e-19 1.16583
65429 123.21 71.02 1.43e-19 1.16962
65408 -134.13 84.15 1.75e-19 1.16068
63317 110.50 70.00 1.51e-19 1.16945
63311 115.98 69.92 1.45e-19 1.16975
65009 76.59 58.92 1.49e-19 1.16940
65015 -48.69 63.02 1.62e-19 1.16728
65012 -51.77 60.39 1.48e-19 1.16950
65528 -165.00 70.00 1.01e-19 1.15267
65531 -165.00 67.00 8.56e-20 1.13899
63413 52.73 55.69 1.65e-19 1.16612
64955 -46.59 58.92 1.49e-19 1.16940
64949 68.43 59.57 1.62e-19 1.16709
65111 57.58 76.63 1.96e-19 1.10513
65168 55.98 80.83 1.96e-19 1.10513
65108 46.27 78.38 1.95e-19 1.08592
65114 66.13 74.51 1.94e-19 1.12370
65117 72.61 72.15 1.90e-19 1.13994
64862 -0.65 67.20 1.96e-19 1.08593
64835 64.18 53.14 1.41e-19 1.16938
65456 -165.00 82.00 1.63e-19 1.16685
64469 -9.17 59.48 1.87e-19 1.14444
64475 2.41 61.35 1.94e-19 1.12371
64472 -3.56 60.56 1.92e-19 1.13374
65513 -177.19 75.64 1.33e-19 1.16767
65510 -165.00 76.00 1.34e-19 1.16808
65516 171.78 74.62 1.30e-19 1.16688
64451 -34.20 48.66 1.19e-19 1.16287
64454 -30.98 50.85 1.34e-19 1.16800
63905 -159.50 78.00 1.44e-19 1.16955
64289 24.88 52.47 1.72e-19 1.16256
64295 34.25 50.90 1.61e-19 1.16742
64292 29.66 51.81 1.67e-19 1.16506
64883 50.33 63.41 1.90e-19 1.13993
64880 44.43 64.97 1.94e-19 1.12373
65498 156.21 75.54 1.41e-19 1.16923
63584 -159.50 72.00 1.12e-19 1.15973
64886 55.56 61.63 1.82e-19 1.15308
64406 -2.00 57.66 1.86e-19 1.14683
65378 113.40 65.72 1.30e-19 1.16701
64403 -7.23 56.66 1.81e-19 1.15440
64400 -12.12 55.41 1.74e-19 1.16130
64223 -3.10 47.99 1.48e-19 1.16969
64220 -7.26 46.89 1.40e-19 1.16906
64118 -154.30 82.50 1.66e-19 1.16581
64121 -154.30 81.50 1.61e-19 1.16746
64226 1.25 48.86 1.55e-19 1.16913
64124 -154.30 80.50 1.57e-19 1.16865
63161 -58.62 69.66 1.72e-19 1.16216
