56894 2.38 31.38 1.53e-21 0.64880 0.00396
56924 13.90 34.08 1.57e-21 0.68437 0.00097
56954 26.00 35.00 1.57e-21 0.71442 0.00056
56984 38.10 34.08 1.61e-21 0.74454 0.00274
57014 49.62 31.38 1.34e-21 0.68228 0.00306
58772 -0.98 41.06 1.76e-21 0.62464 0.00099
58802 12.03 43.98 1.86e-21 0.64848 0.00137
58832 26.00 45.00 1.93e-21 0.59985 0.00385
58862 39.97 43.98 1.79e-21 0.67541 0.00275
58892 52.98 41.06 1.65e-21 0.71402 0.00240
60557 -6.40 50.33 1.89e-21 0.63790 0.00312
60587 8.91 53.78 1.84e-21 0.63212 0.00035
60617 26.00 55.00 1.85e-21 0.64725 0.00340
60647 43.09 53.78 1.79e-21 0.63091 0.00295
60677 58.40 50.33 1.80e-21 0.64146 0.00235
62342 -15.44 58.88 1.79e-21 0.66747 0.00175
62372 3.23 63.34 1.82e-21 0.61884 0.00175
62402 26.00 65.00 1.83e-21 0.66459 0.00180
62432 48.77 63.34 1.83e-21 0.69359 0.00109
62462 67.44 58.88 1.73e-21 0.67559 0.00257
64220 -31.03 65.94 1.62e-21 0.62375 0.00094
64250 -8.83 72.30 1.73e-21 0.63499 0.00031
64280 26.00 75.00 1.92e-21 0.59000 0.00000
64310 60.83 72.30 1.78e-21 0.63038 0.00232
64340 83.03 65.94 1.50e-21 0.64672 0.00266
