   1.2734221e+09   5.8907650e-01
   1.2734230e+09   5.8907650e-01
   1.2734239e+09   5.8907650e-01
   1.2734248e+09   5.8907650e-01
   1.2734257e+09   5.8907650e-01
   1.2734266e+09   5.8907650e-01
   1.2734275e+09   5.8907650e-01
   1.2734284e+09   5.8907650e-01
   1.2734293e+09   5.8907650e-01
   1.2734302e+09   5.8907650e-01
   1.2734311e+09   5.8907650e-01
   1.2734320e+09   5.8907650e-01
   1.2734329e+09   5.8907650e-01
   1.2734338e+09   5.8907650e-01
   1.2734347e+09   5.8907650e-01
   1.2734356e+09   5.8907650e-01
   1.2734365e+09   5.8907650e-01
   1.2734374e+09   5.8907650e-01
   1.2734383e+09   5.8907650e-01
   1.2734392e+09   5.8907650e-01
   1.2734401e+09   5.8907650e-01
   1.2734410e+09   5.8907650e-01
   1.2734419e+09   5.8907650e-01
   1.2734428e+09   5.8907650e-01
   1.2734437e+09   5.8907650e-01
   1.2734446e+09   5.8907650e-01
   1.2734455e+09   5.8907650e-01
   1.2734464e+09   5.8907650e-01
   1.2734473e+09   5.8907650e-01
   1.2734482e+09   5.8907650e-01
   1.2734491e+09   5.8907650e-01
   1.2734500e+09   5.8907650e-01
   1.2734509e+09   5.8907650e-01
   1.2734518e+09   5.8907650e-01
   1.2734527e+09   5.8907650e-01
   1.2734536e+09   5.8907650e-01
   1.2734545e+09   5.8907650e-01
   1.2734554e+09   5.8907650e-01
   1.2734563e+09   5.8907650e-01
   1.2734572e+09   5.8907650e-01
   1.2734581e+09   5.8907650e-01
   1.2734590e+09   5.8907650e-01
   1.2734599e+09   5.8907650e-01
   1.2734608e+09   5.8907650e-01
   1.2734617e+09   5.8907650e-01
   1.2734626e+09   5.8907650e-01
   1.2734635e+09   5.8907650e-01
   1.2734644e+09   5.8907650e-01
   1.2734653e+09   5.8907650e-01
   1.2734662e+09   5.8907650e-01
   1.2734671e+09   5.8907650e-01
   1.2734680e+09   5.8907650e-01
   1.2734689e+09   5.8907650e-01
   1.2734698e+09   5.8907650e-01
   1.2734707e+09   5.8907650e-01
   1.2734716e+09   5.8907650e-01
   1.2734725e+09   5.8907650e-01
   1.2734734e+09   5.8907650e-01
   1.2734743e+09   5.8907650e-01
   1.2734752e+09   5.8907650e-01
   1.2734761e+09   5.8907650e-01
   1.2734770e+09   5.8907650e-01
   1.2734779e+09   5.8907650e-01
   1.2734788e+09   5.8907650e-01
   1.2734797e+09   5.8907650e-01
   1.2734806e+09   5.8907650e-01
   1.2734815e+09   5.8907650e-01
   1.2734824e+09   5.8907650e-01
   1.2734833e+09   5.8907650e-01
   1.2734842e+09   5.8907650e-01
   1.2734851e+09   5.8907650e-01
   1.2734860e+09   5.8907650e-01
   1.2734869e+09   5.8907650e-01
   1.2734878e+09   5.8907650e-01
   1.2734887e+09   5.8907650e-01
   1.2734896e+09   5.8907650e-01
   1.2734905e+09   5.8907650e-01
   1.2734914e+09   5.8907650e-01
   1.2734923e+09   5.8907650e-01
   1.2734932e+09   5.8907650e-01
   1.2734941e+09   5.8907650e-01
   1.2734950e+09   5.8907650e-01
   1.2734959e+09   5.8907650e-01
   1.2734968e+09   5.8907650e-01
   1.2734977e+09   5.8907650e-01
   1.2734986e+09   5.8907650e-01
   1.2734995e+09   5.8907650e-01
   1.2735004e+09   5.8907650e-01
   1.2735013e+09   5.8907650e-01
   1.2735022e+09   5.8907650e-01
   1.2735031e+09   5.8907650e-01
   1.2735040e+09   5.8907650e-01
   1.2735049e+09   5.8907650e-01
   1.2735058e+09   5.8907650e-01
   1.2735067e+09   5.8907650e-01
   1.2735076e+09   5.8907650e-01
   1.2735085e+09   5.8907650e-01
   1.2735094e+09   5.8907650e-01
   1.2735103e+09   5.8907650e-01
   1.2735112e+09   5.8907650e-01
   1.2735121e+09   5.8907650e-01
   1.2735130e+09   5.8907650e-01
   1.2735139e+09   5.8907650e-01
   1.2735148e+09   5.8907650e-01
   1.2735157e+09   5.8907650e-01
   1.2735166e+09   5.8907650e-01
   1.2735175e+09   5.8907650e-01
   1.2735184e+09   5.8907650e-01
   1.2735193e+09   5.8907650e-01
   1.2735202e+09   5.8907650e-01
   1.2735211e+09   5.8907650e-01
   1.2735220e+09   5.8907650e-01
   1.2735229e+09   5.8907650e-01
   1.2735238e+09   5.8907650e-01
   1.2735247e+09   5.8907650e-01
   1.2735256e+09   5.8907650e-01
   1.2735265e+09   5.8907650e-01
   1.2735274e+09   5.8907650e-01
   1.2735283e+09   5.8907650e-01
   1.2735292e+09   5.8907650e-01
   1.2735301e+09   5.8907650e-01
   1.2735310e+09   5.8907650e-01
   1.2735319e+09   5.8907650e-01
   1.2735328e+09   5.8907650e-01
   1.2735337e+09   5.8907650e-01
   1.2735346e+09   5.8907650e-01
   1.2735355e+09   5.8907650e-01
   1.2735364e+09   5.8907650e-01
   1.2735373e+09   5.8907650e-01
   1.2735382e+09   5.8907650e-01
   1.2735391e+09   5.8907650e-01
   1.2735400e+09   5.8907650e-01
   1.2735409e+09   5.8907650e-01
   1.2735418e+09   5.8907650e-01
   1.2735427e+09   5.8907650e-01
   1.2735436e+09   5.8907650e-01
   1.2735445e+09   5.8907650e-01
   1.2735454e+09   5.8907650e-01
   1.2735463e+09   5.8907650e-01
   1.2735472e+09   5.8907650e-01
   1.2735481e+09   5.8907650e-01
   1.2735490e+09   5.8907650e-01
   1.2735499e+09   5.8907650e-01
   1.2735508e+09   5.8907650e-01
   1.2735517e+09   5.8907650e-01
   1.2735526e+09   5.8907650e-01
   1.2735535e+09   5.8907650e-01
   1.2735544e+09   5.8907650e-01
   1.2735553e+09   5.8907650e-01
   1.2735562e+09   5.8907650e-01
   1.2735571e+09   5.8907650e-01
   1.2735580e+09   5.8907650e-01
   1.2735589e+09   5.8907650e-01
   1.2735598e+09   5.8907650e-01
   1.2735607e+09   5.8907650e-01
   1.2735616e+09   5.8907650e-01
   1.2735625e+09   5.8907650e-01
   1.2735634e+09   5.8907650e-01
   1.2735643e+09   5.8907650e-01
   1.2735652e+09   5.8907650e-01
   1.2735661e+09   5.8907650e-01
   1.2735670e+09   5.8907650e-01
   1.2735679e+09   5.8907650e-01
   1.2735688e+09   5.8907650e-01
   1.2735697e+09   5.8907650e-01
   1.2735706e+09   5.8907650e-01
   1.2735715e+09   5.8907650e-01
   1.2735724e+09   5.8907650e-01
   1.2735733e+09   5.8907650e-01
   1.2735742e+09   5.8907650e-01
   1.2735751e+09   5.8907650e-01
   1.2735760e+09   5.8907650e-01
   1.2735769e+09   5.8907650e-01
   1.2735778e+09   5.8907650e-01
   1.2735787e+09   5.8907650e-01
   1.2735796e+09   5.8907650e-01
   1.2735805e+09   5.8907650e-01
   1.2735814e+09   5.8907650e-01
   1.2735823e+09   5.8907650e-01
   1.2735832e+09   5.8907650e-01
   1.2735841e+09   5.8907650e-01
   1.2735850e+09   5.8907650e-01
   1.2735859e+09   5.8907650e-01
   1.2735868e+09   5.8907650e-01
   1.2735877e+09   5.8907650e-01
   1.2735886e+09   5.8907650e-01
   1.2735895e+09   5.8907650e-01
   1.2735904e+09   5.8907650e-01
   1.2735913e+09   5.8907650e-01
   1.2735922e+09   5.8907650e-01
   1.2735931e+09   5.8907650e-01
   1.2735940e+09   5.8907650e-01
   1.2735949e+09   5.8907650e-01
   1.2735958e+09   5.8907650e-01
   1.2735967e+09   5.8907650e-01
   1.2735976e+09   5.8907650e-01
   1.2735985e+09   5.8907650e-01
   1.2735994e+09   5.8907650e-01
   1.2736003e+09   5.8907650e-01
   1.2736012e+09   5.8907650e-01
   1.2736021e+09   5.8907650e-01
   1.2736030e+09   5.8907650e-01
   1.2736039e+09   5.8907650e-01
   1.2736048e+09   5.8907650e-01
   1.2736057e+09   5.8907650e-01
   1.2736066e+09   5.8907650e-01
   1.2736075e+09   5.8907650e-01
   1.2736084e+09   5.8907650e-01
   1.2736093e+09   5.8907650e-01
