65006 73.24 61.42 1.28e-19 0.91446
65000 64.69 66.09 1.50e-19 0.93389
65003 69.32 63.82 1.40e-19 0.92733
63197 -35.09 66.19 1.50e-19 0.93384
64142 -154.30 75.50 9.80e-20 0.86762
63191 -39.22 67.15 1.49e-19 0.93335
65213 -57.99 77.44 1.53e-19 0.93468
65210 -61.92 74.59 1.46e-19 0.93165
65294 86.94 86.84 1.58e-19 0.93448
65291 15.00 89.00 1.58e-19 0.93420
65288 -56.94 86.84 1.58e-19 0.93448
65075 -57.47 61.57 1.11e-19 0.88987
62987 15.00 -74.00 -9.38e-21 -0.00938
65072 81.77 60.39 1.13e-19 0.89409
65486 -149.69 78.56 1.13e-19 0.89403
65069 78.69 63.02 1.27e-19 0.91347
65420 135.13 79.58 1.32e-19 0.91939
62981 15.00 -90.00 -3.62e-20 -0.03623
65483 -136.50 77.35 1.11e-19 0.88997
65156 -25.98 80.83 1.64e-19 0.92407
65426 125.59 73.95 1.18e-19 0.90101
65480 -126.21 75.54 1.06e-19 0.88234
63281 -2.95 47.55 1.11e-19 0.89111
63287 -1.51 45.84 1.04e-19 0.87898
65150 -45.89 76.23 1.58e-19 0.93427
65390 -91.61 68.04 9.76e-20 0.86677
63227 -18.77 60.10 1.48e-19 0.93307
65393 -93.21 71.02 1.08e-19 0.88623
65396 -95.59 73.95 1.18e-19 0.90101
63221 -21.51 61.46 1.50e-19 0.93375
63443 45.48 49.24 1.10e-19 0.88821
64046 20.50 70.00 1.60e-19 0.88458
64082 20.50 48.00 1.18e-19 0.90182
64043 20.50 72.00 1.57e-19 0.86905
64040 20.50 74.00 1.54e-19 0.85899
64781 -30.59 55.29 1.20e-19 0.90356
64778 -34.18 53.14 1.06e-19 0.88248
64784 -26.57 57.31 1.32e-19 0.91937
64079 20.50 50.00 1.27e-19 0.91388
64787 -22.08 59.16 1.43e-19 0.92942
64919 -2.88 70.09 1.63e-19 0.90222
64925 15.00 71.00 1.58e-19 0.87303
64922 5.86 70.77 1.60e-19 0.88377
64439 54.68 50.43 1.06e-19 0.88133
64445 61.37 46.31 7.91e-20 0.82688
64442 58.18 48.44 9.24e-20 0.85672
63119 -95.35 67.98 9.38e-20 0.85942
63125 -90.61 68.69 1.01e-19 0.87377
63377 68.74 63.99 1.41e-19 0.92825
64544 53.49 54.84 1.26e-19 0.91181
64187 23.29 43.52 9.63e-20 0.86440
64325 -18.58 49.61 1.08e-19 0.88606
63776 -159.50 74.00 9.02e-20 0.85195
64181 15.00 44.00 9.98e-20 0.87098
64178 10.84 43.88 9.89e-20 0.86937
64184 19.16 43.88 9.89e-20 0.86937
64013 -159.50 88.00 1.51e-19 0.93396
64250 37.26 46.89 1.06e-19 0.88121
64253 41.20 45.58 9.63e-20 0.86412
64073 20.50 54.00 1.43e-19 0.92992
64070 20.50 56.00 1.50e-19 0.93379
65246 94.74 71.70 1.37e-19 0.92430
65492 179.69 78.56 1.13e-19 0.89403
65243 91.92 74.59 1.46e-19 0.93165
65495 166.50 77.35 1.11e-19 0.88997
64076 20.50 52.00 1.36e-19 0.92327
65240 87.99 77.44 1.53e-19 0.93468
64208 23.74 46.51 1.11e-19 0.89001
64457 -27.42 52.92 1.13e-19 0.89429
65177 81.53 73.61 1.52e-19 0.93435
64166 11.03 40.88 8.43e-20 0.83909
64163 15.00 38.00 7.09e-20 0.80611
65171 67.87 78.68 1.62e-19 0.93030
64094 20.50 40.00 7.99e-20 0.82875
65174 75.89 76.23 1.58e-19 0.93427
64160 15.00 35.00 5.76e-20 0.76686
65387 -90.51 65.03 8.60e-20 0.84275
63257 -9.72 54.13 1.35e-19 0.92286
65297 96.36 83.93 1.55e-19 0.93486
63251 -11.73 55.69 1.40e-19 0.92698
65381 113.36 62.69 8.37e-20 0.83773
65384 113.42 59.64 7.10e-20 0.80623
65357 139.00 86.38 1.50e-19 0.93360
65348 -94.24 83.64 1.47e-19 0.93233
65351 -109.00 86.38 1.50e-19 0.93360
64091 20.50 42.00 8.95e-20 0.85051
65354 -165.00 88.00 1.50e-19 0.93395
63179 -48.39 68.69 1.44e-19 0.93058
63185 -43.65 67.98 1.47e-19 0.93225
63323 105.02 69.92 1.21e-19 0.90606
65342 -86.22 77.76 1.37e-19 0.92421
65345 -88.82 80.73 1.43e-19 0.92954
65339 -84.82 74.77 1.29e-19 0.91564
65045 15.00 77.00 1.58e-19 0.87303
65042 1.88 76.67 1.60e-19 0.88379
65039 -10.07 75.72 1.63e-19 0.90221
63407 54.89 57.20 1.34e-19 0.92076
65423 129.24 76.82 1.26e-19 0.91191
64823 52.08 59.16 1.43e-19 0.92942
65489 -165.00 79.00 1.14e-19 0.89561
64820 47.07 60.82 1.52e-19 0.93427
64967 -29.19 68.20 1.58e-19 0.93418
64964 -34.69 66.09 1.50e-19 0.93389
63401 57.23 58.68 1.36e-19 0.92388
63095 40.40 47.00 1.04e-19 0.87800
64961 -39.32 63.82 1.40e-19 0.92733
64958 -43.24 61.42 1.28e-19 0.91446
64826 56.57 57.31 1.32e-19 0.91937
65063 70.62 68.01 1.50e-19 0.93360
65126 84.80 64.32 1.24e-19 0.90992
65060 65.21 70.32 1.58e-19 0.93451
65123 81.58 67.01 1.37e-19 0.92402
65066 75.03 65.56 1.39e-19 0.92650
65120 77.61 69.63 1.47e-19 0.93234
64592 57.42 52.92 1.13e-19 0.89429
64499 49.14 56.59 1.37e-19 0.92418
65519 -154.87 72.69 8.43e-20 0.83890
65522 -165.00 73.00 8.52e-20 0.84099
65525 -175.13 72.69 8.43e-20 0.83890
63293 -0.15 44.10 9.65e-20 0.86471
64055 20.50 64.00 1.64e-19 0.92135
64052 20.50 66.00 1.64e-19 0.91146
64466 -14.37 58.15 1.46e-19 0.93167
64049 20.50 68.00 1.63e-19 0.89909
64463 -19.14 56.59 1.37e-19 0.92418
64460 -23.49 54.84 1.26e-19 0.91181
64889 60.17 59.65 1.37e-19 0.92408
64895 67.82 55.26 1.11e-19 0.88976
64892 64.24 57.52 1.24e-19 0.90983
65225 -22.03 85.01 1.63e-19 0.92925
64376 58.87 43.83 7.10e-20 0.80625
64004 -159.50 82.00 1.28e-19 0.91462
64370 52.30 47.83 9.63e-20 0.86403
64007 -159.50 84.00 1.36e-19 0.92382
64373 55.72 45.90 8.37e-20 0.83752
64229 5.74 49.49 1.24e-19 0.90990
64235 15.00 50.00 1.28e-19 0.91449
64232 10.34 49.87 1.27e-19 0.91331
64109 -154.30 85.50 1.42e-19 0.92906
64115 -154.30 83.50 1.35e-19 0.92203
64112 -154.30 84.50 1.39e-19 0.92588
63809 -159.50 76.00 1.00e-19 0.87130
64283 15.00 53.00 1.40e-19 0.92734
64280 10.03 52.87 1.39e-19 0.92667
64286 19.97 52.87 1.39e-19 0.92667
65312 105.25 69.00 1.18e-19 0.90097
65315 106.03 66.00 1.06e-19 0.88143
65309 104.36 72.00 1.29e-19 0.91570
65306 103.29 74.99 1.38e-19 0.92569
65198 -70.10 62.89 1.00e-19 0.87124
65201 -68.64 65.84 1.13e-19 0.89422
65204 -66.90 68.78 1.26e-19 0.91193
65207 -64.74 71.70 1.37e-19 0.92430
65300 99.91 80.96 1.52e-19 0.93431
65303 101.91 77.98 1.46e-19 0.93166
65078 -54.80 64.32 1.24e-19 0.90992
65081 -51.58 67.01 1.37e-19 0.92402
65411 -165.00 85.00 1.40e-19 0.92734
65084 -47.61 69.63 1.47e-19 0.93234
65087 -42.61 72.15 1.55e-19 0.93485
64859 -7.85 66.25 1.64e-19 0.92409
64865 7.04 67.80 1.63e-19 0.90220
65417 145.34 82.12 1.37e-19 0.92411
63329 99.62 69.66 1.26e-19 0.91198
63335 94.39 69.25 1.30e-19 0.91693
63449 43.95 47.55 1.03e-19 0.87714
63455 42.51 45.84 9.64e-20 0.86461
64994 52.64 70.09 1.63e-19 0.92809
64988 35.87 72.94 1.63e-19 0.89728
64991 44.88 71.70 1.64e-19 0.91574
63215 -24.50 62.76 1.51e-19 0.93409
65153 -37.87 78.68 1.62e-19 0.93030
64997 59.19 68.20 1.58e-19 0.93418
63209 -27.74 63.99 1.51e-19 0.93425
64934 40.90 69.01 1.64e-19 0.91820
64016 14.04 90.00 1.56e-19 0.93483
64931 32.88 70.09 1.63e-19 0.90222
63431 48.85 52.53 1.21e-19 0.90542
64928 24.14 70.77 1.60e-19 0.88377
64010 -159.50 86.00 1.44e-19 0.93028
63473 -159.50 70.00 7.11e-20 0.80663
64937 48.05 67.59 1.62e-19 0.92923
63437 47.11 50.90 1.16e-19 0.89756
65132 -65.42 59.53 9.20e-20 0.85563
65135 -63.62 62.41 1.06e-19 0.88223
65129 87.47 61.57 1.11e-19 0.88987
64772 64.20 48.66 8.62e-20 0.84323
64775 -37.39 50.87 9.20e-20 0.85591
64415 15.00 59.00 1.58e-19 0.93420
64412 9.19 58.85 1.58e-19 0.93449
64409 3.49 58.40 1.55e-19 0.93488
63137 -80.38 69.66 1.15e-19 0.89670
63131 -85.61 69.25 1.08e-19 0.88601
64316 -22.30 47.83 9.63e-20 0.86403
64313 -25.72 45.90 8.37e-20 0.83752
64310 -28.87 43.83 7.10e-20 0.80625
63155 -64.02 69.92 1.32e-19 0.91977
63149 -69.50 70.00 1.27e-19 0.91358
64259 -20.22 45.15 8.60e-20 0.84278
64265 -12.75 48.42 1.08e-19 0.88604
64262 -16.62 46.88 9.76e-20 0.86692
65327 -83.36 62.69 8.37e-20 0.83773
57281 15.00 -74.00 -9.38e-21 -0.00938
64100 -154.30 88.50 1.52e-19 0.93445
64103 -154.30 87.50 1.49e-19 0.93334
65237 82.04 80.22 1.58e-19 0.93428
65234 71.87 82.83 1.61e-19 0.93186
64106 -154.30 86.50 1.46e-19 0.93154
65231 52.03 85.01 1.63e-19 0.92925
65228 15.00 86.00 1.63e-19 0.92811
65267 -76.03 66.00 1.06e-19 0.88143
64088 20.50 44.00 9.93e-20 0.87002
64193 2.01 45.89 1.06e-19 0.88220
64190 -2.11 45.05 1.00e-19 0.87145
64157 -154.30 77.50 1.08e-19 0.88501
64154 -154.30 71.50 7.87e-20 0.82592
64151 -154.30 72.50 8.35e-20 0.83717
64148 -154.30 73.50 8.83e-20 0.84788
64196 6.26 46.51 1.11e-19 0.89001
64982 15.00 74.00 1.50e-19 0.84333
64985 25.77 73.73 1.58e-19 0.87304
65369 114.82 74.77 1.29e-19 0.91564
64979 4.23 73.73 1.58e-19 0.87304
65375 113.60 68.75 1.08e-19 0.88614
65372 114.03 71.77 1.19e-19 0.90325
65366 116.22 77.76 1.37e-19 0.92421
65360 124.24 83.64 1.47e-19 0.93233
65363 118.82 80.73 1.43e-19 0.92954
65459 174.45 81.43 1.27e-19 0.91346
65462 158.42 79.90 1.24e-19 0.90987
65465 147.41 77.77 1.20e-19 0.90370
63173 -53.39 69.25 1.41e-19 0.92800
65036 -20.23 74.26 1.64e-19 0.91820
65270 -75.25 69.00 1.18e-19 0.90097
65273 -74.36 72.00 1.29e-19 0.91570
64952 71.94 57.20 1.13e-19 0.89414
65276 -73.29 74.99 1.38e-19 0.92569
65030 -35.21 70.32 1.58e-19 0.93451
65033 -28.52 72.43 1.63e-19 0.92924
64808 22.07 64.82 1.64e-19 0.91820
64811 28.94 64.29 1.64e-19 0.92409
65501 148.54 73.33 1.00e-19 0.87131
63353 80.22 67.15 1.38e-19 0.92583
64817 41.53 62.26 1.58e-19 0.93432
63389 62.51 61.46 1.40e-19 0.92722
63395 59.77 60.10 1.39e-19 0.92588
65507 -152.81 75.64 9.89e-20 0.86915
65054 50.23 74.26 1.64e-19 0.91820
65096 -16.27 78.38 1.64e-19 0.91309
65051 40.07 75.72 1.63e-19 0.90221
65048 28.12 76.67 1.60e-19 0.88379
65090 -36.13 74.51 1.61e-19 0.93185
65093 -27.58 76.63 1.64e-19 0.92408
65057 58.52 72.43 1.63e-19 0.92924
64496 44.37 58.15 1.46e-19 0.93167
64490 33.56 60.56 1.58e-19 0.93431
64493 39.17 59.48 1.53e-19 0.93467
63305 121.38 69.66 1.04e-19 0.87935
63299 126.61 69.25 9.81e-20 0.86769
64058 20.50 62.00 1.63e-19 0.92860
64061 20.50 60.00 1.60e-19 0.93312
64067 20.50 58.00 1.56e-19 0.93486
64802 7.93 64.82 1.64e-19 0.91820
64805 15.00 65.00 1.64e-19 0.91574
64799 1.06 64.29 1.64e-19 0.92409
64907 -29.72 63.95 1.50e-19 0.93363
64904 -34.39 61.83 1.39e-19 0.92651
64898 -41.94 57.20 1.13e-19 0.89414
64901 -38.43 59.57 1.27e-19 0.91327
64829 60.59 55.29 1.20e-19 0.90356
64379 -31.37 46.31 7.91e-20 0.82688
64367 48.58 49.61 1.08e-19 0.88606
64364 44.55 51.21 1.19e-19 0.90320
64361 40.23 52.61 1.29e-19 0.91565
64358 35.61 53.80 1.37e-19 0.92435
63371 72.27 65.14 1.41e-19 0.92799
63101 -146.50 74.10 9.26e-20 0.85689
63107 41.70 76.00 1.64e-19 0.90490
63968 -159.50 80.00 1.19e-19 0.90275
64343 9.65 55.86 1.50e-19 0.93365
63365 76.09 66.19 1.40e-19 0.92709
64247 33.10 47.99 1.13e-19 0.89437
64340 4.38 55.44 1.47e-19 0.93244
64244 28.75 48.86 1.20e-19 0.90375
64238 19.66 49.87 1.27e-19 0.91331
64346 15.00 56.00 1.50e-19 0.93395
64241 24.26 49.49 1.24e-19 0.90990
64268 -8.62 49.77 1.18e-19 0.90100
64271 -4.25 50.90 1.26e-19 0.91175
64274 0.34 51.81 1.32e-19 0.91941
64277 5.12 52.47 1.37e-19 0.92416
65264 -76.74 62.99 9.24e-20 0.85670
65261 -77.40 59.97 7.91e-20 0.82687
65258 101.35 59.93 8.62e-20 0.84322
65324 -83.42 59.64 7.10e-20 0.80623
65321 107.40 59.97 7.91e-20 0.82687
65318 106.74 62.99 9.24e-20 0.85670
64145 -154.30 74.50 9.31e-20 0.85803
65189 93.62 62.41 1.06e-19 0.88223
65195 -71.35 59.93 8.62e-20 0.84322
64139 -154.30 76.50 1.03e-19 0.87662
65441 -105.01 72.61 1.06e-19 0.88134
65438 -101.49 69.80 9.63e-20 0.86423
65444 -110.04 75.29 1.13e-19 0.89427
65447 -117.41 77.77 1.20e-19 0.90370
63341 89.39 68.69 1.33e-19 0.92083
63347 84.65 67.98 1.36e-19 0.92369
65018 -45.03 65.56 1.39e-19 0.92650
65027 -40.62 68.01 1.50e-19 0.93360
65159 -8.31 82.40 1.64e-19 0.91820
63239 -16.23 58.68 1.46e-19 0.93189
63245 -13.89 57.20 1.43e-19 0.92976
65165 38.31 82.40 1.64e-19 0.91820
63419 50.72 54.13 1.26e-19 0.91191
64943 59.72 63.95 1.50e-19 0.93363
64946 64.39 61.83 1.39e-19 0.92651
64847 -30.17 59.65 1.37e-19 0.92408
65141 -58.92 68.10 1.32e-19 0.91933
65138 -61.49 65.27 1.20e-19 0.90360
64838 67.39 50.87 9.20e-20 0.85591
64841 -37.82 55.26 1.11e-19 0.88976
64844 -34.24 57.52 1.24e-19 0.90983
64478 8.63 61.84 1.63e-19 0.92925
64481 15.00 62.00 1.63e-19 0.92811
64484 21.37 61.84 1.63e-19 0.92925
64487 27.59 61.35 1.61e-19 0.93186
64421 26.51 58.40 1.55e-19 0.93488
64424 32.00 57.66 1.52e-19 0.93432
64853 -20.33 63.41 1.55e-19 0.93484
64850 -25.56 61.63 1.47e-19 0.93245
64856 -14.43 64.97 1.61e-19 0.93188
63143 -74.98 69.92 1.21e-19 0.90612
64307 50.22 45.15 8.60e-20 0.84278
64298 38.62 49.77 1.18e-19 0.90100
64301 42.75 48.42 1.08e-19 0.88604
64304 46.62 46.88 9.76e-20 0.86692
64874 30.65 67.20 1.64e-19 0.91309
64868 15.00 68.00 1.63e-19 0.89729
64871 22.96 67.80 1.63e-19 0.90220
64877 37.85 66.25 1.64e-19 0.92409
64022 20.50 86.00 1.63e-19 0.92818
64025 20.50 84.00 1.64e-19 0.92074
64397 -16.66 53.94 1.29e-19 0.91580
64019 20.50 88.00 1.60e-19 0.93289
64394 -20.85 52.27 1.18e-19 0.90097
64388 -28.18 48.44 9.24e-20 0.85672
64391 -24.68 50.43 1.06e-19 0.88133
64214 32.11 45.05 1.00e-19 0.87145
64097 -154.30 89.50 1.55e-19 0.93487
64211 27.99 45.89 1.06e-19 0.88220
65219 -52.04 80.22 1.58e-19 0.93428
64217 -11.20 45.58 9.63e-20 0.86412
65222 -41.87 82.83 1.61e-19 0.93186
64427 37.23 56.66 1.46e-19 0.93170
64199 10.61 46.88 1.13e-19 0.89434
64202 15.00 47.00 1.14e-19 0.89561
64205 19.39 46.88 1.13e-19 0.89434
64976 -5.87 72.94 1.63e-19 0.89728
64973 -14.88 71.70 1.64e-19 0.91574
64970 -22.64 70.09 1.63e-19 0.92809
65450 -128.42 79.90 1.24e-19 0.90987
65453 -144.45 81.43 1.27e-19 0.91346
65162 15.00 83.00 1.64e-19 0.91574
63203 -31.27 65.14 1.51e-19 0.93419
65279 -71.91 77.98 1.46e-19 0.93166
65285 -66.36 83.93 1.55e-19 0.93486
65282 -69.91 80.96 1.52e-19 0.93431
65471 135.01 72.61 1.06e-19 0.88134
65468 140.04 75.29 1.13e-19 0.89427
65474 131.49 69.80 9.63e-20 0.86423
65477 -118.54 73.33 1.00e-19 0.87131
62993 15.00 -90.00 -3.62e-20 -0.03623
64940 54.30 65.88 1.58e-19 0.93445
65099 -1.81 79.57 1.63e-19 0.90221
65105 31.81 79.57 1.63e-19 0.90221
65102 15.00 80.00 1.63e-19 0.89729
64688 60.98 50.85 1.00e-19 0.87127
65405 -115.34 82.12 1.37e-19 0.92411
65402 -105.13 79.58 1.32e-19 0.91939
65399 -99.24 76.82 1.26e-19 0.91191
63269 -6.11 50.90 1.25e-19 0.91027
63275 -4.48 49.24 1.18e-19 0.90161
64037 20.50 76.00 1.56e-19 0.86801
64034 20.50 78.00 1.60e-19 0.88350
64028 20.50 82.00 1.64e-19 0.91067
64031 20.50 80.00 1.63e-19 0.89814
64916 -10.90 69.01 1.64e-19 0.91820
64793 -11.53 62.26 1.58e-19 0.93432
64790 -17.07 60.82 1.52e-19 0.93427
64910 -24.30 65.88 1.58e-19 0.93445
64913 -18.05 67.59 1.62e-19 0.92923
64796 -5.47 63.42 1.62e-19 0.93029
65144 -55.70 70.89 1.43e-19 0.92958
64430 42.12 55.41 1.38e-19 0.92579
64433 46.66 53.94 1.29e-19 0.91580
64349 20.35 55.86 1.50e-19 0.93365
64352 25.62 55.44 1.47e-19 0.93244
64355 30.72 54.74 1.43e-19 0.92945
63383 65.50 62.76 1.41e-19 0.92795
63113 -138.30 76.00 1.04e-19 0.87831
64436 50.85 52.27 1.18e-19 0.90097
64334 -5.61 53.80 1.37e-19 0.92435
65504 -141.78 74.62 9.63e-20 0.86408
64331 -10.23 52.61 1.29e-19 0.91565
64328 -14.55 51.21 1.19e-19 0.90320
64169 15.00 41.00 8.52e-20 0.84099
64172 18.97 40.88 8.43e-20 0.83909
64175 6.71 43.52 9.63e-20 0.86440
64337 -0.72 54.74 1.43e-19 0.92945
64814 35.47 63.42 1.62e-19 0.93029
65147 -51.53 73.61 1.52e-19 0.93435
65249 96.90 68.78 1.26e-19 0.91193
64085 20.50 46.00 1.09e-19 0.88717
65336 -84.03 71.77 1.19e-19 0.90325
65252 98.64 65.84 1.13e-19 0.89422
65255 100.10 62.89 1.00e-19 0.87124
65330 -83.40 65.72 9.63e-20 0.86420
65333 -83.60 68.75 1.08e-19 0.88614
64418 20.81 58.85 1.58e-19 0.93449
64133 -154.30 79.50 1.17e-19 0.89994
65186 91.49 65.27 1.20e-19 0.90360
64136 -154.30 78.50 1.12e-19 0.89279
65183 88.92 68.10 1.32e-19 0.91933
65180 85.70 70.89 1.43e-19 0.92958
65192 95.42 59.53 9.20e-20 0.85563
65414 164.13 84.15 1.39e-19 0.92668
65432 121.61 68.04 9.76e-20 0.86677
65435 120.51 65.03 8.60e-20 0.84275
63263 -7.85 52.53 1.30e-19 0.91730
65429 123.21 71.02 1.08e-19 0.88623
65408 -134.13 84.15 1.39e-19 0.92668
63317 110.50 70.00 1.16e-19 0.89856
63311 115.98 69.92 1.11e-19 0.88992
65009 76.59 58.92 1.14e-19 0.89544
65015 -48.69 63.02 1.27e-19 0.91347
65012 -51.77 60.39 1.13e-19 0.89409
65528 -165.00 70.00 7.09e-20 0.80611
65531 -165.00 67.00 5.76e-20 0.76686
63413 52.73 55.69 1.30e-19 0.91700
64955 -46.59 58.92 1.14e-19 0.89544
64949 68.43 59.57 1.27e-19 0.91327
65111 57.58 76.63 1.64e-19 0.92408
65168 55.98 80.83 1.64e-19 0.92407
65108 46.27 78.38 1.64e-19 0.91309
65114 66.13 74.51 1.61e-19 0.93185
65117 72.61 72.15 1.55e-19 0.93485
64862 -0.65 67.20 1.64e-19 0.91309
64835 64.18 53.14 1.06e-19 0.88248
65456 -165.00 82.00 1.28e-19 0.91449
64469 -9.17 59.48 1.53e-19 0.93467
64475 2.41 61.35 1.61e-19 0.93186
64472 -3.56 60.56 1.58e-19 0.93431
65513 -177.19 75.64 9.89e-20 0.86915
65510 -165.00 76.00 9.98e-20 0.87098
65516 171.78 74.62 9.63e-20 0.86408
64451 -34.20 48.66 8.62e-20 0.84323
64454 -30.98 50.85 1.00e-19 0.87127
63905 -159.50 78.00 1.10e-19 0.88827
64289 24.88 52.47 1.37e-19 0.92416
64295 34.25 50.90 1.26e-19 0.91175
64292 29.66 51.81 1.32e-19 0.91941
64883 50.33 63.41 1.55e-19 0.93484
64880 44.43 64.97 1.61e-19 0.93188
65498 156.21 75.54 1.06e-19 0.88234
63584 -159.50 72.00 8.05e-20 0.83034
64886 55.56 61.63 1.47e-19 0.93245
64406 -2.00 57.66 1.52e-19 0.93432
65378 113.40 65.72 9.63e-20 0.86420
64403 -7.23 56.66 1.46e-19 0.93170
64400 -12.12 55.41 1.38e-19 0.92579
64223 -3.10 47.99 1.13e-19 0.89437
64220 -7.26 46.89 1.06e-19 0.88121
64118 -154.30 82.50 1.31e-19 0.91750
64121 -154.30 81.50 1.26e-19 0.91231
64226 1.25 48.86 1.20e-19 0.90375
64124 -154.30 80.50 1.22e-19 0.90645
63161 -58.62 69.66 1.37e-19 0.92440
