65006 73.24 61.42 1.65e-19 1.18095
65000 64.69 66.09 1.95e-19 1.20938
65003 69.32 63.82 1.82e-19 1.20023
63197 -35.09 66.19 1.95e-19 1.20932
64142 -154.30 75.50 1.25e-19 1.10889
63191 -39.22 67.15 1.93e-19 1.20871
65213 -57.99 77.44 1.98e-19 1.21020
65210 -61.92 74.59 1.89e-19 1.20643
65294 86.94 86.84 2.04e-19 1.20900
65291 15.00 89.00 2.05e-19 1.20840
65288 -56.94 86.84 2.04e-19 1.20900
65075 -57.47 61.57 1.42e-19 1.14323
62987 15.00 -74.00 2.01e-20 0.02012
65072 81.77 60.39 1.46e-19 1.14974
65486 -149.69 78.56 1.46e-19 1.14967
65069 78.69 63.02 1.64e-19 1.17941
65420 135.13 79.58 1.71e-19 1.18840
62981 15.00 -90.00 9.10e-20 0.09096
65483 -136.50 77.35 1.42e-19 1.14336
65156 -25.98 80.83 2.11e-19 1.19005
65426 125.59 73.95 1.52e-19 1.16036
65480 -126.21 75.54 1.36e-19 1.13162
63281 -2.95 47.55 1.43e-19 1.14516
63287 -1.51 45.84 1.33e-19 1.12640
65150 -45.89 76.23 2.04e-19 1.20854
65390 -91.61 68.04 1.25e-19 1.10759
63227 -18.77 60.10 1.92e-19 1.20835
65393 -93.21 71.02 1.39e-19 1.13759
65396 -95.59 73.95 1.52e-19 1.16036
63221 -21.51 61.46 1.94e-19 1.20922
63443 45.48 49.24 1.41e-19 1.14068
64046 20.50 70.00 2.04e-19 1.12387
64082 20.50 48.00 1.53e-19 1.16161
64043 20.50 72.00 1.98e-19 1.09847
64040 20.50 74.00 1.94e-19 1.08214
64781 -30.59 55.29 1.54e-19 1.16430
64778 -34.18 53.14 1.36e-19 1.13180
64784 -26.57 57.31 1.71e-19 1.18837
64079 20.50 50.00 1.65e-19 1.18006
64787 -22.08 59.16 1.85e-19 1.20329
64919 -2.88 70.09 2.09e-19 1.15307
64925 15.00 71.00 2.00e-19 1.10496
64922 5.86 70.77 2.03e-19 1.12254
64439 54.68 50.43 1.35e-19 1.13006
64445 61.37 46.31 1.00e-19 1.04607
64442 58.18 48.44 1.18e-19 1.09203
63119 -95.35 67.98 1.20e-19 1.09623
63125 -90.61 68.69 1.30e-19 1.11835
63377 68.74 63.99 1.83e-19 1.20158
64544 53.49 54.84 1.62e-19 1.17692
64187 23.29 43.52 1.23e-19 1.10389
64325 -18.58 49.61 1.39e-19 1.13736
63776 -159.50 74.00 1.15e-19 1.08470
64181 15.00 44.00 1.28e-19 1.11408
64178 10.84 43.88 1.26e-19 1.11158
64184 19.16 43.88 1.26e-19 1.11158
64013 -159.50 88.00 1.95e-19 1.20946
64250 37.26 46.89 1.35e-19 1.12989
64253 41.20 45.58 1.23e-19 1.10352
64073 20.50 54.00 1.86e-19 1.20399
64070 20.50 56.00 1.94e-19 1.20926
65246 94.74 71.70 1.77e-19 1.19575
65492 179.69 78.56 1.46e-19 1.14967
65243 91.92 74.59 1.89e-19 1.20643
65495 166.50 77.35 1.42e-19 1.14336
64076 20.50 52.00 1.76e-19 1.19422
65240 87.99 77.44 1.98e-19 1.21020
64208 23.74 46.51 1.42e-19 1.14342
64457 -27.42 52.92 1.46e-19 1.15004
65177 81.53 73.61 1.96e-19 1.20991
64166 11.03 40.88 1.07e-19 1.06487
64163 15.00 38.00 8.93e-20 1.01417
65171 67.87 78.68 2.09e-19 1.20102
64094 20.50 40.00 1.01e-19 1.04895
65174 75.89 76.23 2.04e-19 1.20854
64160 15.00 35.00 7.17e-20 0.95424
65387 -90.51 65.03 1.09e-19 1.07054
63257 -9.72 54.13 1.75e-19 1.19361
65297 96.36 83.93 2.01e-19 1.21005
63251 -11.73 55.69 1.81e-19 1.19971
65381 113.36 62.69 1.06e-19 1.06275
65384 113.42 59.64 8.93e-20 1.01433
65357 139.00 86.38 1.94e-19 1.20903
65348 -94.24 83.64 1.91e-19 1.20737
65351 -109.00 86.38 1.94e-19 1.20903
64091 20.50 42.00 1.14e-19 1.08248
65354 -165.00 88.00 1.95e-19 1.20945
63179 -48.39 68.69 1.87e-19 1.20492
63185 -43.65 67.98 1.90e-19 1.20726
63323 105.02 69.92 1.56e-19 1.16810
65342 -86.22 77.76 1.77e-19 1.19564
65345 -88.82 80.73 1.85e-19 1.20344
65339 -84.82 74.77 1.67e-19 1.18274
65045 15.00 77.00 2.00e-19 1.10496
65042 1.88 76.67 2.03e-19 1.12258
65039 -10.07 75.72 2.09e-19 1.15305
63407 54.89 57.20 1.73e-19 1.19048
65423 129.24 76.82 1.62e-19 1.17705
64823 52.08 59.16 1.85e-19 1.20329
65489 -165.00 79.00 1.47e-19 1.15207
64820 47.07 60.82 1.96e-19 1.20980
64967 -29.19 68.20 2.05e-19 1.20836
64964 -34.69 66.09 1.95e-19 1.20938
63401 57.23 58.68 1.76e-19 1.19512
63095 40.40 47.00 1.33e-19 1.12492
64961 -39.32 63.82 1.82e-19 1.20023
64958 -43.24 61.42 1.65e-19 1.18095
64826 56.57 57.31 1.71e-19 1.18837
65063 70.62 68.01 1.94e-19 1.20903
65126 84.80 64.32 1.60e-19 1.17401
65060 65.21 70.32 2.04e-19 1.20902
65123 81.58 67.01 1.77e-19 1.19535
65066 75.03 65.56 1.80e-19 1.19903
65120 77.61 69.63 1.91e-19 1.20738
64592 57.42 52.92 1.46e-19 1.15004
64499 49.14 56.59 1.77e-19 1.19560
65519 -154.87 72.69 1.07e-19 1.06462
65522 -165.00 73.00 1.08e-19 1.06781
65525 -175.13 72.69 1.07e-19 1.06462
63293 -0.15 44.10 1.23e-19 1.10437
64055 20.50 64.00 2.11e-19 1.18535
64052 20.50 66.00 2.11e-19 1.16854
64466 -14.37 58.15 1.89e-19 1.20646
64049 20.50 68.00 2.08e-19 1.14785
64463 -19.14 56.59 1.77e-19 1.19560
64460 -23.49 54.84 1.62e-19 1.17692
64889 60.17 59.65 1.77e-19 1.19542
64895 67.82 55.26 1.42e-19 1.14308
64892 64.24 57.52 1.60e-19 1.17388
65225 -22.03 85.01 2.10e-19 1.19911
64376 58.87 43.83 8.93e-20 1.01435
64004 -159.50 82.00 1.65e-19 1.18119
64370 52.30 47.83 1.23e-19 1.10340
64007 -159.50 84.00 1.76e-19 1.19505
64373 55.72 45.90 1.06e-19 1.06247
64229 5.74 49.49 1.60e-19 1.17397
64235 15.00 50.00 1.65e-19 1.18099
64232 10.34 49.87 1.64e-19 1.17920
64109 -154.30 85.50 1.84e-19 1.20275
64115 -154.30 83.50 1.74e-19 1.19237
64112 -154.30 84.50 1.79e-19 1.19811
63809 -159.50 76.00 1.28e-19 1.11458
64283 15.00 53.00 1.82e-19 1.20025
64280 10.03 52.87 1.80e-19 1.19925
64286 19.97 52.87 1.80e-19 1.19925
65312 105.25 69.00 1.52e-19 1.16031
65315 106.03 66.00 1.35e-19 1.13019
65309 104.36 72.00 1.67e-19 1.18282
65306 103.29 74.99 1.79e-19 1.19783
65198 -70.10 62.89 1.28e-19 1.11451
65201 -68.64 65.84 1.46e-19 1.14994
65204 -66.90 68.78 1.62e-19 1.17708
65207 -64.74 71.70 1.77e-19 1.19575
65300 99.91 80.96 1.96e-19 1.20986
65303 101.91 77.98 1.89e-19 1.20644
65078 -54.80 64.32 1.60e-19 1.17401
65081 -51.58 67.01 1.77e-19 1.19535
65411 -165.00 85.00 1.82e-19 1.20025
65084 -47.61 69.63 1.91e-19 1.20738
65087 -42.61 72.15 2.01e-19 1.21004
64859 -7.85 66.25 2.11e-19 1.19006
64865 7.04 67.80 2.09e-19 1.15303
65417 145.34 82.12 1.77e-19 1.19547
63329 99.62 69.66 1.63e-19 1.17717
63335 94.39 69.25 1.68e-19 1.18469
63449 43.95 47.55 1.32e-19 1.12361
63455 42.51 45.84 1.23e-19 1.10421
64994 52.64 70.09 2.10e-19 1.19708
64988 35.87 72.94 2.08e-19 1.14485
64991 44.88 71.70 2.11e-19 1.17578
63215 -24.50 62.76 1.96e-19 1.20961
65153 -37.87 78.68 2.09e-19 1.20102
64997 59.19 68.20 2.05e-19 1.20836
63209 -27.74 63.99 1.96e-19 1.20980
64934 40.90 69.01 2.11e-19 1.17997
64016 14.04 90.00 2.02e-19 1.20989
64931 32.88 70.09 2.09e-19 1.15307
63431 48.85 52.53 1.56e-19 1.16714
64928 24.14 70.77 2.03e-19 1.12254
64010 -159.50 86.00 1.86e-19 1.20450
63473 -159.50 70.00 8.95e-20 1.01497
64937 48.05 67.59 2.10e-19 1.19909
63437 47.11 50.90 1.49e-19 1.15509
65132 -65.42 59.53 1.17e-19 1.09039
65135 -63.62 62.41 1.36e-19 1.13147
65129 87.47 61.57 1.42e-19 1.14323
64772 64.20 48.66 1.09e-19 1.07127
64775 -37.39 50.87 1.17e-19 1.09077
64415 15.00 59.00 2.05e-19 1.20840
64412 9.19 58.85 2.04e-19 1.20900
64409 3.49 58.40 2.01e-19 1.21008
63137 -80.38 69.66 1.48e-19 1.15378
63131 -85.61 69.25 1.39e-19 1.13730
64316 -22.30 47.83 1.23e-19 1.10340
64313 -25.72 45.90 1.06e-19 1.06247
64310 -28.87 43.83 8.93e-20 1.01435
63155 -64.02 69.92 1.71e-19 1.18896
63149 -69.50 70.00 1.64e-19 1.17959
64259 -20.22 45.15 1.09e-19 1.07057
64265 -12.75 48.42 1.39e-19 1.13733
64262 -16.62 46.88 1.25e-19 1.10779
65327 -83.36 62.69 1.06e-19 1.06275
57281 15.00 -74.00 2.01e-20 0.02012
64100 -154.30 88.50 1.97e-19 1.21001
64103 -154.30 87.50 1.93e-19 1.20870
65237 82.04 80.22 2.04e-19 1.20856
65234 71.87 82.83 2.08e-19 1.20386
64106 -154.30 86.50 1.89e-19 1.20628
65231 52.03 85.01 2.10e-19 1.19911
65228 15.00 86.00 2.10e-19 1.19710
65267 -76.03 66.00 1.35e-19 1.13019
64088 20.50 44.00 1.27e-19 1.11260
64193 2.01 45.89 1.36e-19 1.13144
64190 -2.11 45.05 1.28e-19 1.11480
64157 -154.30 77.50 1.38e-19 1.13574
64154 -154.30 71.50 9.95e-20 1.04459
64151 -154.30 72.50 1.06e-19 1.06191
64148 -154.30 73.50 1.12e-19 1.07842
64196 6.26 46.51 1.42e-19 1.14342
64982 15.00 74.00 1.88e-19 1.05688
64985 25.77 73.73 2.00e-19 1.10498
65369 114.82 74.77 1.67e-19 1.18274
64979 4.23 73.73 2.00e-19 1.10498
65375 113.60 68.75 1.39e-19 1.13746
65372 114.03 71.77 1.54e-19 1.16379
65366 116.22 77.76 1.77e-19 1.19564
65360 124.24 83.64 1.91e-19 1.20737
65363 118.82 80.73 1.85e-19 1.20344
65459 174.45 81.43 1.64e-19 1.17940
65462 158.42 79.90 1.60e-19 1.17393
65465 147.41 77.77 1.54e-19 1.16449
63173 -53.39 69.25 1.83e-19 1.20121
65036 -20.23 74.26 2.11e-19 1.17997
65270 -75.25 69.00 1.52e-19 1.16031
65273 -74.36 72.00 1.67e-19 1.18282
64952 71.94 57.20 1.46e-19 1.14982
65276 -73.29 74.99 1.79e-19 1.19783
65030 -35.21 70.32 2.04e-19 1.20902
65033 -28.52 72.43 2.10e-19 1.19911
64808 22.07 64.82 2.11e-19 1.17997
64811 28.94 64.29 2.11e-19 1.19006
65501 148.54 73.33 1.28e-19 1.11461
63353 80.22 67.15 1.79e-19 1.19802
64817 41.53 62.26 2.04e-19 1.20861
63389 62.51 61.46 1.81e-19 1.20008
63395 59.77 60.10 1.79e-19 1.19811
65507 -152.81 75.64 1.26e-19 1.11129
65054 50.23 74.26 2.11e-19 1.17997
65096 -16.27 78.38 2.11e-19 1.17128
65051 40.07 75.72 2.09e-19 1.15305
65048 28.12 76.67 2.03e-19 1.12258
65090 -36.13 74.51 2.08e-19 1.20385
65093 -27.58 76.63 2.11e-19 1.19005
65057 58.52 72.43 2.10e-19 1.19911
64496 44.37 58.15 1.89e-19 1.20646
64490 33.56 60.56 2.04e-19 1.20860
64493 39.17 59.48 1.98e-19 1.21019
63305 121.38 69.66 1.34e-19 1.12704
63299 126.61 69.25 1.25e-19 1.10901
64058 20.50 62.00 2.10e-19 1.19797
64061 20.50 60.00 2.07e-19 1.20623
64067 20.50 58.00 2.01e-19 1.21001
64802 7.93 64.82 2.11e-19 1.17997
64805 15.00 65.00 2.11e-19 1.17578
64799 1.06 64.29 2.11e-19 1.19006
64907 -29.72 63.95 1.94e-19 1.20907
64904 -34.39 61.83 1.80e-19 1.19904
64898 -41.94 57.20 1.46e-19 1.14982
64901 -38.43 59.57 1.64e-19 1.17915
64829 60.59 55.29 1.54e-19 1.16430
64379 -31.37 46.31 1.00e-19 1.04607
64367 48.58 49.61 1.39e-19 1.13736
64364 44.55 51.21 1.54e-19 1.16372
64361 40.23 52.61 1.67e-19 1.18275
64358 35.61 53.80 1.77e-19 1.19582
63371 72.27 65.14 1.83e-19 1.20119
63101 -146.50 74.10 1.18e-19 1.09232
63107 41.70 76.00 2.09e-19 1.15753
63968 -159.50 80.00 1.53e-19 1.16304
64343 9.65 55.86 1.94e-19 1.20909
63365 76.09 66.19 1.81e-19 1.19989
64247 33.10 47.99 1.46e-19 1.15014
64340 4.38 55.44 1.91e-19 1.20750
64244 28.75 48.86 1.54e-19 1.16455
64238 19.66 49.87 1.64e-19 1.17920
64346 15.00 56.00 1.95e-19 1.20945
64241 24.26 49.49 1.60e-19 1.17397
64268 -8.62 49.77 1.52e-19 1.16035
64271 -4.25 50.90 1.62e-19 1.17684
64274 0.34 51.81 1.71e-19 1.18842
64277 5.12 52.47 1.77e-19 1.19554
65264 -76.74 62.99 1.18e-19 1.09201
65261 -77.40 59.97 1.00e-19 1.04606
65258 101.35 59.93 1.09e-19 1.07125
65324 -83.42 59.64 8.93e-20 1.01433
65321 107.40 59.97 1.00e-19 1.04606
65318 106.74 62.99 1.18e-19 1.09201
64145 -154.30 74.50 1.19e-19 1.09409
65189 93.62 62.41 1.36e-19 1.13147
65195 -71.35 59.93 1.09e-19 1.07125
64139 -154.30 76.50 1.32e-19 1.12278
65441 -105.01 72.61 1.35e-19 1.13007
65438 -101.49 69.80 1.23e-19 1.10367
65444 -110.04 75.29 1.46e-19 1.15001
65447 -117.41 77.77 1.54e-19 1.16449
63341 89.39 68.69 1.73e-19 1.19056
63347 84.65 67.98 1.76e-19 1.19485
65018 -45.03 65.56 1.80e-19 1.19903
65027 -40.62 68.01 1.94e-19 1.20903
65159 -8.31 82.40 2.11e-19 1.17997
63239 -16.23 58.68 1.89e-19 1.20676
63245 -13.89 57.20 1.86e-19 1.20376
65165 38.31 82.40 2.11e-19 1.17997
63419 50.72 54.13 1.62e-19 1.17704
64943 59.72 63.95 1.94e-19 1.20907
64946 64.39 61.83 1.80e-19 1.19904
64847 -30.17 59.65 1.77e-19 1.19542
65141 -58.92 68.10 1.71e-19 1.18831
65138 -61.49 65.27 1.54e-19 1.16435
64838 67.39 50.87 1.17e-19 1.09077
64841 -37.82 55.26 1.42e-19 1.14308
64844 -34.24 57.52 1.60e-19 1.17388
64478 8.63 61.84 2.10e-19 1.19912
64481 15.00 62.00 2.10e-19 1.19710
64484 21.37 61.84 2.10e-19 1.19912
64487 27.59 61.35 2.08e-19 1.20386
64421 26.51 58.40 2.01e-19 1.21008
64424 32.00 57.66 1.96e-19 1.20987
64853 -20.33 63.41 2.01e-19 1.21003
64850 -25.56 61.63 1.91e-19 1.20752
64856 -14.43 64.97 2.08e-19 1.20388
63143 -74.98 69.92 1.57e-19 1.16819
64307 50.22 45.15 1.09e-19 1.07057
64298 38.62 49.77 1.52e-19 1.16035
64301 42.75 48.42 1.39e-19 1.13733
64304 46.62 46.88 1.25e-19 1.10779
64874 30.65 67.20 2.11e-19 1.17130
64868 15.00 68.00 2.08e-19 1.14486
64871 22.96 67.80 2.09e-19 1.15303
64877 37.85 66.25 2.11e-19 1.19006
64022 20.50 86.00 2.10e-19 1.19723
64025 20.50 84.00 2.11e-19 1.18431
64397 -16.66 53.94 1.67e-19 1.18295
64019 20.50 88.00 2.07e-19 1.20580
64394 -20.85 52.27 1.52e-19 1.16031
64388 -28.18 48.44 1.18e-19 1.09203
64391 -24.68 50.43 1.35e-19 1.13006
64214 32.11 45.05 1.28e-19 1.11480
64097 -154.30 89.50 2.00e-19 1.21021
64211 27.99 45.89 1.36e-19 1.13144
65219 -52.04 80.22 2.04e-19 1.20856
64217 -11.20 45.58 1.23e-19 1.10352
65222 -41.87 82.83 2.08e-19 1.20386
64427 37.23 56.66 1.89e-19 1.20650
64199 10.61 46.88 1.46e-19 1.15009
64202 15.00 47.00 1.47e-19 1.15207
64205 19.39 46.88 1.46e-19 1.15009
64976 -5.87 72.94 2.08e-19 1.14485
64973 -14.88 71.70 2.11e-19 1.17578
64970 -22.64 70.09 2.10e-19 1.19708
65450 -128.42 79.90 1.60e-19 1.17393
65453 -144.45 81.43 1.64e-19 1.17940
65162 15.00 83.00 2.11e-19 1.17578
63203 -31.27 65.14 1.96e-19 1.20974
65279 -71.91 77.98 1.89e-19 1.20644
65285 -66.36 83.93 2.01e-19 1.21005
65282 -69.91 80.96 1.96e-19 1.20986
65471 135.01 72.61 1.35e-19 1.13007
65468 140.04 75.29 1.46e-19 1.15001
65474 131.49 69.80 1.23e-19 1.10367
65477 -118.54 73.33 1.28e-19 1.11461
62993 15.00 -90.00 9.10e-20 0.09096
64940 54.30 65.88 2.04e-19 1.20896
65099 -1.81 79.57 2.09e-19 1.15304
65105 31.81 79.57 2.09e-19 1.15304
65102 15.00 80.00 2.08e-19 1.14486
64688 60.98 50.85 1.28e-19 1.11455
65405 -115.34 82.12 1.77e-19 1.19547
65402 -105.13 79.58 1.71e-19 1.18840
65399 -99.24 76.82 1.62e-19 1.17705
63269 -6.11 50.90 1.61e-19 1.17458
63275 -4.48 49.24 1.52e-19 1.16131
64037 20.50 76.00 1.98e-19 1.09678
64034 20.50 78.00 2.03e-19 1.12210
64028 20.50 82.00 2.11e-19 1.16722
64031 20.50 80.00 2.08e-19 1.14627
64916 -10.90 69.01 2.11e-19 1.17997
64793 -11.53 62.26 2.04e-19 1.20861
64790 -17.07 60.82 1.96e-19 1.20980
64910 -24.30 65.88 2.04e-19 1.20896
64913 -18.05 67.59 2.10e-19 1.19909
64796 -5.47 63.42 2.09e-19 1.20100
65144 -55.70 70.89 1.85e-19 1.20350
64430 42.12 55.41 1.79e-19 1.19796
64433 46.66 53.94 1.67e-19 1.18295
64349 20.35 55.86 1.94e-19 1.20909
64352 25.62 55.44 1.91e-19 1.20750
64355 30.72 54.74 1.85e-19 1.20333
63383 65.50 62.76 1.83e-19 1.20116
63113 -138.30 76.00 1.33e-19 1.12539
64436 50.85 52.27 1.52e-19 1.16031
64334 -5.61 53.80 1.77e-19 1.19582
65504 -141.78 74.62 1.23e-19 1.10347
64331 -10.23 52.61 1.67e-19 1.18275
64328 -14.55 51.21 1.54e-19 1.16372
64169 15.00 41.00 1.08e-19 1.06781
64172 18.97 40.88 1.07e-19 1.06487
64175 6.71 43.52 1.23e-19 1.10389
64337 -0.72 54.74 1.85e-19 1.20333
64814 35.47 63.42 2.09e-19 1.20100
65147 -51.53 73.61 1.96e-19 1.20991
65249 96.90 68.78 1.62e-19 1.17708
64085 20.50 46.00 1.40e-19 1.13906
65336 -84.03 71.77 1.54e-19 1.16379
65252 98.64 65.84 1.46e-19 1.14994
65255 100.10 62.89 1.28e-19 1.11451
65330 -83.40 65.72 1.23e-19 1.10363
65333 -83.60 68.75 1.39e-19 1.13746
64418 20.81 58.85 2.04e-19 1.20900
64133 -154.30 79.50 1.51e-19 1.15873
65186 91.49 65.27 1.54e-19 1.16435
64136 -154.30 78.50 1.45e-19 1.14773
65183 88.92 68.10 1.71e-19 1.18831
65180 85.70 70.89 1.85e-19 1.20350
65192 95.42 59.53 1.17e-19 1.09039
65414 164.13 84.15 1.80e-19 1.19926
65432 121.61 68.04 1.25e-19 1.10759
65435 120.51 65.03 1.09e-19 1.07054
63263 -7.85 52.53 1.68e-19 1.18525
65429 123.21 71.02 1.39e-19 1.13759
65408 -134.13 84.15 1.80e-19 1.19926
63317 110.50 70.00 1.50e-19 1.15660
63311 115.98 69.92 1.42e-19 1.14327
65009 76.59 58.92 1.47e-19 1.15184
65015 -48.69 63.02 1.64e-19 1.17941
65012 -51.77 60.39 1.46e-19 1.14974
65528 -165.00 70.00 8.93e-20 1.01417
65531 -165.00 67.00 7.17e-20 0.95424
63413 52.73 55.69 1.68e-19 1.18478
64955 -46.59 58.92 1.47e-19 1.15184
64949 68.43 59.57 1.64e-19 1.17915
65111 57.58 76.63 2.11e-19 1.19005
65168 55.98 80.83 2.11e-19 1.19005
65108 46.27 78.38 2.11e-19 1.17128
65114 66.13 74.51 2.08e-19 1.20385
65117 72.61 72.15 2.01e-19 1.21004
64862 -0.65 67.20 2.11e-19 1.17130
64835 64.18 53.14 1.36e-19 1.13180
65456 -165.00 82.00 1.65e-19 1.18099
64469 -9.17 59.48 1.98e-19 1.21019
64475 2.41 61.35 2.08e-19 1.20386
64472 -3.56 60.56 2.04e-19 1.20860
65513 -177.19 75.64 1.26e-19 1.11129
65510 -165.00 76.00 1.28e-19 1.11408
65516 171.78 74.62 1.23e-19 1.10347
64451 -34.20 48.66 1.09e-19 1.07127
64454 -30.98 50.85 1.28e-19 1.11455
63905 -159.50 78.00 1.41e-19 1.14077
64289 24.88 52.47 1.77e-19 1.19554
64295 34.25 50.90 1.62e-19 1.17684
64292 29.66 51.81 1.71e-19 1.18842
64883 50.33 63.41 2.01e-19 1.21003
64880 44.43 64.97 2.08e-19 1.20388
65498 156.21 75.54 1.36e-19 1.13162
63584 -159.50 72.00 1.02e-19 1.05140
64886 55.56 61.63 1.91e-19 1.20752
64406 -2.00 57.66 1.96e-19 1.20987
65378 113.40 65.72 1.23e-19 1.10363
64403 -7.23 56.66 1.89e-19 1.20650
64400 -12.12 55.41 1.79e-19 1.19796
64223 -3.10 47.99 1.46e-19 1.15014
64220 -7.26 46.89 1.35e-19 1.12989
64118 -154.30 82.50 1.69e-19 1.18555
64121 -154.30 81.50 1.63e-19 1.17766
64226 1.25 48.86 1.54e-19 1.16455
64124 -154.30 80.50 1.57e-19 1.16871
63161 -58.62 69.66 1.77e-19 1.19591
