65006 73.24 61.42 1.97e-19 1.40455
65000 64.69 66.09 2.28e-19 1.41269
65003 69.32 63.82 2.13e-19 1.41177
63197 -35.09 66.19 2.27e-19 1.41270
64142 -154.30 75.50 1.55e-19 1.36923
63191 -39.22 67.15 2.26e-19 1.41309
65213 -57.99 77.44 2.31e-19 1.41183
65210 -61.92 74.59 2.21e-19 1.41306
65294 86.94 86.84 2.37e-19 1.40838
65291 15.00 89.00 2.38e-19 1.40753
65288 -56.94 86.84 2.37e-19 1.40838
65075 -57.47 61.57 1.72e-19 1.38695
62987 15.00 -74.00 2.63e-21 0.00263
65072 81.77 60.39 1.76e-19 1.39007
65486 -149.69 78.56 1.76e-19 1.38999
65069 78.69 63.02 1.95e-19 1.40400
65420 135.13 79.58 2.02e-19 1.40765
62981 15.00 -90.00 8.54e-21 0.00854
65483 -136.50 77.35 1.72e-19 1.38709
65156 -25.98 80.83 2.47e-19 1.39007
65426 125.59 73.95 1.83e-19 1.39529
65480 -126.21 75.54 1.66e-19 1.38106
63281 -2.95 47.55 1.74e-19 1.38781
63287 -1.51 45.84 1.63e-19 1.37847
65150 -45.89 76.23 2.38e-19 1.40774
65390 -91.61 68.04 1.54e-19 1.36852
63227 -18.77 60.10 2.25e-19 1.41310
65393 -93.21 71.02 1.69e-19 1.38421
65396 -95.59 73.95 1.83e-19 1.39529
63221 -21.51 61.46 2.27e-19 1.41282
63443 45.48 49.24 1.71e-19 1.38560
64046 20.50 70.00 2.43e-19 1.33961
64082 20.50 48.00 1.83e-19 1.39586
64043 20.50 72.00 2.38e-19 1.32109
64040 20.50 74.00 2.35e-19 1.30926
64781 -30.59 55.29 1.85e-19 1.39706
64778 -34.18 53.14 1.66e-19 1.38126
64784 -26.57 57.31 2.02e-19 1.40762
64079 20.50 50.00 1.96e-19 1.40420
64787 -22.08 59.16 2.17e-19 1.41244
64919 -2.88 70.09 2.47e-19 1.36122
64925 15.00 71.00 2.39e-19 1.32581
64922 5.86 70.77 2.43e-19 1.33863
64439 54.68 50.43 1.65e-19 1.38029
64445 61.37 46.31 1.28e-19 1.33460
64442 58.18 48.44 1.47e-19 1.36029
63119 -95.35 67.98 1.49e-19 1.36244
63125 -90.61 68.69 1.59e-19 1.37433
63377 68.74 63.99 2.15e-19 1.41213
64544 53.49 54.84 1.94e-19 1.40278
64187 23.29 43.52 1.52e-19 1.36665
64325 -18.58 49.61 1.69e-19 1.38396
63776 -159.50 74.00 1.44e-19 1.35618
64181 15.00 44.00 1.57e-19 1.37197
64178 10.84 43.88 1.56e-19 1.37069
64184 19.16 43.88 1.56e-19 1.37069
64013 -159.50 88.00 2.28e-19 1.41276
64250 37.26 46.89 1.65e-19 1.38012
64253 41.20 45.58 1.52e-19 1.36626
64073 20.50 54.00 2.18e-19 1.41271
64070 20.50 56.00 2.27e-19 1.41285
65246 94.74 71.70 2.09e-19 1.41039
65492 179.69 78.56 1.76e-19 1.38999
65243 91.92 74.59 2.21e-19 1.41306
65495 166.50 77.35 1.72e-19 1.38709
64076 20.50 52.00 2.07e-19 1.40982
65240 87.99 77.44 2.31e-19 1.41183
64208 23.74 46.51 1.72e-19 1.38714
64457 -27.42 52.92 1.76e-19 1.39030
65177 81.53 73.61 2.29e-19 1.41244
64166 11.03 40.88 1.35e-19 1.34518
64163 15.00 38.00 1.16e-19 1.31614
65171 67.87 78.68 2.44e-19 1.39967
64094 20.50 40.00 1.29e-19 1.33623
65174 75.89 76.23 2.38e-19 1.40774
64160 15.00 35.00 9.62e-20 1.28013
65387 -90.51 65.03 1.38e-19 1.34829
63257 -9.72 54.13 2.07e-19 1.40966
65297 96.36 83.93 2.34e-19 1.41038
63251 -11.73 55.69 2.13e-19 1.41170
65381 113.36 62.69 1.34e-19 1.34411
65384 113.42 59.64 1.16e-19 1.31632
65357 139.00 86.38 2.27e-19 1.41291
65348 -94.24 83.64 2.23e-19 1.41307
65351 -109.00 86.38 2.27e-19 1.41291
64091 20.50 42.00 1.43e-19 1.35497
65354 -165.00 88.00 2.28e-19 1.41277
63179 -48.39 68.69 2.19e-19 1.41293
63185 -43.65 67.98 2.23e-19 1.41314
63323 105.02 69.92 1.87e-19 1.39897
65342 -86.22 77.76 2.09e-19 1.41027
65345 -88.82 80.73 2.17e-19 1.41259
65339 -84.82 74.77 1.98e-19 1.40530
65045 15.00 77.00 2.39e-19 1.32581
65042 1.88 76.67 2.43e-19 1.33866
65039 -10.07 75.72 2.47e-19 1.36120
63407 54.89 57.20 2.04e-19 1.40837
65423 129.24 76.82 1.94e-19 1.40291
64823 52.08 59.16 2.17e-19 1.41244
65489 -165.00 79.00 1.78e-19 1.39128
64820 47.07 60.82 2.29e-19 1.41232
64967 -29.19 68.20 2.38e-19 1.40749
64964 -34.69 66.09 2.28e-19 1.41269
63401 57.23 58.68 2.08e-19 1.41023
63095 40.40 47.00 1.63e-19 1.37763
64961 -39.32 63.82 2.13e-19 1.41177
64958 -43.24 61.42 1.97e-19 1.40455
64826 56.57 57.31 2.02e-19 1.40762
65063 70.62 68.01 2.27e-19 1.41291
65126 84.80 64.32 1.91e-19 1.40161
65060 65.21 70.32 2.37e-19 1.40841
65123 81.58 67.01 2.09e-19 1.41018
65066 75.03 65.56 2.12e-19 1.41136
65120 77.61 69.63 2.23e-19 1.41309
64592 57.42 52.92 1.76e-19 1.39030
64499 49.14 56.59 2.09e-19 1.41023
65519 -154.87 72.69 1.35e-19 1.34491
65522 -165.00 73.00 1.36e-19 1.34685
65525 -175.13 72.69 1.35e-19 1.34491
63293 -0.15 44.10 1.52e-19 1.36690
64055 20.50 64.00 2.47e-19 1.38621
64052 20.50 66.00 2.47e-19 1.37296
64466 -14.37 58.15 2.21e-19 1.41309
64049 20.50 68.00 2.46e-19 1.35731
64463 -19.14 56.59 2.09e-19 1.41023
64460 -23.49 54.84 1.94e-19 1.40278
64889 60.17 59.65 2.09e-19 1.41026
64895 67.82 55.26 1.72e-19 1.38679
64892 64.24 57.52 1.91e-19 1.40148
65225 -22.03 85.01 2.44e-19 1.39793
64376 58.87 43.83 1.16e-19 1.31633
64004 -159.50 82.00 1.97e-19 1.40468
64370 52.30 47.83 1.52e-19 1.36613
64007 -159.50 84.00 2.08e-19 1.41011
64373 55.72 45.90 1.34e-19 1.34381
64229 5.74 49.49 1.91e-19 1.40157
64235 15.00 50.00 1.97e-19 1.40459
64232 10.34 49.87 1.95e-19 1.40378
64109 -154.30 85.50 2.16e-19 1.41244
64115 -154.30 83.50 2.06e-19 1.40915
64112 -154.30 84.50 2.11e-19 1.41113
63809 -159.50 76.00 1.57e-19 1.37223
64283 15.00 53.00 2.13e-19 1.41178
64280 10.03 52.87 2.12e-19 1.41159
64286 19.97 52.87 2.12e-19 1.41159
65312 105.25 69.00 1.83e-19 1.39524
65315 106.03 66.00 1.65e-19 1.38043
65309 104.36 72.00 1.98e-19 1.40538
65306 103.29 74.99 2.11e-19 1.41100
65198 -70.10 62.89 1.57e-19 1.37210
65201 -68.64 65.84 1.76e-19 1.39020
65204 -66.90 68.78 1.94e-19 1.40294
65207 -64.74 71.70 2.09e-19 1.41039
65300 99.91 80.96 2.29e-19 1.41239
65303 101.91 77.98 2.21e-19 1.41306
65078 -54.80 64.32 1.91e-19 1.40161
65081 -51.58 67.01 2.09e-19 1.41018
65411 -165.00 85.00 2.13e-19 1.41178
65084 -47.61 69.63 2.23e-19 1.41309
65087 -42.61 72.15 2.34e-19 1.41037
64859 -7.85 66.25 2.47e-19 1.39010
64865 7.04 67.80 2.47e-19 1.36119
65417 145.34 82.12 2.09e-19 1.41031
63329 99.62 69.66 1.94e-19 1.40290
63335 94.39 69.25 1.99e-19 1.40614
63449 43.95 47.55 1.62e-19 1.37687
63455 42.51 45.84 1.52e-19 1.36682
64994 52.64 70.09 2.45e-19 1.39608
64988 35.87 72.94 2.46e-19 1.35508
64991 44.88 71.70 2.48e-19 1.37858
63215 -24.50 62.76 2.28e-19 1.41255
65153 -37.87 78.68 2.44e-19 1.39967
64997 59.19 68.20 2.38e-19 1.40749
63209 -27.74 63.99 2.29e-19 1.41251
64934 40.90 69.01 2.47e-19 1.38188
64016 14.04 90.00 2.35e-19 1.40997
64931 32.88 70.09 2.47e-19 1.36122
63431 48.85 52.53 1.87e-19 1.39840
64928 24.14 70.77 2.43e-19 1.33863
64010 -159.50 86.00 2.19e-19 1.41281
63473 -159.50 70.00 1.16e-19 1.31661
64937 48.05 67.59 2.44e-19 1.39789
63437 47.11 50.90 1.79e-19 1.39268
65132 -65.42 59.53 1.46e-19 1.35925
65135 -63.62 62.41 1.66e-19 1.38091
65129 87.47 61.57 1.72e-19 1.38695
64772 64.20 48.66 1.38e-19 1.34873
64775 -37.39 50.87 1.46e-19 1.35965
64415 15.00 59.00 2.38e-19 1.40753
64412 9.19 58.85 2.37e-19 1.40839
64409 3.49 58.40 2.34e-19 1.41041
63137 -80.38 69.66 1.79e-19 1.39200
63131 -85.61 69.25 1.69e-19 1.38391
64316 -22.30 47.83 1.52e-19 1.36613
64313 -25.72 45.90 1.34e-19 1.34381
64310 -28.87 43.83 1.16e-19 1.31633
63155 -64.02 69.92 2.03e-19 1.40793
63149 -69.50 70.00 1.95e-19 1.40400
64259 -20.22 45.15 1.38e-19 1.34832
64265 -12.75 48.42 1.69e-19 1.38393
64262 -16.62 46.88 1.54e-19 1.36873
65327 -83.36 62.69 1.34e-19 1.34411
57281 15.00 -74.00 2.63e-21 0.00263
64100 -154.30 88.50 2.30e-19 1.41230
64103 -154.30 87.50 2.26e-19 1.41302
65237 82.04 80.22 2.38e-19 1.40775
65234 71.87 82.83 2.42e-19 1.40243
64106 -154.30 86.50 2.21e-19 1.41307
65231 52.03 85.01 2.44e-19 1.39793
65228 15.00 86.00 2.45e-19 1.39611
65267 -76.03 66.00 1.65e-19 1.38043
64088 20.50 44.00 1.56e-19 1.37119
64193 2.01 45.89 1.66e-19 1.38087
64190 -2.11 45.05 1.58e-19 1.37240
64157 -154.30 77.50 1.68e-19 1.38317
64154 -154.30 71.50 1.27e-19 1.33374
64151 -154.30 72.50 1.34e-19 1.34355
64148 -154.30 73.50 1.41e-19 1.35273
64196 6.26 46.51 1.72e-19 1.38714
64982 15.00 74.00 2.29e-19 1.29100
64985 25.77 73.73 2.39e-19 1.32583
65369 114.82 74.77 1.98e-19 1.40530
64979 4.23 73.73 2.39e-19 1.32583
65375 113.60 68.75 1.69e-19 1.38407
65372 114.03 71.77 1.85e-19 1.39698
65366 116.22 77.76 2.09e-19 1.41027
65360 124.24 83.64 2.23e-19 1.41307
65363 118.82 80.73 2.17e-19 1.41259
65459 174.45 81.43 1.95e-19 1.40400
65462 158.42 79.90 1.91e-19 1.40153
65465 147.41 77.77 1.85e-19 1.39726
63173 -53.39 69.25 2.15e-19 1.41205
65036 -20.23 74.26 2.47e-19 1.38188
65270 -75.25 69.00 1.83e-19 1.39524
65273 -74.36 72.00 1.98e-19 1.40538
64952 71.94 57.20 1.76e-19 1.39015
65276 -73.29 74.99 2.11e-19 1.41100
65030 -35.21 70.32 2.37e-19 1.40841
65033 -28.52 72.43 2.44e-19 1.39792
64808 22.07 64.82 2.47e-19 1.38189
64811 28.94 64.29 2.47e-19 1.39009
65501 148.54 73.33 1.57e-19 1.37220
63353 80.22 67.15 2.11e-19 1.41117
64817 41.53 62.26 2.38e-19 1.40781
63389 62.51 61.46 2.13e-19 1.41170
63395 59.77 60.10 2.11e-19 1.41114
65507 -152.81 75.64 1.56e-19 1.37038
65054 50.23 74.26 2.47e-19 1.38188
65096 -16.27 78.38 2.48e-19 1.37508
65051 40.07 75.72 2.47e-19 1.36120
65048 28.12 76.67 2.43e-19 1.33866
65090 -36.13 74.51 2.42e-19 1.40241
65093 -27.58 76.63 2.47e-19 1.39007
65057 58.52 72.43 2.44e-19 1.39792
64496 44.37 58.15 2.21e-19 1.41309
64490 33.56 60.56 2.38e-19 1.40780
64493 39.17 59.48 2.31e-19 1.41182
63305 121.38 69.66 1.64e-19 1.37860
63299 126.61 69.25 1.55e-19 1.36925
64058 20.50 62.00 2.45e-19 1.39689
64061 20.50 60.00 2.41e-19 1.40492
64067 20.50 58.00 2.35e-19 1.41025
64802 7.93 64.82 2.47e-19 1.38189
64805 15.00 65.00 2.48e-19 1.37858
64799 1.06 64.29 2.47e-19 1.39009
64907 -29.72 63.95 2.27e-19 1.41295
64904 -34.39 61.83 2.12e-19 1.41138
64898 -41.94 57.20 1.76e-19 1.39015
64901 -38.43 59.57 1.95e-19 1.40373
64829 60.59 55.29 1.85e-19 1.39706
64379 -31.37 46.31 1.28e-19 1.33460
64367 48.58 49.61 1.69e-19 1.38396
64364 44.55 51.21 1.85e-19 1.39691
64361 40.23 52.61 1.98e-19 1.40530
64358 35.61 53.80 2.09e-19 1.41046
63371 72.27 65.14 2.15e-19 1.41205
63101 -146.50 74.10 1.47e-19 1.36034
63107 41.70 76.00 2.47e-19 1.36458
63968 -159.50 80.00 1.84e-19 1.39653
64343 9.65 55.86 2.27e-19 1.41298
63365 76.09 66.19 2.13e-19 1.41159
64247 33.10 47.99 1.76e-19 1.39040
64340 4.38 55.44 2.23e-19 1.41322
64244 28.75 48.86 1.85e-19 1.39732
64238 19.66 49.87 1.95e-19 1.40378
64346 15.00 56.00 2.28e-19 1.41277
64241 24.26 49.49 1.91e-19 1.40157
64268 -8.62 49.77 1.83e-19 1.39528
64271 -4.25 50.90 1.94e-19 1.40269
64274 0.34 51.81 2.02e-19 1.40767
64277 5.12 52.47 2.09e-19 1.41038
65264 -76.74 62.99 1.47e-19 1.36026
65261 -77.40 59.97 1.28e-19 1.33459
65258 101.35 59.93 1.38e-19 1.34871
65324 -83.42 59.64 1.16e-19 1.31632
65321 107.40 59.97 1.28e-19 1.33459
65318 106.74 62.99 1.47e-19 1.36026
64145 -154.30 74.50 1.48e-19 1.36130
65189 93.62 62.41 1.66e-19 1.38091
65195 -71.35 59.93 1.38e-19 1.34871
64139 -154.30 76.50 1.62e-19 1.37652
65441 -105.01 72.61 1.65e-19 1.38030
65438 -101.49 69.80 1.52e-19 1.36642
65444 -110.04 75.29 1.76e-19 1.39027
65447 -117.41 77.77 1.85e-19 1.39726
63341 89.39 68.69 2.04e-19 1.40852
63347 84.65 67.98 2.08e-19 1.41006
65018 -45.03 65.56 2.12e-19 1.41136
65027 -40.62 68.01 2.27e-19 1.41291
65159 -8.31 82.40 2.47e-19 1.38188
63239 -16.23 58.68 2.22e-19 1.41321
63245 -13.89 57.20 2.18e-19 1.41258
65165 38.31 82.40 2.47e-19 1.38188
63419 50.72 54.13 1.94e-19 1.40295
64943 59.72 63.95 2.27e-19 1.41295
64946 64.39 61.83 2.12e-19 1.41138
64847 -30.17 59.65 2.09e-19 1.41026
65141 -58.92 68.10 2.02e-19 1.40756
65138 -61.49 65.27 1.85e-19 1.39711
64838 67.39 50.87 1.46e-19 1.35965
64841 -37.82 55.26 1.72e-19 1.38679
64844 -34.24 57.52 1.91e-19 1.40148
64478 8.63 61.84 2.44e-19 1.39793
64481 15.00 62.00 2.45e-19 1.39611
64484 21.37 61.84 2.44e-19 1.39793
64487 27.59 61.35 2.42e-19 1.40243
64421 26.51 58.40 2.34e-19 1.41041
64424 32.00 57.66 2.29e-19 1.41240
64853 -20.33 63.41 2.34e-19 1.41036
64850 -25.56 61.63 2.23e-19 1.41323
64856 -14.43 64.97 2.42e-19 1.40246
63143 -74.98 69.92 1.87e-19 1.39901
64307 50.22 45.15 1.38e-19 1.34832
64298 38.62 49.77 1.83e-19 1.39528
64301 42.75 48.42 1.69e-19 1.38393
64304 46.62 46.88 1.54e-19 1.36873
64874 30.65 67.20 2.48e-19 1.37508
64868 15.00 68.00 2.46e-19 1.35509
64871 22.96 67.80 2.47e-19 1.36119
64877 37.85 66.25 2.47e-19 1.39010
64022 20.50 86.00 2.45e-19 1.39623
64025 20.50 84.00 2.47e-19 1.38536
64397 -16.66 53.94 1.98e-19 1.40552
64019 20.50 88.00 2.41e-19 1.40445
64394 -20.85 52.27 1.83e-19 1.39524
64388 -28.18 48.44 1.47e-19 1.36029
64391 -24.68 50.43 1.65e-19 1.38029
64214 32.11 45.05 1.58e-19 1.37240
64097 -154.30 89.50 2.33e-19 1.41091
64211 27.99 45.89 1.66e-19 1.38087
65219 -52.04 80.22 2.38e-19 1.40775
64217 -11.20 45.58 1.52e-19 1.36626
65222 -41.87 82.83 2.42e-19 1.40243
64427 37.23 56.66 2.21e-19 1.41313
64199 10.61 46.88 1.76e-19 1.39043
64202 15.00 47.00 1.78e-19 1.39128
64205 19.39 46.88 1.76e-19 1.39043
64976 -5.87 72.94 2.46e-19 1.35508
64973 -14.88 71.70 2.48e-19 1.37858
64970 -22.64 70.09 2.45e-19 1.39608
65450 -128.42 79.90 1.91e-19 1.40153
65453 -144.45 81.43 1.95e-19 1.40400
65162 15.00 83.00 2.48e-19 1.37858
63203 -31.27 65.14 2.29e-19 1.41259
65279 -71.91 77.98 2.21e-19 1.41306
65285 -66.36 83.93 2.34e-19 1.41038
65282 -69.91 80.96 2.29e-19 1.41239
65471 135.01 72.61 1.65e-19 1.38030
65468 140.04 75.29 1.76e-19 1.39027
65474 131.49 69.80 1.52e-19 1.36642
65477 -118.54 73.33 1.57e-19 1.37220
62993 15.00 -90.00 8.54e-21 0.00854
64940 54.30 65.88 2.37e-19 1.40834
65099 -1.81 79.57 2.47e-19 1.36120
65105 31.81 79.57 2.47e-19 1.36120
65102 15.00 80.00 2.46e-19 1.35509
64688 60.98 50.85 1.57e-19 1.37213
65405 -115.34 82.12 2.09e-19 1.41031
65402 -105.13 79.58 2.02e-19 1.40765
65399 -99.24 76.82 1.94e-19 1.40291
63269 -6.11 50.90 1.92e-19 1.40175
63275 -4.48 49.24 1.83e-19 1.39567
64037 20.50 76.00 2.38e-19 1.31987
64034 20.50 78.00 2.42e-19 1.33831
64028 20.50 82.00 2.47e-19 1.37195
64031 20.50 80.00 2.46e-19 1.35613
64916 -10.90 69.01 2.47e-19 1.38188
64793 -11.53 62.26 2.38e-19 1.40781
64790 -17.07 60.82 2.29e-19 1.41232
64910 -24.30 65.88 2.37e-19 1.40834
64913 -18.05 67.59 2.44e-19 1.39789
64796 -5.47 63.42 2.44e-19 1.39965
65144 -55.70 70.89 2.17e-19 1.41266
64430 42.12 55.41 2.11e-19 1.41115
64433 46.66 53.94 1.98e-19 1.40552
64349 20.35 55.86 2.27e-19 1.41298
64352 25.62 55.44 2.23e-19 1.41322
64355 30.72 54.74 2.17e-19 1.41248
63383 65.50 62.76 2.15e-19 1.41196
63113 -138.30 76.00 1.63e-19 1.37787
64436 50.85 52.27 1.83e-19 1.39524
64334 -5.61 53.80 2.09e-19 1.41046
65504 -141.78 74.62 1.52e-19 1.36621
64331 -10.23 52.61 1.98e-19 1.40530
64328 -14.55 51.21 1.85e-19 1.39691
64169 15.00 41.00 1.36e-19 1.34685
64172 18.97 40.88 1.35e-19 1.34518
64175 6.71 43.52 1.52e-19 1.36665
64337 -0.72 54.74 2.17e-19 1.41248
64814 35.47 63.42 2.44e-19 1.39965
65147 -51.53 73.61 2.29e-19 1.41244
65249 96.90 68.78 1.94e-19 1.40294
64085 20.50 46.00 1.70e-19 1.38484
65336 -84.03 71.77 1.85e-19 1.39698
65252 98.64 65.84 1.76e-19 1.39020
65255 100.10 62.89 1.57e-19 1.37210
65330 -83.40 65.72 1.52e-19 1.36637
65333 -83.60 68.75 1.69e-19 1.38407
64418 20.81 58.85 2.37e-19 1.40839
64133 -154.30 79.50 1.82e-19 1.39449
65186 91.49 65.27 1.85e-19 1.39711
64136 -154.30 78.50 1.75e-19 1.38916
65183 88.92 68.10 2.02e-19 1.40756
65180 85.70 70.89 2.17e-19 1.41266
65192 95.42 59.53 1.46e-19 1.35925
65414 164.13 84.15 2.12e-19 1.41161
65432 121.61 68.04 1.54e-19 1.36852
65435 120.51 65.03 1.38e-19 1.34829
63263 -7.85 52.53 2.00e-19 1.40633
65429 123.21 71.02 1.69e-19 1.38421
65408 -134.13 84.15 2.12e-19 1.41161
63317 110.50 70.00 1.80e-19 1.39347
63311 115.98 69.92 1.72e-19 1.38706
65009 76.59 58.92 1.77e-19 1.39104
65015 -48.69 63.02 1.95e-19 1.40400
65012 -51.77 60.39 1.76e-19 1.39007
65528 -165.00 70.00 1.16e-19 1.31614
65531 -165.00 67.00 9.62e-20 1.28013
63413 52.73 55.69 1.99e-19 1.40625
64955 -46.59 58.92 1.77e-19 1.39104
64949 68.43 59.57 1.95e-19 1.40373
65111 57.58 76.63 2.47e-19 1.39007
65168 55.98 80.83 2.47e-19 1.39007
65108 46.27 78.38 2.48e-19 1.37508
65114 66.13 74.51 2.42e-19 1.40241
65117 72.61 72.15 2.34e-19 1.41037
64862 -0.65 67.20 2.48e-19 1.37508
64835 64.18 53.14 1.66e-19 1.38126
65456 -165.00 82.00 1.97e-19 1.40459
64469 -9.17 59.48 2.31e-19 1.41182
64475 2.41 61.35 2.42e-19 1.40243
64472 -3.56 60.56 2.38e-19 1.40780
65513 -177.19 75.64 1.56e-19 1.37038
65510 -165.00 76.00 1.57e-19 1.37197
65516 171.78 74.62 1.52e-19 1.36621
64451 -34.20 48.66 1.38e-19 1.34873
64454 -30.98 50.85 1.57e-19 1.37213
63905 -159.50 78.00 1.71e-19 1.38570
64289 24.88 52.47 2.09e-19 1.41038
64295 34.25 50.90 1.94e-19 1.40269
64292 29.66 51.81 2.02e-19 1.40767
64883 50.33 63.41 2.34e-19 1.41036
64880 44.43 64.97 2.42e-19 1.40246
65498 156.21 75.54 1.66e-19 1.38106
63584 -159.50 72.00 1.30e-19 1.33762
64886 55.56 61.63 2.23e-19 1.41323
64406 -2.00 57.66 2.29e-19 1.41240
65378 113.40 65.72 1.52e-19 1.36637
64403 -7.23 56.66 2.21e-19 1.41313
64400 -12.12 55.41 2.11e-19 1.41115
64223 -3.10 47.99 1.76e-19 1.39040
64220 -7.26 46.89 1.65e-19 1.38012
64118 -154.30 82.50 2.00e-19 1.40650
64121 -154.30 81.50 1.94e-19 1.40316
64226 1.25 48.86 1.85e-19 1.39732
64124 -154.30 80.50 1.88e-19 1.39916
63161 -58.62 69.66 2.09e-19 1.41037
